{"labels": [["0_14.png", [0.9987730979919434, -0.03812079504132271, -0.031608376652002335, 0.07685261029502162, -0.03713655844330788, -0.9988242387771606, 0.031161945313215256, -0.07610756811695776, -0.032759130001068115, -0.029949886724352837, -0.9990144371986389, 2.697832706890137, 0.0, 0.0, 0.0, 1.0, 4.2647, 0.0, 0.5, 0.0, 4.2647, 0.5, 0.0, 0.0, 1.0]], ["0_18.png", [0.9996616244316101, 0.0038786588702350855, -0.025720903649926186, 0.06116497133050177, 0.0041565438732504845, -0.9999334812164307, 0.010759196244180202, -0.020906620251974335, -0.025677461177110672, -0.010862466879189014, -0.9996111989021301, 2.6992261408618172, 0.0, 0.0, 0.0, 1.0, 4.2647, 0.0, 0.5, 0.0, 4.2647, 0.5, 0.0, 0.0, 1.0]], ["0_9.png", [0.999643862247467, 0.022206634283065796, -0.01479774434119463, 0.035087893866656526, 0.022434266284108162, -0.9996296763420105, 0.015398544259369373, -0.0346389927915999, -0.0144503153860569, -0.015725038945674896, -0.9997718930244446, 2.69954977355158, 0.0, 0.0, 0.0, 1.0, 4.2647, 0.0, 0.5, 0.0, 4.2647, 0.5, 0.0, 0.0, 1.0]]]}