{"labels": [["4_5.png", [0.9160202741622925, -0.02819990925490856, 0.4001394510269165, -1.0214294221531202, 0.03846606984734535, -0.9867534637451172, -0.15760020911693573, 0.39538147059014944, 0.3992833197116852, 0.15975677967071533, -0.902801513671875, 2.467864548202335, 0.0, 0.0, 0.0, 1.0, 4.2647, 0.0, 0.5, 0.0, 4.2647, 0.5, 0.0, 0.0, 1.0]], ["2_0.png", [0.9942483305931091, -0.09831608086824417, -0.042474303394556046, 0.10469137710931457, -0.09881189465522766, -0.995058536529541, -0.009730770252645016, 0.027678337646093374, -0.0413077287375927, 0.013871770352125168, -0.9990501403808594, 2.697827575139691, 0.0, 0.0, 0.0, 1.0, 4.2647, 0.0, 0.5, 0.0, 4.2647, 0.5, 0.0, 0.0, 1.0]], ["0_15.png", [0.9991363286972046, -0.030419327318668365, -0.02830633521080017, 0.06864840935612956, -0.02780180610716343, -0.9956730604171753, 0.08866949379444122, -0.2191154554192809, -0.0308811217546463, -0.08780594915151596, -0.995658814907074, 2.6902185437412474, 0.0, 0.0, 0.0, 1.0, 4.2647, 0.0, 0.5, 0.0, 4.2647, 0.5, 0.0, 0.0, 1.0]]]}