{"labels": [["5_0.png", [0.8800867199897766, -0.08858752995729446, -0.4664757549762726, 1.1874419842108652, -0.08642158657312393, -0.9959171414375305, 0.026083555072546005, -0.06660498416087984, -0.4668818712234497, 0.017357785254716873, -0.8841493129730225, 2.4239524150070055, 0.0, 0.0, 0.0, 1.0, 4.2647, 0.0, 0.5, 0.0, 4.2647, 0.5, 0.0, 0.0, 1.0]], ["5_0_mirror.png", [0.8800867199897766, 0.08858752995729446, 0.4664757549762726, -1.1874419842108652, 0.08642158657312393, -0.9959171414375305, 0.026083555072546005, -0.06660498416087984, 0.4668818712234497, 0.017357785254716873, -0.8841493129730225, 2.4239524150070055, 0.0, 0.0, 0.0, 1.0, 4.2647, 0.0, 0.5, 0.0, 4.2647, 0.5, 0.0, 0.0, 1.0]], ["5_1.png", [0.9751394987106323, 0.012342575006186962, -0.22124771773815155, 0.5611691746056733, -0.012701294384896755, -0.9936928153038025, -0.11141476035118103, 0.28384945615977203, -0.22122740745544434, 0.11145506799221039, -0.9688323736190796, 2.6257415416811667, 0.0, 0.0, 0.0, 1.0, 4.2647, 0.0, 0.5, 0.0, 4.2647, 0.5, 0.0, 0.0, 1.0]], ["5_1_mirror.png", [0.9751394987106323, -0.012342575006186962, 0.22124771773815155, -0.5611691746056733, 0.012701294384896755, -0.9936928153038025, -0.11141476035118103, 0.28384945615977203, 0.22122740745544434, 0.11145506799221039, -0.9688323736190796, 2.6257415416811667, 0.0, 0.0, 0.0, 1.0, 4.2647, 0.0, 0.5, 0.0, 4.2647, 0.5, 0.0, 0.0, 1.0]], ["5_10.png", [0.9645305275917053, 0.16291412711143494, -0.20770148932933807, 0.5269118453405031, 0.12333124876022339, -0.9737949967384338, -0.19108299911022186, 0.4773298723997407, -0.23338879644870758, 0.15868930518627167, -0.9593474268913269, 2.6047111356453163, 0.0, 0.0, 0.0, 1.0, 4.2647, 0.0, 0.5, 0.0, 4.2647, 0.5, 0.0, 0.0, 1.0]], ["5_10_mirror.png", [0.9645305275917053, -0.16291412711143494, 0.20770148932933807, -0.5269118453405031, -0.12333124876022339, -0.9737949967384338, -0.19108299911022186, 0.4773298723997407, 0.23338879644870758, 0.15868930518627167, -0.9593474268913269, 2.6047111356453163, 0.0, 0.0, 0.0, 1.0, 4.2647, 0.0, 0.5, 0.0, 4.2647, 0.5, 0.0, 0.0, 1.0]], ["5_11.png", [0.9590869545936584, 0.051756180822849274, -0.2783406972885132, 0.7145311308952326, 0.038173653185367584, -0.9978109002113342, -0.054002247750759125, 0.1264191698686997, -0.280526340007782, 0.041167572140693665, -0.9589630961418152, 2.6006659640313847, 0.0, 0.0, 0.0, 1.0, 4.2647, 0.0, 0.5, 0.0, 4.2647, 0.5, 0.0, 0.0, 1.0]], ["5_11_mirror.png", [0.9590869545936584, -0.051756180822849274, 0.2783406972885132, -0.7145311308952326, -0.038173653185367584, -0.9978109002113342, -0.054002247750759125, 0.1264191698686997, 0.280526340007782, 0.041167572140693665, -0.9589630961418152, 2.6006659640313847, 0.0, 0.0, 0.0, 1.0, 4.2647, 0.0, 0.5, 0.0, 4.2647, 0.5, 0.0, 0.0, 1.0]], ["5_12.png", [0.9759860634803772, -0.05702999606728554, -0.2102350890636444, 0.5288404351518547, -0.06641107052564621, -0.9970749616622925, -0.03782954439520836, 0.09851755501605762, -0.20746272802352905, 0.05088304728269577, -0.9769186973571777, 2.6458688715622425, 0.0, 0.0, 0.0, 1.0, 4.2647, 0.0, 0.5, 0.0, 4.2647, 0.5, 0.0, 0.0, 1.0]], ["5_12_mirror.png", [0.9759860634803772, 0.05702999606728554, 0.2102350890636444, -0.5288404351518547, 0.06641107052564621, -0.9970749616622925, -0.03782954439520836, 0.09851755501605762, 0.20746272802352905, 0.05088304728269577, -0.9769186973571777, 2.6458688715622425, 0.0, 0.0, 0.0, 1.0, 4.2647, 0.0, 0.5, 0.0, 4.2647, 0.5, 0.0, 0.0, 1.0]], ["5_13.png", [0.9685180187225342, -0.02925802953541279, -0.24721814692020416, 0.6295565260033571, -0.07323440909385681, -0.9826121926307678, -0.1706167310476303, 0.44499451720298205, -0.23792764544487, 0.18335025012493134, -0.9538202881813049, 2.587593179042229, 0.0, 0.0, 0.0, 1.0, 4.2647, 0.0, 0.5, 0.0, 4.2647, 0.5, 0.0, 0.0, 1.0]], ["5_13_mirror.png", [0.9685180187225342, 0.02925802953541279, 0.24721814692020416, -0.6295565260033571, 0.07323440909385681, -0.9826121926307678, -0.1706167310476303, 0.44499451720298205, 0.23792764544487, 0.18335025012493134, -0.9538202881813049, 2.587593179042229, 0.0, 0.0, 0.0, 1.0, 4.2647, 0.0, 0.5, 0.0, 4.2647, 0.5, 0.0, 0.0, 1.0]], ["5_14.png", [0.9773946404457092, 0.0009558192687109113, -0.21142077445983887, 0.5378631260334197, -0.01019785925745964, -0.9986127018928528, -0.05165919288992882, 0.12356022936444305, -0.21117685735225677, 0.052647460252046585, -0.9760289788246155, 2.642997564768641, 0.0, 0.0, 0.0, 1.0, 4.2647, 0.0, 0.5, 0.0, 4.2647, 0.5, 0.0, 0.0, 1.0]], ["5_14_mirror.png", [0.9773946404457092, -0.0009558192687109113, 0.21142077445983887, -0.5378631260334197, 0.01019785925745964, -0.9986127018928528, -0.05165919288992882, 0.12356022936444305, 0.21117685735225677, 0.052647460252046585, -0.9760289788246155, 2.642997564768641, 0.0, 0.0, 0.0, 1.0, 4.2647, 0.0, 0.5, 0.0, 4.2647, 0.5, 0.0, 0.0, 1.0]], ["5_15.png", [0.9004430770874023, 0.26920926570892334, -0.341655969619751, 0.8680365540303936, 0.20810943841934204, -0.9563618898391724, -0.20509161055088043, 0.5231056743322456, -0.38195928931236267, 0.11357147991657257, -0.9171743392944336, 2.502573274521337, 0.0, 0.0, 0.0, 1.0, 4.2647, 0.0, 0.5, 0.0, 4.2647, 0.5, 0.0, 0.0, 1.0]], ["5_15_mirror.png", [0.9004430770874023, -0.26920926570892334, 0.341655969619751, -0.8680365540303936, -0.20810943841934204, -0.9563618898391724, -0.20509161055088043, 0.5231056743322456, 0.38195928931236267, 0.11357147991657257, -0.9171743392944336, 2.502573274521337, 0.0, 0.0, 0.0, 1.0, 4.2647, 0.0, 0.5, 0.0, 4.2647, 0.5, 0.0, 0.0, 1.0]], ["5_16.png", [0.9704346060752869, -0.10326550155878067, -0.21815793216228485, 0.5491506373080776, -0.10212726145982742, -0.9946341514587402, 0.016518177464604378, -0.04563076929620391, -0.2186931073665619, 0.006250061094760895, -0.9757736921310425, 2.643170711557914, 0.0, 0.0, 0.0, 1.0, 4.2647, 0.0, 0.5, 0.0, 4.2647, 0.5, 0.0, 0.0, 1.0]], ["5_16_mirror.png", [0.9704346060752869, 0.10326550155878067, 0.21815793216228485, -0.5491506373080776, 0.10212726145982742, -0.9946341514587402, 0.016518177464604378, -0.04563076929620391, 0.2186931073665619, 0.006250061094760895, -0.9757736921310425, 2.643170711557914, 0.0, 0.0, 0.0, 1.0, 4.2647, 0.0, 0.5, 0.0, 4.2647, 0.5, 0.0, 0.0, 1.0]], ["5_17.png", [0.9764561653137207, 0.0021639333572238684, -0.21570517122745514, 0.5467255753808729, -0.009585841558873653, -0.9985266327857971, -0.05341039597988129, 0.127128740858674, -0.21550294756889343, 0.05422062426805496, -0.9749966859817505, 2.6410091685702537, 0.0, 0.0, 0.0, 1.0, 4.2647, 0.0, 0.5, 0.0, 4.2647, 0.5, 0.0, 0.0, 1.0]], ["5_17_mirror.png", [0.9764561653137207, -0.0021639333572238684, 0.21570517122745514, -0.5467255753808729, 0.009585841558873653, -0.9985266327857971, -0.05341039597988129, 0.127128740858674, 0.21550294756889343, 0.05422062426805496, -0.9749966859817505, 2.6410091685702537, 0.0, 0.0, 0.0, 1.0, 4.2647, 0.0, 0.5, 0.0, 4.2647, 0.5, 0.0, 0.0, 1.0]], ["5_18.png", [0.9606338739395142, 0.2090647667646408, -0.18296025693416595, 0.46195568028242734, 0.15792708098888397, -0.952746570110321, -0.25948604941368103, 0.6714833547683429, -0.22856414318084717, 0.22037670016288757, -0.9482576251029968, 2.574044881839447, 0.0, 0.0, 0.0, 1.0, 4.2647, 0.0, 0.5, 0.0, 4.2647, 0.5, 0.0, 0.0, 1.0]], ["5_18_mirror.png", [0.9606338739395142, -0.2090647667646408, 0.18296025693416595, -0.46195568028242734, -0.15792708098888397, -0.952746570110321, -0.25948604941368103, 0.6714833547683429, 0.22856414318084717, 0.22037670016288757, -0.9482576251029968, 2.574044881839447, 0.0, 0.0, 0.0, 1.0, 4.2647, 0.0, 0.5, 0.0, 4.2647, 0.5, 0.0, 0.0, 1.0]], ["5_19.png", [0.961628794670105, 0.06364668160676956, -0.26686906814575195, 0.6828166817514818, 0.07787968218326569, -0.9960315227508545, 0.043081969022750854, -0.10568521822195664, -0.26306799054145813, -0.062212541699409485, -0.9627693295478821, 2.6100942538098644, 0.0, 0.0, 0.0, 1.0, 4.2647, 0.0, 0.5, 0.0, 4.2647, 0.5, 0.0, 0.0, 1.0]], ["5_19_mirror.png", [0.961628794670105, -0.06364668160676956, 0.26686906814575195, -0.6828166817514818, -0.07787968218326569, -0.9960315227508545, 0.043081969022750854, -0.10568521822195664, 0.26306799054145813, -0.062212541699409485, -0.9627693295478821, 2.6100942538098644, 0.0, 0.0, 0.0, 1.0, 4.2647, 0.0, 0.5, 0.0, 4.2647, 0.5, 0.0, 0.0, 1.0]], ["5_2.png", [0.9332578778266907, 0.2914559841156006, -0.2099599391222, 0.5361843108254438, 0.22965161502361298, -0.9335700273513794, -0.27514955401420593, 0.690376437728695, -0.27620628476142883, 0.20856785774230957, -0.9381948709487915, 2.554581523274151, 0.0, 0.0, 0.0, 1.0, 4.2647, 0.0, 0.5, 0.0, 4.2647, 0.5, 0.0, 0.0, 1.0]], ["5_2_mirror.png", [0.9332578778266907, -0.2914559841156006, 0.2099599391222, -0.5361843108254438, -0.22965161502361298, -0.9335700273513794, -0.27514955401420593, 0.690376437728695, 0.27620628476142883, 0.20856785774230957, -0.9381948709487915, 2.554581523274151, 0.0, 0.0, 0.0, 1.0, 4.2647, 0.0, 0.5, 0.0, 4.2647, 0.5, 0.0, 0.0, 1.0]], ["5_3.png", [0.9449655413627625, 0.23158572614192963, -0.23110228776931763, 0.5850837702230639, 0.177679181098938, -0.9563835859298706, -0.2318631410598755, 0.599965384005045, -0.27471864223480225, 0.17804060876369476, -0.944897472858429, 2.566655122882162, 0.0, 0.0, 0.0, 1.0, 4.2647, 0.0, 0.5, 0.0, 4.2647, 0.5, 0.0, 0.0, 1.0]], ["5_3_mirror.png", [0.9449655413627625, -0.23158572614192963, 0.23110228776931763, -0.5850837702230639, -0.177679181098938, -0.9563835859298706, -0.2318631410598755, 0.599965384005045, 0.27471864223480225, 0.17804060876369476, -0.944897472858429, 2.566655122882162, 0.0, 0.0, 0.0, 1.0, 4.2647, 0.0, 0.5, 0.0, 4.2647, 0.5, 0.0, 0.0, 1.0]], ["5_4.png", [0.896896243095398, 0.26399460434913635, -0.3548012971878052, 0.9052702682712701, 0.2007390260696411, -0.9578937292098999, -0.20528869330883026, 0.51978755798337, -0.3940570652484894, 0.11290019750595093, -0.912125289440155, 2.4900414928168866, 0.0, 0.0, 0.0, 1.0, 4.2647, 0.0, 0.5, 0.0, 4.2647, 0.5, 0.0, 0.0, 1.0]], ["5_4_mirror.png", [0.896896243095398, -0.26399460434913635, 0.3548012971878052, -0.9052702682712701, -0.2007390260696411, -0.9578937292098999, -0.20528869330883026, 0.51978755798337, 0.3940570652484894, 0.11290019750595093, -0.912125289440155, 2.4900414928168866, 0.0, 0.0, 0.0, 1.0, 4.2647, 0.0, 0.5, 0.0, 4.2647, 0.5, 0.0, 0.0, 1.0]], ["5_5.png", [0.9815552830696106, -0.0729966014623642, -0.17669382691383362, 0.44271326171585035, -0.08457060158252716, -0.9946766495704651, -0.05887419730424881, 0.14964888428665932, -0.17145560681819916, 0.0727313831448555, -0.9825035333633423, 2.6592499279557518, 0.0, 0.0, 0.0, 1.0, 4.2647, 0.0, 0.5, 0.0, 4.2647, 0.5, 0.0, 0.0, 1.0]], ["5_5_mirror.png", [0.9815552830696106, 0.0729966014623642, 0.17669382691383362, -0.44271326171585035, 0.08457060158252716, -0.9946766495704651, -0.05887419730424881, 0.14964888428665932, 0.17145560681819916, 0.0727313831448555, -0.9825035333633423, 2.6592499279557518, 0.0, 0.0, 0.0, 1.0, 4.2647, 0.0, 0.5, 0.0, 4.2647, 0.5, 0.0, 0.0, 1.0]], ["5_6.png", [0.9680784344673157, 0.02887018769979477, -0.24897918105125427, 0.6389046785935228, -0.013591887429356575, -0.9858360886573792, -0.16715972125530243, 0.43764796543034623, -0.2502785921096802, 0.16520781815052032, -0.9539743065834045, 2.586554671764351, 0.0, 0.0, 0.0, 1.0, 4.2647, 0.0, 0.5, 0.0, 4.2647, 0.5, 0.0, 0.0, 1.0]], ["5_6_mirror.png", [0.9680784344673157, -0.02887018769979477, 0.24897918105125427, -0.6389046785935228, 0.013591887429356575, -0.9858360886573792, -0.16715972125530243, 0.43764796543034623, 0.2502785921096802, 0.16520781815052032, -0.9539743065834045, 2.586554671764351, 0.0, 0.0, 0.0, 1.0, 4.2647, 0.0, 0.5, 0.0, 4.2647, 0.5, 0.0, 0.0, 1.0]], ["5_7.png", [0.9748733043670654, 0.03984951600432396, -0.2191666066646576, 0.5526105900786247, 0.015382839366793633, -0.9935633540153503, -0.11222831904888153, 0.2807193957195949, -0.22222816944122314, 0.10603699088096619, -0.9692113995552063, 2.627892341135721, 0.0, 0.0, 0.0, 1.0, 4.2647, 0.0, 0.5, 0.0, 4.2647, 0.5, 0.0, 0.0, 1.0]], ["5_7_mirror.png", [0.9748733043670654, -0.03984951600432396, 0.2191666066646576, -0.5526105900786247, -0.015382839366793633, -0.9935633540153503, -0.11222831904888153, 0.2807193957195949, 0.22222816944122314, 0.10603699088096619, -0.9692113995552063, 2.627892341135721, 0.0, 0.0, 0.0, 1.0, 4.2647, 0.0, 0.5, 0.0, 4.2647, 0.5, 0.0, 0.0, 1.0]], ["5_8.png", [0.9852588176727295, 0.12201438844203949, -0.11990652978420258, 0.30290946577353745, 0.10051232576370239, -0.9800622463226318, -0.17139221727848053, 0.43998718325461345, -0.13842818140983582, 0.1568136066198349, -0.9778788089752197, 2.646631280347994, 0.0, 0.0, 0.0, 1.0, 4.2647, 0.0, 0.5, 0.0, 4.2647, 0.5, 0.0, 0.0, 1.0]], ["5_8_mirror.png", [0.9852588176727295, -0.12201438844203949, 0.11990652978420258, -0.30290946577353745, -0.10051232576370239, -0.9800622463226318, -0.17139221727848053, 0.43998718325461345, 0.13842818140983582, 0.1568136066198349, -0.9778788089752197, 2.646631280347994, 0.0, 0.0, 0.0, 1.0, 4.2647, 0.0, 0.5, 0.0, 4.2647, 0.5, 0.0, 0.0, 1.0]], ["5_9.png", [0.9748473763465881, 0.05287342891097069, -0.21651090681552887, 0.5458428106776946, 0.03054366447031498, -0.9939804673194885, -0.10521293431520462, 0.25976313302502607, -0.22077058255672455, 0.09595351666212082, -0.9705942869186401, 2.631459431713227, 0.0, 0.0, 0.0, 1.0, 4.2647, 0.0, 0.5, 0.0, 4.2647, 0.5, 0.0, 0.0, 1.0]], ["5_9_mirror.png", [0.9748473763465881, -0.05287342891097069, 0.21651090681552887, -0.5458428106776946, -0.03054366447031498, -0.9939804673194885, -0.10521293431520462, 0.25976313302502607, 0.22077058255672455, 0.09595351666212082, -0.9705942869186401, 2.631459431713227, 0.0, 0.0, 0.0, 1.0, 4.2647, 0.0, 0.5, 0.0, 4.2647, 0.5, 0.0, 0.0, 1.0]]]}