{"labels": [["1_16.png", [0.9710409641265869, -0.08219123631715775, -0.22433023154735565, 0.5732133202909467, -0.10552024096250534, -0.9899595379829407, -0.09405097365379333, 0.2526891023095987, -0.2143476903438568, 0.1149987205862999, -0.9699640870094299, 2.6263234201093737, 0.0, 0.0, 0.0, 1.0, 4.2647, 0.0, 0.5, 0.0, 4.2647, 0.5, 0.0, 0.0, 1.0]], ["2_15.png", [0.8436542749404907, 0.04310838133096695, -0.5351533889770508, 1.3650701489707269, -0.015667319297790527, -0.9943700432777405, -0.10479889065027237, 0.26409882214648583, -0.5366582274436951, 0.09679845720529556, -0.8382291197776794, 2.314483808655804, 0.0, 0.0, 0.0, 1.0, 4.2647, 0.0, 0.5, 0.0, 4.2647, 0.5, 0.0, 0.0, 1.0]], ["0_5.png", [0.9263092875480652, -0.11378487944602966, 0.3591715395450592, -0.9089838788474778, -0.057633839547634125, -0.9848800897598267, -0.1633695662021637, 0.4090200088549575, 0.37232986092567444, 0.13063031435012817, -0.9188613891601562, 2.5092729904001447, 0.0, 0.0, 0.0, 1.0, 4.2647, 0.0, 0.5, 0.0, 4.2647, 0.5, 0.0, 0.0, 1.0]]]}