{"labels": [["8_0.png", [0.9538319110870361, 0.22615966200828552, 0.19762715697288513, -0.5024359979536197, 0.25295230746269226, -0.9596761465072632, -0.12262460589408875, 0.3196309803946325, 0.1619253307580948, 0.16695350408554077, -0.9725773334503174, 2.6335136423288787, 0.0, 0.0, 0.0, 1.0, 4.2647, 0.0, 0.5, 0.0, 4.2647, 0.5, 0.0, 0.0, 1.0]], ["8_0_mirror.png", [0.9538319110870361, -0.22615966200828552, -0.19762715697288513, 0.5024359979536197, -0.25295230746269226, -0.9596761465072632, -0.12262460589408875, 0.3196309803946325, -0.1619253307580948, 0.16695350408554077, -0.9725773334503174, 2.6335136423288787, 0.0, 0.0, 0.0, 1.0, 4.2647, 0.0, 0.5, 0.0, 4.2647, 0.5, 0.0, 0.0, 1.0]], ["8_1.png", [0.9610015749931335, -0.03233207389712334, 0.2746464014053345, -0.694587189797475, 9.548291563987732e-05, -0.9931030869483948, -0.11724472045898438, 0.3043913942727432, 0.2765429615974426, 0.11269859224557877, -0.9543704986572266, 2.5913113504289567, 0.0, 0.0, 0.0, 1.0, 4.2647, 0.0, 0.5, 0.0, 4.2647, 0.5, 0.0, 0.0, 1.0]], ["8_1_mirror.png", [0.9610015749931335, 0.03233207389712334, -0.2746464014053345, 0.694587189797475, -9.548291563987732e-05, -0.9931030869483948, -0.11724472045898438, 0.3043913942727432, -0.2765429615974426, 0.11269859224557877, -0.9543704986572266, 2.5913113504289567, 0.0, 0.0, 0.0, 1.0, 4.2647, 0.0, 0.5, 0.0, 4.2647, 0.5, 0.0, 0.0, 1.0]], ["8_10.png", [0.9129619598388672, 0.07423523813486099, 0.40123501420021057, -1.0259367809821966, 0.12850965559482574, -0.985582172870636, -0.11005896329879761, 0.28838851541299665, 0.38727980852127075, 0.1520422250032425, -0.9093390107154846, 2.4807833008156472, 0.0, 0.0, 0.0, 1.0, 4.2647, 0.0, 0.5, 0.0, 4.2647, 0.5, 0.0, 0.0, 1.0]], ["8_10_mirror.png", [0.9129619598388672, -0.07423523813486099, -0.40123501420021057, 1.0259367809821966, -0.12850965559482574, -0.985582172870636, -0.11005896329879761, 0.28838851541299665, -0.38727980852127075, 0.1520422250032425, -0.9093390107154846, 2.4807833008156472, 0.0, 0.0, 0.0, 1.0, 4.2647, 0.0, 0.5, 0.0, 4.2647, 0.5, 0.0, 0.0, 1.0]], ["8_11.png", [0.9608624577522278, -0.05315610393881798, 0.2718782424926758, -0.6943680668921455, 0.03352145478129387, -0.9518967866897583, -0.30457985401153564, 0.8020200683155817, 0.2749902904033661, 0.3017730712890625, -0.9128599762916565, 2.4828646353958836, 0.0, 0.0, 0.0, 1.0, 4.2647, 0.0, 0.5, 0.0, 4.2647, 0.5, 0.0, 0.0, 1.0]], ["8_11_mirror.png", [0.9608624577522278, 0.05315610393881798, -0.2718782424926758, 0.6943680668921455, -0.03352145478129387, -0.9518967866897583, -0.30457985401153564, 0.8020200683155817, -0.2749902904033661, 0.3017730712890625, -0.9128599762916565, 2.4828646353958836, 0.0, 0.0, 0.0, 1.0, 4.2647, 0.0, 0.5, 0.0, 4.2647, 0.5, 0.0, 0.0, 1.0]], ["8_12.png", [0.9251517653465271, -0.026325395330786705, 0.3786836266517639, -0.9716632099019638, 0.07930916547775269, -0.9621712565422058, -0.2606464624404907, 0.6631602058565526, 0.37122008204460144, 0.27117061614990234, -0.8880665302276611, 2.430244668318667, 0.0, 0.0, 0.0, 1.0, 4.2647, 0.0, 0.5, 0.0, 4.2647, 0.5, 0.0, 0.0, 1.0]], ["8_12_mirror.png", [0.9251517653465271, 0.026325395330786705, -0.3786836266517639, 0.9716632099019638, -0.07930916547775269, -0.9621712565422058, -0.2606464624404907, 0.6631602058565526, -0.37122008204460144, 0.27117061614990234, -0.8880665302276611, 2.430244668318667, 0.0, 0.0, 0.0, 1.0, 4.2647, 0.0, 0.5, 0.0, 4.2647, 0.5, 0.0, 0.0, 1.0]], ["8_13.png", [0.9639223217964172, -0.0393977016210556, 0.2632519602775574, -0.6701664735441595, -0.0004853680729866028, -0.9892444610595703, -0.14627090096473694, 0.37517454238196307, 0.2661832869052887, 0.1408660113811493, -0.9535739421844482, 2.5884591865598097, 0.0, 0.0, 0.0, 1.0, 4.2647, 0.0, 0.5, 0.0, 4.2647, 0.5, 0.0, 0.0, 1.0]], ["8_13_mirror.png", [0.9639223217964172, 0.0393977016210556, -0.2632519602775574, 0.6701664735441595, 0.0004853680729866028, -0.9892444610595703, -0.14627090096473694, 0.37517454238196307, -0.2661832869052887, 0.1408660113811493, -0.9535739421844482, 2.5884591865598097, 0.0, 0.0, 0.0, 1.0, 4.2647, 0.0, 0.5, 0.0, 4.2647, 0.5, 0.0, 0.0, 1.0]], ["8_14.png", [0.9385042786598206, 0.04380863904953003, 0.34247705340385437, -0.8725700927139948, 0.06634680926799774, -0.9963143467903137, -0.05436740815639496, 0.14411638129160767, 0.3388330340385437, 0.07374630123376846, -0.9379518628120422, 2.5510491767005403, 0.0, 0.0, 0.0, 1.0, 4.2647, 0.0, 0.5, 0.0, 4.2647, 0.5, 0.0, 0.0, 1.0]], ["8_14_mirror.png", [0.9385042786598206, -0.04380863904953003, -0.34247705340385437, 0.8725700927139948, -0.06634680926799774, -0.9963143467903137, -0.05436740815639496, 0.14411638129160767, -0.3388330340385437, 0.07374630123376846, -0.9379518628120422, 2.5510491767005403, 0.0, 0.0, 0.0, 1.0, 4.2647, 0.0, 0.5, 0.0, 4.2647, 0.5, 0.0, 0.0, 1.0]], ["8_15.png", [0.8977793455123901, -0.11778827756643295, 0.4244033396244049, -1.088303420887458, -0.1279492974281311, -0.9917700886726379, -0.004591531585901976, 0.011578402605027004, 0.4214513599872589, -0.05017992481589317, -0.9054615497589111, 2.470923229215706, 0.0, 0.0, 0.0, 1.0, 4.2647, 0.0, 0.5, 0.0, 4.2647, 0.5, 0.0, 0.0, 1.0]], ["8_15_mirror.png", [0.8977793455123901, 0.11778827756643295, -0.4244033396244049, 1.088303420887458, 0.1279492974281311, -0.9917700886726379, -0.004591531585901976, 0.011578402605027004, -0.4214513599872589, -0.05017992481589317, -0.9054615497589111, 2.470923229215706, 0.0, 0.0, 0.0, 1.0, 4.2647, 0.0, 0.5, 0.0, 4.2647, 0.5, 0.0, 0.0, 1.0]], ["8_16.png", [0.9523423910140991, -0.17172203958034515, 0.2521021068096161, -0.6434240421375328, -0.12924444675445557, -0.9757901430130005, -0.17643532156944275, 0.45617067596707417, 0.27629658579826355, 0.1354440450668335, -0.951480507850647, 2.582230395682605, 0.0, 0.0, 0.0, 1.0, 4.2647, 0.0, 0.5, 0.0, 4.2647, 0.5, 0.0, 0.0, 1.0]], ["8_16_mirror.png", [0.9523423910140991, 0.17172203958034515, -0.2521021068096161, 0.6434240421375328, 0.12924444675445557, -0.9757901430130005, -0.17643532156944275, 0.45617067596707417, -0.27629658579826355, 0.1354440450668335, -0.951480507850647, 2.582230395682605, 0.0, 0.0, 0.0, 1.0, 4.2647, 0.0, 0.5, 0.0, 4.2647, 0.5, 0.0, 0.0, 1.0]], ["8_17.png", [0.9612050652503967, -0.049208976328372955, 0.27140986919403076, -0.6902256588034293, -0.00782729685306549, -0.9884278178215027, -0.1514900177717209, 0.3894607556230588, 0.27572372555732727, 0.1434885710477829, -0.9504669904708862, 2.58106738768264, 0.0, 0.0, 0.0, 1.0, 4.2647, 0.0, 0.5, 0.0, 4.2647, 0.5, 0.0, 0.0, 1.0]], ["8_17_mirror.png", [0.9612050652503967, 0.049208976328372955, -0.27140986919403076, 0.6902256588034293, 0.00782729685306549, -0.9884278178215027, -0.1514900177717209, 0.3894607556230588, -0.27572372555732727, 0.1434885710477829, -0.9504669904708862, 2.58106738768264, 0.0, 0.0, 0.0, 1.0, 4.2647, 0.0, 0.5, 0.0, 4.2647, 0.5, 0.0, 0.0, 1.0]], ["8_18.png", [0.9262328147888184, -0.14280852675437927, 0.34885308146476746, -0.8856268406923856, -0.11263924092054367, -0.988029956817627, -0.10539951920509338, 0.26395429188990316, 0.35972923040390015, 0.058329951018095016, -0.931231677532196, 2.5369259411417833, 0.0, 0.0, 0.0, 1.0, 4.2647, 0.0, 0.5, 0.0, 4.2647, 0.5, 0.0, 0.0, 1.0]], ["8_18_mirror.png", [0.9262328147888184, 0.14280852675437927, -0.34885308146476746, 0.8856268406923856, 0.11263924092054367, -0.988029956817627, -0.10539951920509338, 0.26395429188990316, -0.35972923040390015, 0.058329951018095016, -0.931231677532196, 2.5369259411417833, 0.0, 0.0, 0.0, 1.0, 4.2647, 0.0, 0.5, 0.0, 4.2647, 0.5, 0.0, 0.0, 1.0]], ["8_19.png", [0.9589284658432007, -0.03682653233408928, 0.2812473773956299, -0.7178252328500632, -0.003341514617204666, -0.9929339289665222, -0.11862168461084366, 0.31033777116136435, 0.2836284935474396, 0.1128099113702774, -0.9522756338119507, 2.5842634159222917, 0.0, 0.0, 0.0, 1.0, 4.2647, 0.0, 0.5, 0.0, 4.2647, 0.5, 0.0, 0.0, 1.0]], ["8_19_mirror.png", [0.9589284658432007, 0.03682653233408928, -0.2812473773956299, 0.7178252328500632, 0.003341514617204666, -0.9929339289665222, -0.11862168461084366, 0.31033777116136435, -0.2836284935474396, 0.1128099113702774, -0.9522756338119507, 2.5842634159222917, 0.0, 0.0, 0.0, 1.0, 4.2647, 0.0, 0.5, 0.0, 4.2647, 0.5, 0.0, 0.0, 1.0]], ["8_2.png", [0.9608016014099121, -0.029399573802947998, 0.275673508644104, -0.7033644138947895, 0.010207721963524818, -0.989935576915741, -0.14114989340305328, 0.36176289884509255, 0.2770487666130066, 0.13843104243278503, -0.9508316516876221, 2.5815511047208877, 0.0, 0.0, 0.0, 1.0, 4.2647, 0.0, 0.5, 0.0, 4.2647, 0.5, 0.0, 0.0, 1.0]], ["8_2_mirror.png", [0.9608016014099121, 0.029399573802947998, -0.275673508644104, 0.7033644138947895, -0.010207721963524818, -0.989935576915741, -0.14114989340305328, 0.36176289884509255, -0.2770487666130066, 0.13843104243278503, -0.9508316516876221, 2.5815511047208877, 0.0, 0.0, 0.0, 1.0, 4.2647, 0.0, 0.5, 0.0, 4.2647, 0.5, 0.0, 0.0, 1.0]], ["8_3.png", [0.9568158388137817, -0.05133509263396263, 0.2861260771751404, -0.7298583877365853, -0.017688032239675522, -0.9927411675453186, -0.11896248161792755, 0.30793089589226486, 0.2901560962200165, 0.1087641790509224, -0.9507785439491272, 2.581179051752424, 0.0, 0.0, 0.0, 1.0, 4.2647, 0.0, 0.5, 0.0, 4.2647, 0.5, 0.0, 0.0, 1.0]], ["8_3_mirror.png", [0.9568158388137817, 0.05133509263396263, -0.2861260771751404, 0.7298583877365853, 0.017688032239675522, -0.9927411675453186, -0.11896248161792755, 0.30793089589226486, -0.2901560962200165, 0.1087641790509224, -0.9507785439491272, 2.581179051752424, 0.0, 0.0, 0.0, 1.0, 4.2647, 0.0, 0.5, 0.0, 4.2647, 0.5, 0.0, 0.0, 1.0]], ["8_4.png", [0.9636965394020081, -0.039344772696495056, 0.26408517360687256, -0.6679741610022021, 0.0006805919110774994, -0.9887179136276245, -0.14978790283203125, 0.3817119366596446, 0.26699912548065186, 0.1445298194885254, -0.9527972340583801, 2.5880700372371974, 0.0, 0.0, 0.0, 1.0, 4.2647, 0.0, 0.5, 0.0, 4.2647, 0.5, 0.0, 0.0, 1.0]], ["8_4_mirror.png", [0.9636965394020081, 0.039344772696495056, -0.26408517360687256, 0.6679741610022021, -0.0006805919110774994, -0.9887179136276245, -0.14978790283203125, 0.3817119366596446, -0.26699912548065186, 0.1445298194885254, -0.9527972340583801, 2.5880700372371974, 0.0, 0.0, 0.0, 1.0, 4.2647, 0.0, 0.5, 0.0, 4.2647, 0.5, 0.0, 0.0, 1.0]], ["8_5.png", [0.9473925828933716, 0.24234050512313843, 0.20908956229686737, -0.5326610417606767, 0.2795235216617584, -0.9446748495101929, -0.1716274470090866, 0.44604523910819455, 0.15592937171459198, 0.22104400396347046, -0.9627178311347961, 2.6090833369709263, 0.0, 0.0, 0.0, 1.0, 4.2647, 0.0, 0.5, 0.0, 4.2647, 0.5, 0.0, 0.0, 1.0]], ["8_5_mirror.png", [0.9473925828933716, -0.24234050512313843, -0.20908956229686737, 0.5326610417606767, -0.2795235216617584, -0.9446748495101929, -0.1716274470090866, 0.44604523910819455, -0.15592937171459198, 0.22104400396347046, -0.9627178311347961, 2.6090833369709263, 0.0, 0.0, 0.0, 1.0, 4.2647, 0.0, 0.5, 0.0, 4.2647, 0.5, 0.0, 0.0, 1.0]], ["8_6.png", [0.9164661169052124, 0.07762781530618668, 0.3925095498561859, -1.0033486909139528, 0.1285778135061264, -0.9861048460006714, -0.10518990457057953, 0.2737225112824229, 0.37888991832733154, 0.14687100052833557, -0.9137129783630371, 2.4916595656827805, 0.0, 0.0, 0.0, 1.0, 4.2647, 0.0, 0.5, 0.0, 4.2647, 0.5, 0.0, 0.0, 1.0]], ["8_6_mirror.png", [0.9164661169052124, -0.07762781530618668, -0.3925095498561859, 1.0033486909139528, -0.1285778135061264, -0.9861048460006714, -0.10518990457057953, 0.2737225112824229, -0.37888991832733154, 0.14687100052833557, -0.9137129783630371, 2.4916595656827805, 0.0, 0.0, 0.0, 1.0, 4.2647, 0.0, 0.5, 0.0, 4.2647, 0.5, 0.0, 0.0, 1.0]], ["8_7.png", [0.97745281457901, -0.07553420960903168, 0.1971815973520279, -0.5076760946521587, -0.008629173040390015, -0.9473376870155334, -0.3201201260089874, 0.8196314315908669, 0.21097756922245026, 0.3112007975578308, -0.9266297221183777, 2.521997085499315, 0.0, 0.0, 0.0, 1.0, 4.2647, 0.0, 0.5, 0.0, 4.2647, 0.5, 0.0, 0.0, 1.0]], ["8_7_mirror.png", [0.97745281457901, 0.07553420960903168, -0.1971815973520279, 0.5076760946521587, 0.008629173040390015, -0.9473376870155334, -0.3201201260089874, 0.8196314315908669, -0.21097756922245026, 0.3112007975578308, -0.9266297221183777, 2.521997085499315, 0.0, 0.0, 0.0, 1.0, 4.2647, 0.0, 0.5, 0.0, 4.2647, 0.5, 0.0, 0.0, 1.0]], ["8_8.png", [0.9530077576637268, -0.03425344452261925, 0.30100321769714355, -0.7639074257684606, -0.009187741205096245, -0.9963982105255127, -0.08429837226867676, 0.2203038535774424, 0.3028065860271454, 0.07757146656513214, -0.9498898983001709, 2.580292940143567, 0.0, 0.0, 0.0, 1.0, 4.2647, 0.0, 0.5, 0.0, 4.2647, 0.5, 0.0, 0.0, 1.0]], ["8_8_mirror.png", [0.9530077576637268, 0.03425344452261925, -0.30100321769714355, 0.7639074257684606, 0.009187741205096245, -0.9963982105255127, -0.08429837226867676, 0.2203038535774424, -0.3028065860271454, 0.07757146656513214, -0.9498898983001709, 2.580292940143567, 0.0, 0.0, 0.0, 1.0, 4.2647, 0.0, 0.5, 0.0, 4.2647, 0.5, 0.0, 0.0, 1.0]], ["8_9.png", [0.9441677331924438, -0.10927949100732803, 0.3108140230178833, -0.7951381457218709, -0.07033182680606842, -0.9884963035583496, -0.13389787077903748, 0.3402783740315134, 0.3218708038330078, 0.1045619323849678, -0.9409920573234558, 2.5577267167124123, 0.0, 0.0, 0.0, 1.0, 4.2647, 0.0, 0.5, 0.0, 4.2647, 0.5, 0.0, 0.0, 1.0]], ["8_9_mirror.png", [0.9441677331924438, 0.10927949100732803, -0.3108140230178833, 0.7951381457218709, 0.07033182680606842, -0.9884963035583496, -0.13389787077903748, 0.3402783740315134, -0.3218708038330078, 0.1045619323849678, -0.9409920573234558, 2.5577267167124123, 0.0, 0.0, 0.0, 1.0, 4.2647, 0.0, 0.5, 0.0, 4.2647, 0.5, 0.0, 0.0, 1.0]]]}