{"labels": [["2_13.png", [0.8413655161857605, 0.13888293504714966, -0.5223175883293152, 1.3387390667006553, 0.06698062270879745, -0.9857639670372009, -0.1542176604270935, 0.4005855179457634, -0.536300003528595, 0.09476824104785919, -0.8386902213096619, 2.3102616635570925, 0.0, 0.0, 0.0, 1.0, 4.2647, 0.0, 0.5, 0.0, 4.2647, 0.5, 0.0, 0.0, 1.0]], ["0_18.png", [0.9552445411682129, -0.0063744038343429565, -0.29574885964393616, 0.7561577114328878, -0.08442472666501999, -0.9640621542930603, -0.25190606713294983, 0.647041583408769, -0.28351449966430664, 0.26560038328170776, -0.9214531779289246, 2.509892966797678, 0.0, 0.0, 0.0, 1.0, 4.2647, 0.0, 0.5, 0.0, 4.2647, 0.5, 0.0, 0.0, 1.0]], ["1_14.png", [0.9945175051689148, -0.08914725482463837, -0.05465904623270035, 0.13472060543316966, -0.09982667863368988, -0.9650227427482605, -0.24241651594638824, 0.6168885728372211, -0.03113645315170288, 0.24654391407966614, -0.9686312675476074, 2.625128348704988, 0.0, 0.0, 0.0, 1.0, 4.2647, 0.0, 0.5, 0.0, 4.2647, 0.5, 0.0, 0.0, 1.0]]]}