{"labels": [["0_5.png", [0.9263092875480652, -0.11378487944602966, 0.3591715395450592, -0.9089838788474778, -0.057633839547634125, -0.9848800897598267, -0.1633695662021637, 0.4090200088549575, 0.37232986092567444, 0.13063031435012817, -0.9188613891601562, 2.5092729904001447, 0.0, 0.0, 0.0, 1.0, 4.2647, 0.0, 0.5, 0.0, 4.2647, 0.5, 0.0, 0.0, 1.0]], ["1_16.png", [0.9710409641265869, -0.08219123631715775, -0.22433023154735565, 0.5732133202909467, -0.10552024096250534, -0.9899595379829407, -0.09405097365379333, 0.2526891023095987, -0.2143476903438568, 0.1149987205862999, -0.9699640870094299, 2.6263234201093737, 0.0, 0.0, 0.0, 1.0, 4.2647, 0.0, 0.5, 0.0, 4.2647, 0.5, 0.0, 0.0, 1.0]], ["0_15.png", [0.9845702052116394, -0.06244451552629471, 0.16346943378448486, -0.41783556024445173, -0.03779266029596329, -0.9879958629608154, -0.1497858166694641, 0.3746967085563246, 0.1708604246377945, 0.14129669964313507, -0.9751112461090088, 2.641025524524945, 0.0, 0.0, 0.0, 1.0, 4.2647, 0.0, 0.5, 0.0, 4.2647, 0.5, 0.0, 0.0, 1.0]]]}