{"labels": [["0_16.png", [0.9931808710098267, -0.10261107236146927, 0.0553411990404129, -0.13833296791440466, -0.09573161602020264, -0.988719642162323, -0.1151903048157692, 0.29808749115352273, 0.06653673201799393, 0.10910691320896149, -0.9918006658554077, 2.6799268343754816, 0.0, 0.0, 0.0, 1.0, 4.2647, 0.0, 0.5, 0.0, 4.2647, 0.5, 0.0, 0.0, 1.0]], ["0_18.png", [0.9820265769958496, -0.07495366036891937, -0.17322181165218353, 0.4415983295685402, -0.1030910536646843, -0.981780469417572, -0.15962257981300354, 0.42049948171560647, -0.15810149908065796, 0.17461124062538147, -0.9718615412712097, 2.6302416431193505, 0.0, 0.0, 0.0, 1.0, 4.2647, 0.0, 0.5, 0.0, 4.2647, 0.5, 0.0, 0.0, 1.0]], ["0_9.png", [0.9960620999336243, 0.07416057586669922, 0.04858437180519104, -0.1241051121953035, 0.07530063390731812, -0.9969165921211243, -0.02206866256892681, 0.06749599360076869, 0.046797942370176315, 0.02564019151031971, -0.9985752105712891, 2.6963015803086336, 0.0, 0.0, 0.0, 1.0, 4.2647, 0.0, 0.5, 0.0, 4.2647, 0.5, 0.0, 0.0, 1.0]]]}