{"labels": [["4_0.png", [0.9785869121551514, -0.09487715363502502, -0.18266329169273376, 0.46584516640430146, -0.11850616335868835, -0.9852924942970276, -0.12310538440942764, 0.31029518133833817, -0.16829687356948853, 0.14211605489253998, -0.9754378795623779, 2.6413453355015806, 0.0, 0.0, 0.0, 1.0, 4.2647, 0.0, 0.5, 0.0, 4.2647, 0.5, 0.0, 0.0, 1.0]], ["5_15.png", [0.9950769543647766, 0.065048448741436, -0.07477028667926788, 0.1885133642665784, 0.05600229650735855, -0.9915170669555664, -0.11729332059621811, 0.2880513377912849, -0.08176576346158981, 0.11252856999635696, -0.9902786016464233, 2.6779636178054305, 0.0, 0.0, 0.0, 1.0, 4.2647, 0.0, 0.5, 0.0, 4.2647, 0.5, 0.0, 0.0, 1.0]], ["5_16.png", [0.9907233119010925, 0.06899549067020416, -0.11707677692174911, 0.2973360054671776, 0.0575699582695961, -0.9934887886047363, -0.09831452369689941, 0.2448875226636206, -0.12309771776199341, 0.090662382543087, -0.9882445931434631, 2.672381223010014, 0.0, 0.0, 0.0, 1.0, 4.2647, 0.0, 0.5, 0.0, 4.2647, 0.5, 0.0, 0.0, 1.0]]]}