{"labels": [["0_0.png", [0.9973821640014648, 0.04838750138878822, -0.053735096007585526, 0.13943574241894505, 0.044415250420570374, -0.9963566064834595, -0.07280585914850235, 0.19269100595589658, -0.057062212377786636, 0.07022860646247864, -0.9958975315093994, 2.689503271974173, 0.0, 0.0, 0.0, 1.0, 4.2647, 0.0, 0.5, 0.0, 4.2647, 0.5, 0.0, 0.0, 1.0]], ["0_0_mirror.png", [0.9973821640014648, -0.04838750138878822, 0.053735096007585526, -0.13943574241894505, -0.044415250420570374, -0.9963566064834595, -0.07280585914850235, 0.19269100595589658, 0.057062212377786636, 0.07022860646247864, -0.9958975315093994, 2.689503271974173, 0.0, 0.0, 0.0, 1.0, 4.2647, 0.0, 0.5, 0.0, 4.2647, 0.5, 0.0, 0.0, 1.0]], ["0_1.png", [0.9582856893539429, -0.055982012301683426, -0.2802760601043701, 0.7124570008199324, -0.09586083889007568, -0.986782431602478, -0.1306569129228592, 0.3374625214498704, -0.2692570388317108, 0.15207414329051971, -0.950985848903656, 2.5823485567597886, 0.0, 0.0, 0.0, 1.0, 4.2647, 0.0, 0.5, 0.0, 4.2647, 0.5, 0.0, 0.0, 1.0]], ["0_1_mirror.png", [0.9582856893539429, 0.055982012301683426, 0.2802760601043701, -0.7124570008199324, 0.09586083889007568, -0.986782431602478, -0.1306569129228592, 0.3374625214498704, 0.2692570388317108, 0.15207414329051971, -0.950985848903656, 2.5823485567597886, 0.0, 0.0, 0.0, 1.0, 4.2647, 0.0, 0.5, 0.0, 4.2647, 0.5, 0.0, 0.0, 1.0]], ["0_10.png", [0.9470332860946655, -0.10522004961967468, -0.30340850353240967, 0.7767611276540278, -0.17410893738269806, -0.9621191620826721, -0.20979218184947968, 0.5528295703862766, -0.269840806722641, 0.2515062987804413, -0.929478645324707, 2.526068410924805, 0.0, 0.0, 0.0, 1.0, 4.2647, 0.0, 0.5, 0.0, 4.2647, 0.5, 0.0, 0.0, 1.0]], ["0_10_mirror.png", [0.9470332860946655, 0.10522004961967468, 0.30340850353240967, -0.7767611276540278, 0.17410893738269806, -0.9621191620826721, -0.20979218184947968, 0.5528295703862766, 0.269840806722641, 0.2515062987804413, -0.929478645324707, 2.526068410924805, 0.0, 0.0, 0.0, 1.0, 4.2647, 0.0, 0.5, 0.0, 4.2647, 0.5, 0.0, 0.0, 1.0]], ["0_11.png", [0.9913278222084045, -0.13112246990203857, 0.008720055222511292, -0.020260575152553462, -0.13016390800476074, -0.988871693611145, -0.07204190641641617, 0.18088092033474246, 0.018069328740239143, 0.07028210908174515, -0.9973635077476501, 2.6938581257655985, 0.0, 0.0, 0.0, 1.0, 4.2647, 0.0, 0.5, 0.0, 4.2647, 0.5, 0.0, 0.0, 1.0]], ["0_11_mirror.png", [0.9913278222084045, 0.13112246990203857, -0.008720055222511292, 0.020260575152553462, 0.13016390800476074, -0.988871693611145, -0.07204190641641617, 0.18088092033474246, -0.018069328740239143, 0.07028210908174515, -0.9973635077476501, 2.6938581257655985, 0.0, 0.0, 0.0, 1.0, 4.2647, 0.0, 0.5, 0.0, 4.2647, 0.5, 0.0, 0.0, 1.0]], ["0_12.png", [0.9885897636413574, -0.03011188842356205, -0.14759254455566406, 0.3779719894222855, -0.05272696167230606, -0.9870036244392395, -0.15180163085460663, 0.4004088783402168, -0.1411033421754837, 0.15785165131092072, -0.9773293733596802, 2.6432574421267576, 0.0, 0.0, 0.0, 1.0, 4.2647, 0.0, 0.5, 0.0, 4.2647, 0.5, 0.0, 0.0, 1.0]], ["0_12_mirror.png", [0.9885897636413574, 0.03011188842356205, 0.14759254455566406, -0.3779719894222855, 0.05272696167230606, -0.9870036244392395, -0.15180163085460663, 0.4004088783402168, 0.1411033421754837, 0.15785165131092072, -0.9773293733596802, 2.6432574421267576, 0.0, 0.0, 0.0, 1.0, 4.2647, 0.0, 0.5, 0.0, 4.2647, 0.5, 0.0, 0.0, 1.0]], ["0_13.png", [0.9892341494560242, 0.05013091117143631, 0.13748657703399658, -0.34807832454739684, 0.06545209884643555, -0.9918534159660339, -0.1092829778790474, 0.28068544859233724, 0.13088807463645935, 0.11710524559020996, -0.9844565391540527, 2.6627161243603865, 0.0, 0.0, 0.0, 1.0, 4.2647, 0.0, 0.5, 0.0, 4.2647, 0.5, 0.0, 0.0, 1.0]], ["0_13_mirror.png", [0.9892341494560242, -0.05013091117143631, -0.13748657703399658, 0.34807832454739684, -0.06545209884643555, -0.9918534159660339, -0.1092829778790474, 0.28068544859233724, -0.13088807463645935, 0.11710524559020996, -0.9844565391540527, 2.6627161243603865, 0.0, 0.0, 0.0, 1.0, 4.2647, 0.0, 0.5, 0.0, 4.2647, 0.5, 0.0, 0.0, 1.0]], ["0_14.png", [0.9739360809326172, -0.07268320024013519, -0.21486224234104156, 0.5491363921960137, -0.10695645213127136, -0.9825056791305542, -0.15245626866817474, 0.39388871329705805, -0.2000223696231842, 0.17146353423595428, -0.9646716713905334, 2.6140583207539834, 0.0, 0.0, 0.0, 1.0, 4.2647, 0.0, 0.5, 0.0, 4.2647, 0.5, 0.0, 0.0, 1.0]], ["0_14_mirror.png", [0.9739360809326172, 0.07268320024013519, 0.21486224234104156, -0.5491363921960137, 0.10695645213127136, -0.9825056791305542, -0.15245626866817474, 0.39388871329705805, 0.2000223696231842, 0.17146353423595428, -0.9646716713905334, 2.6140583207539834, 0.0, 0.0, 0.0, 1.0, 4.2647, 0.0, 0.5, 0.0, 4.2647, 0.5, 0.0, 0.0, 1.0]], ["0_15.png", [0.9937230348587036, -0.11178901046514511, -0.004215478431433439, 0.014476160425537572, -0.1114935502409935, -0.9866068363189697, -0.11906387656927109, 0.31672130862818587, 0.009151013568043709, 0.1187865138053894, -0.9928776621818542, 2.681320207181564, 0.0, 0.0, 0.0, 1.0, 4.2647, 0.0, 0.5, 0.0, 4.2647, 0.5, 0.0, 0.0, 1.0]], ["0_15_mirror.png", [0.9937230348587036, 0.11178901046514511, 0.004215478431433439, -0.014476160425537572, 0.1114935502409935, -0.9866068363189697, -0.11906387656927109, 0.31672130862818587, -0.009151013568043709, 0.1187865138053894, -0.9928776621818542, 2.681320207181564, 0.0, 0.0, 0.0, 1.0, 4.2647, 0.0, 0.5, 0.0, 4.2647, 0.5, 0.0, 0.0, 1.0]], ["0_16.png", [0.9931808710098267, -0.10261107236146927, 0.0553411990404129, -0.13833296791440466, -0.09573161602020264, -0.988719642162323, -0.1151903048157692, 0.29808749115352273, 0.06653673201799393, 0.10910691320896149, -0.9918006658554077, 2.6799268343754816, 0.0, 0.0, 0.0, 1.0, 4.2647, 0.0, 0.5, 0.0, 4.2647, 0.5, 0.0, 0.0, 1.0]], ["0_16_mirror.png", [0.9931808710098267, 0.10261107236146927, -0.0553411990404129, 0.13833296791440466, 0.09573161602020264, -0.988719642162323, -0.1151903048157692, 0.29808749115352273, -0.06653673201799393, 0.10910691320896149, -0.9918006658554077, 2.6799268343754816, 0.0, 0.0, 0.0, 1.0, 4.2647, 0.0, 0.5, 0.0, 4.2647, 0.5, 0.0, 0.0, 1.0]], ["0_17.png", [0.9931698441505432, -0.06829070299863815, -0.09460443258285522, 0.2395202272894138, -0.07919158786535263, -0.9900019764900208, -0.11672567576169968, 0.3025950382746943, -0.0856872946023941, 0.12342030555009842, -0.9886481165885925, 2.6722773627620997, 0.0, 0.0, 0.0, 1.0, 4.2647, 0.0, 0.5, 0.0, 4.2647, 0.5, 0.0, 0.0, 1.0]], ["0_17_mirror.png", [0.9931698441505432, 0.06829070299863815, 0.09460443258285522, -0.2395202272894138, 0.07919158786535263, -0.9900019764900208, -0.11672567576169968, 0.3025950382746943, 0.0856872946023941, 0.12342030555009842, -0.9886481165885925, 2.6722773627620997, 0.0, 0.0, 0.0, 1.0, 4.2647, 0.0, 0.5, 0.0, 4.2647, 0.5, 0.0, 0.0, 1.0]], ["0_18.png", [0.9820265769958496, -0.07495366036891937, -0.17322181165218353, 0.4415983295685402, -0.1030910536646843, -0.981780469417572, -0.15962257981300354, 0.42049948171560647, -0.15810149908065796, 0.17461124062538147, -0.9718615412712097, 2.6302416431193505, 0.0, 0.0, 0.0, 1.0, 4.2647, 0.0, 0.5, 0.0, 4.2647, 0.5, 0.0, 0.0, 1.0]], ["0_18_mirror.png", [0.9820265769958496, 0.07495366036891937, 0.17322181165218353, -0.4415983295685402, 0.1030910536646843, -0.981780469417572, -0.15962257981300354, 0.42049948171560647, 0.15810149908065796, 0.17461124062538147, -0.9718615412712097, 2.6302416431193505, 0.0, 0.0, 0.0, 1.0, 4.2647, 0.0, 0.5, 0.0, 4.2647, 0.5, 0.0, 0.0, 1.0]], ["0_19.png", [0.9966303110122681, 0.011080602183938026, -0.08127214014530182, 0.20536511698060925, 0.009092493914067745, -0.9996512532234192, -0.024791806936264038, 0.07714700933755506, -0.0815185084939003, 0.023969300091266632, -0.996383547782898, 2.691072928717803, 0.0, 0.0, 0.0, 1.0, 4.2647, 0.0, 0.5, 0.0, 4.2647, 0.5, 0.0, 0.0, 1.0]], ["0_19_mirror.png", [0.9966303110122681, -0.011080602183938026, 0.08127214014530182, -0.20536511698060925, -0.009092493914067745, -0.9996512532234192, -0.024791806936264038, 0.07714700933755506, 0.0815185084939003, 0.023969300091266632, -0.996383547782898, 2.691072928717803, 0.0, 0.0, 0.0, 1.0, 4.2647, 0.0, 0.5, 0.0, 4.2647, 0.5, 0.0, 0.0, 1.0]], ["0_2.png", [0.9926605224609375, -0.061685558408498764, -0.10401884466409683, 0.26306784482604484, -0.07838358730077744, -0.9831782579421997, -0.1649739146232605, 0.4322995925176426, -0.09209256619215012, 0.17191645503044128, -0.9807974696159363, 2.6521524034880914, 0.0, 0.0, 0.0, 1.0, 4.2647, 0.0, 0.5, 0.0, 4.2647, 0.5, 0.0, 0.0, 1.0]], ["0_2_mirror.png", [0.9926605224609375, 0.061685558408498764, 0.10401884466409683, -0.26306784482604484, 0.07838358730077744, -0.9831782579421997, -0.1649739146232605, 0.4322995925176426, 0.09209256619215012, 0.17191645503044128, -0.9807974696159363, 2.6521524034880914, 0.0, 0.0, 0.0, 1.0, 4.2647, 0.0, 0.5, 0.0, 4.2647, 0.5, 0.0, 0.0, 1.0]], ["0_3.png", [0.9904658794403076, 0.1278376281261444, 0.051331669092178345, -0.12993337163823787, 0.13164235651493073, -0.9881248474121094, -0.07924401760101318, 0.21555359556113915, 0.04059172794222832, 0.08524591475725174, -0.995532751083374, 2.688243658297251, 0.0, 0.0, 0.0, 1.0, 4.2647, 0.0, 0.5, 0.0, 4.2647, 0.5, 0.0, 0.0, 1.0]], ["0_3_mirror.png", [0.9904658794403076, -0.1278376281261444, -0.051331669092178345, 0.12993337163823787, -0.13164235651493073, -0.9881248474121094, -0.07924401760101318, 0.21555359556113915, -0.04059172794222832, 0.08524591475725174, -0.995532751083374, 2.688243658297251, 0.0, 0.0, 0.0, 1.0, 4.2647, 0.0, 0.5, 0.0, 4.2647, 0.5, 0.0, 0.0, 1.0]], ["0_4.png", [0.994064450263977, -0.08848985284566879, -0.06328791379928589, 0.16306951962020277, -0.09330537915229797, -0.9926024079322815, -0.07768187671899796, 0.20288055809599007, -0.055945683270692825, 0.08312588930130005, -0.9949674010276794, 2.6874240102591735, 0.0, 0.0, 0.0, 1.0, 4.2647, 0.0, 0.5, 0.0, 4.2647, 0.5, 0.0, 0.0, 1.0]], ["0_4_mirror.png", [0.994064450263977, 0.08848985284566879, 0.06328791379928589, -0.16306951962020277, 0.09330537915229797, -0.9926024079322815, -0.07768187671899796, 0.20288055809599007, 0.055945683270692825, 0.08312588930130005, -0.9949674010276794, 2.6874240102591735, 0.0, 0.0, 0.0, 1.0, 4.2647, 0.0, 0.5, 0.0, 4.2647, 0.5, 0.0, 0.0, 1.0]], ["0_5.png", [0.9899144172668457, 0.1389818787574768, 0.02744721807539463, -0.0698156914077708, 0.14163479208946228, -0.9750211238861084, -0.17109480500221252, 0.4405359232991666, 0.002982538193464279, 0.17325671017169952, -0.9848721623420715, 2.6629032782878554, 0.0, 0.0, 0.0, 1.0, 4.2647, 0.0, 0.5, 0.0, 4.2647, 0.5, 0.0, 0.0, 1.0]], ["0_5_mirror.png", [0.9899144172668457, -0.1389818787574768, -0.02744721807539463, 0.0698156914077708, -0.14163479208946228, -0.9750211238861084, -0.17109480500221252, 0.4405359232991666, -0.002982538193464279, 0.17325671017169952, -0.9848721623420715, 2.6629032782878554, 0.0, 0.0, 0.0, 1.0, 4.2647, 0.0, 0.5, 0.0, 4.2647, 0.5, 0.0, 0.0, 1.0]], ["0_6.png", [0.944932758808136, -0.1563577502965927, 0.2874965965747833, -0.7328581881561722, -0.1386169046163559, -0.9870119690895081, -0.08119513839483261, 0.22138382818097416, 0.29645806550979614, 0.036872051656246185, -0.9543338418006897, 2.589190621926549, 0.0, 0.0, 0.0, 1.0, 4.2647, 0.0, 0.5, 0.0, 4.2647, 0.5, 0.0, 0.0, 1.0]], ["0_6_mirror.png", [0.944932758808136, 0.1563577502965927, -0.2874965965747833, 0.7328581881561722, 0.1386169046163559, -0.9870119690895081, -0.08119513839483261, 0.22138382818097416, -0.29645806550979614, 0.036872051656246185, -0.9543338418006897, 2.589190621926549, 0.0, 0.0, 0.0, 1.0, 4.2647, 0.0, 0.5, 0.0, 4.2647, 0.5, 0.0, 0.0, 1.0]], ["0_7.png", [0.9892387390136719, -0.1222648024559021, 0.08036179095506668, -0.20235566435378824, -0.10987810790538788, -0.9834964275360107, -0.1437414139509201, 0.37272351480793126, 0.09661004692316055, 0.13336457312107086, -0.986346960067749, 2.666482583219542, 0.0, 0.0, 0.0, 1.0, 4.2647, 0.0, 0.5, 0.0, 4.2647, 0.5, 0.0, 0.0, 1.0]], ["0_7_mirror.png", [0.9892387390136719, 0.1222648024559021, -0.08036179095506668, 0.20235566435378824, 0.10987810790538788, -0.9834964275360107, -0.1437414139509201, 0.37272351480793126, -0.09661004692316055, 0.13336457312107086, -0.986346960067749, 2.666482583219542, 0.0, 0.0, 0.0, 1.0, 4.2647, 0.0, 0.5, 0.0, 4.2647, 0.5, 0.0, 0.0, 1.0]], ["0_8.png", [0.9978065490722656, 0.02312598004937172, 0.06202718988060951, -0.15888216631704855, 0.02587236650288105, -0.9987032413482666, -0.04384567216038704, 0.12218402290882405, 0.06093278154730797, 0.04535428807139397, -0.997110903263092, 2.692550374973924, 0.0, 0.0, 0.0, 1.0, 4.2647, 0.0, 0.5, 0.0, 4.2647, 0.5, 0.0, 0.0, 1.0]], ["0_8_mirror.png", [0.9978065490722656, -0.02312598004937172, -0.06202718988060951, 0.15888216631704855, -0.02587236650288105, -0.9987032413482666, -0.04384567216038704, 0.12218402290882405, -0.06093278154730797, 0.04535428807139397, -0.997110903263092, 2.692550374973924, 0.0, 0.0, 0.0, 1.0, 4.2647, 0.0, 0.5, 0.0, 4.2647, 0.5, 0.0, 0.0, 1.0]], ["0_9.png", [0.9960620999336243, 0.07416057586669922, 0.04858437180519104, -0.1241051121953035, 0.07530063390731812, -0.9969165921211243, -0.02206866256892681, 0.06749599360076869, 0.046797942370176315, 0.02564019151031971, -0.9985752105712891, 2.6963015803086336, 0.0, 0.0, 0.0, 1.0, 4.2647, 0.0, 0.5, 0.0, 4.2647, 0.5, 0.0, 0.0, 1.0]], ["0_9_mirror.png", [0.9960620999336243, -0.07416057586669922, -0.04858437180519104, 0.1241051121953035, -0.07530063390731812, -0.9969165921211243, -0.02206866256892681, 0.06749599360076869, -0.046797942370176315, 0.02564019151031971, -0.9985752105712891, 2.6963015803086336, 0.0, 0.0, 0.0, 1.0, 4.2647, 0.0, 0.5, 0.0, 4.2647, 0.5, 0.0, 0.0, 1.0]], ["0_0.png", [0.9973821640014648, 0.04838750138878822, -0.053735096007585526, 0.13943574241894505, 0.044415250420570374, -0.9963566064834595, -0.07280585914850235, 0.19269100595589658, -0.057062212377786636, 0.07022860646247864, -0.9958975315093994, 2.689503271974173, 0.0, 0.0, 0.0, 1.0, 4.2647, 0.0, 0.5, 0.0, 4.2647, 0.5, 0.0, 0.0, 1.0]], ["0_0_mirror.png", [0.9973821640014648, -0.04838750138878822, 0.053735096007585526, -0.13943574241894505, -0.044415250420570374, -0.9963566064834595, -0.07280585914850235, 0.19269100595589658, 0.057062212377786636, 0.07022860646247864, -0.9958975315093994, 2.689503271974173, 0.0, 0.0, 0.0, 1.0, 4.2647, 0.0, 0.5, 0.0, 4.2647, 0.5, 0.0, 0.0, 1.0]], ["0_1.png", [0.9582856893539429, -0.055982012301683426, -0.2802760601043701, 0.7124570008199324, -0.09586083889007568, -0.986782431602478, -0.1306569129228592, 0.3374625214498704, -0.2692570388317108, 0.15207414329051971, -0.950985848903656, 2.5823485567597886, 0.0, 0.0, 0.0, 1.0, 4.2647, 0.0, 0.5, 0.0, 4.2647, 0.5, 0.0, 0.0, 1.0]], ["0_1_mirror.png", [0.9582856893539429, 0.055982012301683426, 0.2802760601043701, -0.7124570008199324, 0.09586083889007568, -0.986782431602478, -0.1306569129228592, 0.3374625214498704, 0.2692570388317108, 0.15207414329051971, -0.950985848903656, 2.5823485567597886, 0.0, 0.0, 0.0, 1.0, 4.2647, 0.0, 0.5, 0.0, 4.2647, 0.5, 0.0, 0.0, 1.0]], ["0_10.png", [0.9470332860946655, -0.10522004961967468, -0.30340850353240967, 0.7767611276540278, -0.17410893738269806, -0.9621191620826721, -0.20979218184947968, 0.5528295703862766, -0.269840806722641, 0.2515062987804413, -0.929478645324707, 2.526068410924805, 0.0, 0.0, 0.0, 1.0, 4.2647, 0.0, 0.5, 0.0, 4.2647, 0.5, 0.0, 0.0, 1.0]], ["0_10_mirror.png", [0.9470332860946655, 0.10522004961967468, 0.30340850353240967, -0.7767611276540278, 0.17410893738269806, -0.9621191620826721, -0.20979218184947968, 0.5528295703862766, 0.269840806722641, 0.2515062987804413, -0.929478645324707, 2.526068410924805, 0.0, 0.0, 0.0, 1.0, 4.2647, 0.0, 0.5, 0.0, 4.2647, 0.5, 0.0, 0.0, 1.0]], ["0_11.png", [0.9913278222084045, -0.13112246990203857, 0.008720055222511292, -0.020260575152553462, -0.13016390800476074, -0.988871693611145, -0.07204190641641617, 0.18088092033474246, 0.018069328740239143, 0.07028210908174515, -0.9973635077476501, 2.6938581257655985, 0.0, 0.0, 0.0, 1.0, 4.2647, 0.0, 0.5, 0.0, 4.2647, 0.5, 0.0, 0.0, 1.0]], ["0_11_mirror.png", [0.9913278222084045, 0.13112246990203857, -0.008720055222511292, 0.020260575152553462, 0.13016390800476074, -0.988871693611145, -0.07204190641641617, 0.18088092033474246, -0.018069328740239143, 0.07028210908174515, -0.9973635077476501, 2.6938581257655985, 0.0, 0.0, 0.0, 1.0, 4.2647, 0.0, 0.5, 0.0, 4.2647, 0.5, 0.0, 0.0, 1.0]], ["0_12.png", [0.9885897636413574, -0.03011188842356205, -0.14759254455566406, 0.3779719894222855, -0.05272696167230606, -0.9870036244392395, -0.15180163085460663, 0.4004088783402168, -0.1411033421754837, 0.15785165131092072, -0.9773293733596802, 2.6432574421267576, 0.0, 0.0, 0.0, 1.0, 4.2647, 0.0, 0.5, 0.0, 4.2647, 0.5, 0.0, 0.0, 1.0]], ["0_12_mirror.png", [0.9885897636413574, 0.03011188842356205, 0.14759254455566406, -0.3779719894222855, 0.05272696167230606, -0.9870036244392395, -0.15180163085460663, 0.4004088783402168, 0.1411033421754837, 0.15785165131092072, -0.9773293733596802, 2.6432574421267576, 0.0, 0.0, 0.0, 1.0, 4.2647, 0.0, 0.5, 0.0, 4.2647, 0.5, 0.0, 0.0, 1.0]], ["0_13.png", [0.9892341494560242, 0.05013091117143631, 0.13748657703399658, -0.34807832454739684, 0.06545209884643555, -0.9918534159660339, -0.1092829778790474, 0.28068544859233724, 0.13088807463645935, 0.11710524559020996, -0.9844565391540527, 2.6627161243603865, 0.0, 0.0, 0.0, 1.0, 4.2647, 0.0, 0.5, 0.0, 4.2647, 0.5, 0.0, 0.0, 1.0]], ["0_13_mirror.png", [0.9892341494560242, -0.05013091117143631, -0.13748657703399658, 0.34807832454739684, -0.06545209884643555, -0.9918534159660339, -0.1092829778790474, 0.28068544859233724, -0.13088807463645935, 0.11710524559020996, -0.9844565391540527, 2.6627161243603865, 0.0, 0.0, 0.0, 1.0, 4.2647, 0.0, 0.5, 0.0, 4.2647, 0.5, 0.0, 0.0, 1.0]], ["0_14.png", [0.9739360809326172, -0.07268320024013519, -0.21486224234104156, 0.5491363921960137, -0.10695645213127136, -0.9825056791305542, -0.15245626866817474, 0.39388871329705805, -0.2000223696231842, 0.17146353423595428, -0.9646716713905334, 2.6140583207539834, 0.0, 0.0, 0.0, 1.0, 4.2647, 0.0, 0.5, 0.0, 4.2647, 0.5, 0.0, 0.0, 1.0]], ["0_14_mirror.png", [0.9739360809326172, 0.07268320024013519, 0.21486224234104156, -0.5491363921960137, 0.10695645213127136, -0.9825056791305542, -0.15245626866817474, 0.39388871329705805, 0.2000223696231842, 0.17146353423595428, -0.9646716713905334, 2.6140583207539834, 0.0, 0.0, 0.0, 1.0, 4.2647, 0.0, 0.5, 0.0, 4.2647, 0.5, 0.0, 0.0, 1.0]], ["0_15.png", [0.9937230348587036, -0.11178901046514511, -0.004215478431433439, 0.014476160425537572, -0.1114935502409935, -0.9866068363189697, -0.11906387656927109, 0.31672130862818587, 0.009151013568043709, 0.1187865138053894, -0.9928776621818542, 2.681320207181564, 0.0, 0.0, 0.0, 1.0, 4.2647, 0.0, 0.5, 0.0, 4.2647, 0.5, 0.0, 0.0, 1.0]], ["0_15_mirror.png", [0.9937230348587036, 0.11178901046514511, 0.004215478431433439, -0.014476160425537572, 0.1114935502409935, -0.9866068363189697, -0.11906387656927109, 0.31672130862818587, -0.009151013568043709, 0.1187865138053894, -0.9928776621818542, 2.681320207181564, 0.0, 0.0, 0.0, 1.0, 4.2647, 0.0, 0.5, 0.0, 4.2647, 0.5, 0.0, 0.0, 1.0]], ["0_16.png", [0.9931808710098267, -0.10261107236146927, 0.0553411990404129, -0.13833296791440466, -0.09573161602020264, -0.988719642162323, -0.1151903048157692, 0.29808749115352273, 0.06653673201799393, 0.10910691320896149, -0.9918006658554077, 2.6799268343754816, 0.0, 0.0, 0.0, 1.0, 4.2647, 0.0, 0.5, 0.0, 4.2647, 0.5, 0.0, 0.0, 1.0]], ["0_16_mirror.png", [0.9931808710098267, 0.10261107236146927, -0.0553411990404129, 0.13833296791440466, 0.09573161602020264, -0.988719642162323, -0.1151903048157692, 0.29808749115352273, -0.06653673201799393, 0.10910691320896149, -0.9918006658554077, 2.6799268343754816, 0.0, 0.0, 0.0, 1.0, 4.2647, 0.0, 0.5, 0.0, 4.2647, 0.5, 0.0, 0.0, 1.0]], ["0_17.png", [0.9931698441505432, -0.06829070299863815, -0.09460443258285522, 0.2395202272894138, -0.07919158786535263, -0.9900019764900208, -0.11672567576169968, 0.3025950382746943, -0.0856872946023941, 0.12342030555009842, -0.9886481165885925, 2.6722773627620997, 0.0, 0.0, 0.0, 1.0, 4.2647, 0.0, 0.5, 0.0, 4.2647, 0.5, 0.0, 0.0, 1.0]], ["0_17_mirror.png", [0.9931698441505432, 0.06829070299863815, 0.09460443258285522, -0.2395202272894138, 0.07919158786535263, -0.9900019764900208, -0.11672567576169968, 0.3025950382746943, 0.0856872946023941, 0.12342030555009842, -0.9886481165885925, 2.6722773627620997, 0.0, 0.0, 0.0, 1.0, 4.2647, 0.0, 0.5, 0.0, 4.2647, 0.5, 0.0, 0.0, 1.0]], ["0_18.png", [0.9820265769958496, -0.07495366036891937, -0.17322181165218353, 0.4415983295685402, -0.1030910536646843, -0.981780469417572, -0.15962257981300354, 0.42049948171560647, -0.15810149908065796, 0.17461124062538147, -0.9718615412712097, 2.6302416431193505, 0.0, 0.0, 0.0, 1.0, 4.2647, 0.0, 0.5, 0.0, 4.2647, 0.5, 0.0, 0.0, 1.0]], ["0_18_mirror.png", [0.9820265769958496, 0.07495366036891937, 0.17322181165218353, -0.4415983295685402, 0.1030910536646843, -0.981780469417572, -0.15962257981300354, 0.42049948171560647, 0.15810149908065796, 0.17461124062538147, -0.9718615412712097, 2.6302416431193505, 0.0, 0.0, 0.0, 1.0, 4.2647, 0.0, 0.5, 0.0, 4.2647, 0.5, 0.0, 0.0, 1.0]], ["0_19.png", [0.9966303110122681, 0.011080602183938026, -0.08127214014530182, 0.20536511698060925, 0.009092493914067745, -0.9996512532234192, -0.024791806936264038, 0.07714700933755506, -0.0815185084939003, 0.023969300091266632, -0.996383547782898, 2.691072928717803, 0.0, 0.0, 0.0, 1.0, 4.2647, 0.0, 0.5, 0.0, 4.2647, 0.5, 0.0, 0.0, 1.0]], ["0_19_mirror.png", [0.9966303110122681, -0.011080602183938026, 0.08127214014530182, -0.20536511698060925, -0.009092493914067745, -0.9996512532234192, -0.024791806936264038, 0.07714700933755506, 0.0815185084939003, 0.023969300091266632, -0.996383547782898, 2.691072928717803, 0.0, 0.0, 0.0, 1.0, 4.2647, 0.0, 0.5, 0.0, 4.2647, 0.5, 0.0, 0.0, 1.0]], ["0_2.png", [0.9926605224609375, -0.061685558408498764, -0.10401884466409683, 0.26306784482604484, -0.07838358730077744, -0.9831782579421997, -0.1649739146232605, 0.4322995925176426, -0.09209256619215012, 0.17191645503044128, -0.9807974696159363, 2.6521524034880914, 0.0, 0.0, 0.0, 1.0, 4.2647, 0.0, 0.5, 0.0, 4.2647, 0.5, 0.0, 0.0, 1.0]], ["0_2_mirror.png", [0.9926605224609375, 0.061685558408498764, 0.10401884466409683, -0.26306784482604484, 0.07838358730077744, -0.9831782579421997, -0.1649739146232605, 0.4322995925176426, 0.09209256619215012, 0.17191645503044128, -0.9807974696159363, 2.6521524034880914, 0.0, 0.0, 0.0, 1.0, 4.2647, 0.0, 0.5, 0.0, 4.2647, 0.5, 0.0, 0.0, 1.0]], ["0_3.png", [0.9904658794403076, 0.1278376281261444, 0.051331669092178345, -0.12993337163823787, 0.13164235651493073, -0.9881248474121094, -0.07924401760101318, 0.21555359556113915, 0.04059172794222832, 0.08524591475725174, -0.995532751083374, 2.688243658297251, 0.0, 0.0, 0.0, 1.0, 4.2647, 0.0, 0.5, 0.0, 4.2647, 0.5, 0.0, 0.0, 1.0]], ["0_3_mirror.png", [0.9904658794403076, -0.1278376281261444, -0.051331669092178345, 0.12993337163823787, -0.13164235651493073, -0.9881248474121094, -0.07924401760101318, 0.21555359556113915, -0.04059172794222832, 0.08524591475725174, -0.995532751083374, 2.688243658297251, 0.0, 0.0, 0.0, 1.0, 4.2647, 0.0, 0.5, 0.0, 4.2647, 0.5, 0.0, 0.0, 1.0]], ["0_4.png", [0.994064450263977, -0.08848985284566879, -0.06328791379928589, 0.16306951962020277, -0.09330537915229797, -0.9926024079322815, -0.07768187671899796, 0.20288055809599007, -0.055945683270692825, 0.08312588930130005, -0.9949674010276794, 2.6874240102591735, 0.0, 0.0, 0.0, 1.0, 4.2647, 0.0, 0.5, 0.0, 4.2647, 0.5, 0.0, 0.0, 1.0]], ["0_4_mirror.png", [0.994064450263977, 0.08848985284566879, 0.06328791379928589, -0.16306951962020277, 0.09330537915229797, -0.9926024079322815, -0.07768187671899796, 0.20288055809599007, 0.055945683270692825, 0.08312588930130005, -0.9949674010276794, 2.6874240102591735, 0.0, 0.0, 0.0, 1.0, 4.2647, 0.0, 0.5, 0.0, 4.2647, 0.5, 0.0, 0.0, 1.0]], ["0_5.png", [0.9899144172668457, 0.1389818787574768, 0.02744721807539463, -0.0698156914077708, 0.14163479208946228, -0.9750211238861084, -0.17109480500221252, 0.4405359232991666, 0.002982538193464279, 0.17325671017169952, -0.9848721623420715, 2.6629032782878554, 0.0, 0.0, 0.0, 1.0, 4.2647, 0.0, 0.5, 0.0, 4.2647, 0.5, 0.0, 0.0, 1.0]], ["0_5_mirror.png", [0.9899144172668457, -0.1389818787574768, -0.02744721807539463, 0.0698156914077708, -0.14163479208946228, -0.9750211238861084, -0.17109480500221252, 0.4405359232991666, -0.002982538193464279, 0.17325671017169952, -0.9848721623420715, 2.6629032782878554, 0.0, 0.0, 0.0, 1.0, 4.2647, 0.0, 0.5, 0.0, 4.2647, 0.5, 0.0, 0.0, 1.0]], ["0_6.png", [0.944932758808136, -0.1563577502965927, 0.2874965965747833, -0.7328581881561722, -0.1386169046163559, -0.9870119690895081, -0.08119513839483261, 0.22138382818097416, 0.29645806550979614, 0.036872051656246185, -0.9543338418006897, 2.589190621926549, 0.0, 0.0, 0.0, 1.0, 4.2647, 0.0, 0.5, 0.0, 4.2647, 0.5, 0.0, 0.0, 1.0]], ["0_6_mirror.png", [0.944932758808136, 0.1563577502965927, -0.2874965965747833, 0.7328581881561722, 0.1386169046163559, -0.9870119690895081, -0.08119513839483261, 0.22138382818097416, -0.29645806550979614, 0.036872051656246185, -0.9543338418006897, 2.589190621926549, 0.0, 0.0, 0.0, 1.0, 4.2647, 0.0, 0.5, 0.0, 4.2647, 0.5, 0.0, 0.0, 1.0]], ["0_7.png", [0.9892387390136719, -0.1222648024559021, 0.08036179095506668, -0.20235566435378824, -0.10987810790538788, -0.9834964275360107, -0.1437414139509201, 0.37272351480793126, 0.09661004692316055, 0.13336457312107086, -0.986346960067749, 2.666482583219542, 0.0, 0.0, 0.0, 1.0, 4.2647, 0.0, 0.5, 0.0, 4.2647, 0.5, 0.0, 0.0, 1.0]], ["0_7_mirror.png", [0.9892387390136719, 0.1222648024559021, -0.08036179095506668, 0.20235566435378824, 0.10987810790538788, -0.9834964275360107, -0.1437414139509201, 0.37272351480793126, -0.09661004692316055, 0.13336457312107086, -0.986346960067749, 2.666482583219542, 0.0, 0.0, 0.0, 1.0, 4.2647, 0.0, 0.5, 0.0, 4.2647, 0.5, 0.0, 0.0, 1.0]], ["0_8.png", [0.9978065490722656, 0.02312598004937172, 0.06202718988060951, -0.15888216631704855, 0.02587236650288105, -0.9987032413482666, -0.04384567216038704, 0.12218402290882405, 0.06093278154730797, 0.04535428807139397, -0.997110903263092, 2.692550374973924, 0.0, 0.0, 0.0, 1.0, 4.2647, 0.0, 0.5, 0.0, 4.2647, 0.5, 0.0, 0.0, 1.0]], ["0_8_mirror.png", [0.9978065490722656, -0.02312598004937172, -0.06202718988060951, 0.15888216631704855, -0.02587236650288105, -0.9987032413482666, -0.04384567216038704, 0.12218402290882405, -0.06093278154730797, 0.04535428807139397, -0.997110903263092, 2.692550374973924, 0.0, 0.0, 0.0, 1.0, 4.2647, 0.0, 0.5, 0.0, 4.2647, 0.5, 0.0, 0.0, 1.0]], ["0_9.png", [0.9960620999336243, 0.07416057586669922, 0.04858437180519104, -0.1241051121953035, 0.07530063390731812, -0.9969165921211243, -0.02206866256892681, 0.06749599360076869, 0.046797942370176315, 0.02564019151031971, -0.9985752105712891, 2.6963015803086336, 0.0, 0.0, 0.0, 1.0, 4.2647, 0.0, 0.5, 0.0, 4.2647, 0.5, 0.0, 0.0, 1.0]], ["0_9_mirror.png", [0.9960620999336243, -0.07416057586669922, -0.04858437180519104, 0.1241051121953035, -0.07530063390731812, -0.9969165921211243, -0.02206866256892681, 0.06749599360076869, -0.046797942370176315, 0.02564019151031971, -0.9985752105712891, 2.6963015803086336, 0.0, 0.0, 0.0, 1.0, 4.2647, 0.0, 0.5, 0.0, 4.2647, 0.5, 0.0, 0.0, 1.0]], ["0_0.png", [0.9973821640014648, 0.04838750138878822, -0.053735096007585526, 0.13943574241894505, 0.044415250420570374, -0.9963566064834595, -0.07280585914850235, 0.19269100595589658, -0.057062212377786636, 0.07022860646247864, -0.9958975315093994, 2.689503271974173, 0.0, 0.0, 0.0, 1.0, 4.2647, 0.0, 0.5, 0.0, 4.2647, 0.5, 0.0, 0.0, 1.0]], ["0_0_mirror.png", [0.9973821640014648, -0.04838750138878822, 0.053735096007585526, -0.13943574241894505, -0.044415250420570374, -0.9963566064834595, -0.07280585914850235, 0.19269100595589658, 0.057062212377786636, 0.07022860646247864, -0.9958975315093994, 2.689503271974173, 0.0, 0.0, 0.0, 1.0, 4.2647, 0.0, 0.5, 0.0, 4.2647, 0.5, 0.0, 0.0, 1.0]], ["0_1.png", [0.9582856893539429, -0.055982012301683426, -0.2802760601043701, 0.7124570008199324, -0.09586083889007568, -0.986782431602478, -0.1306569129228592, 0.3374625214498704, -0.2692570388317108, 0.15207414329051971, -0.950985848903656, 2.5823485567597886, 0.0, 0.0, 0.0, 1.0, 4.2647, 0.0, 0.5, 0.0, 4.2647, 0.5, 0.0, 0.0, 1.0]], ["0_1_mirror.png", [0.9582856893539429, 0.055982012301683426, 0.2802760601043701, -0.7124570008199324, 0.09586083889007568, -0.986782431602478, -0.1306569129228592, 0.3374625214498704, 0.2692570388317108, 0.15207414329051971, -0.950985848903656, 2.5823485567597886, 0.0, 0.0, 0.0, 1.0, 4.2647, 0.0, 0.5, 0.0, 4.2647, 0.5, 0.0, 0.0, 1.0]], ["0_10.png", [0.9470332860946655, -0.10522004961967468, -0.30340850353240967, 0.7767611276540278, -0.17410893738269806, -0.9621191620826721, -0.20979218184947968, 0.5528295703862766, -0.269840806722641, 0.2515062987804413, -0.929478645324707, 2.526068410924805, 0.0, 0.0, 0.0, 1.0, 4.2647, 0.0, 0.5, 0.0, 4.2647, 0.5, 0.0, 0.0, 1.0]], ["0_10_mirror.png", [0.9470332860946655, 0.10522004961967468, 0.30340850353240967, -0.7767611276540278, 0.17410893738269806, -0.9621191620826721, -0.20979218184947968, 0.5528295703862766, 0.269840806722641, 0.2515062987804413, -0.929478645324707, 2.526068410924805, 0.0, 0.0, 0.0, 1.0, 4.2647, 0.0, 0.5, 0.0, 4.2647, 0.5, 0.0, 0.0, 1.0]], ["0_11.png", [0.9913278222084045, -0.13112246990203857, 0.008720055222511292, -0.020260575152553462, -0.13016390800476074, -0.988871693611145, -0.07204190641641617, 0.18088092033474246, 0.018069328740239143, 0.07028210908174515, -0.9973635077476501, 2.6938581257655985, 0.0, 0.0, 0.0, 1.0, 4.2647, 0.0, 0.5, 0.0, 4.2647, 0.5, 0.0, 0.0, 1.0]], ["0_11_mirror.png", [0.9913278222084045, 0.13112246990203857, -0.008720055222511292, 0.020260575152553462, 0.13016390800476074, -0.988871693611145, -0.07204190641641617, 0.18088092033474246, -0.018069328740239143, 0.07028210908174515, -0.9973635077476501, 2.6938581257655985, 0.0, 0.0, 0.0, 1.0, 4.2647, 0.0, 0.5, 0.0, 4.2647, 0.5, 0.0, 0.0, 1.0]], ["0_12.png", [0.9885897636413574, -0.03011188842356205, -0.14759254455566406, 0.3779719894222855, -0.05272696167230606, -0.9870036244392395, -0.15180163085460663, 0.4004088783402168, -0.1411033421754837, 0.15785165131092072, -0.9773293733596802, 2.6432574421267576, 0.0, 0.0, 0.0, 1.0, 4.2647, 0.0, 0.5, 0.0, 4.2647, 0.5, 0.0, 0.0, 1.0]], ["0_12_mirror.png", [0.9885897636413574, 0.03011188842356205, 0.14759254455566406, -0.3779719894222855, 0.05272696167230606, -0.9870036244392395, -0.15180163085460663, 0.4004088783402168, 0.1411033421754837, 0.15785165131092072, -0.9773293733596802, 2.6432574421267576, 0.0, 0.0, 0.0, 1.0, 4.2647, 0.0, 0.5, 0.0, 4.2647, 0.5, 0.0, 0.0, 1.0]], ["0_13.png", [0.9892341494560242, 0.05013091117143631, 0.13748657703399658, -0.34807832454739684, 0.06545209884643555, -0.9918534159660339, -0.1092829778790474, 0.28068544859233724, 0.13088807463645935, 0.11710524559020996, -0.9844565391540527, 2.6627161243603865, 0.0, 0.0, 0.0, 1.0, 4.2647, 0.0, 0.5, 0.0, 4.2647, 0.5, 0.0, 0.0, 1.0]], ["0_13_mirror.png", [0.9892341494560242, -0.05013091117143631, -0.13748657703399658, 0.34807832454739684, -0.06545209884643555, -0.9918534159660339, -0.1092829778790474, 0.28068544859233724, -0.13088807463645935, 0.11710524559020996, -0.9844565391540527, 2.6627161243603865, 0.0, 0.0, 0.0, 1.0, 4.2647, 0.0, 0.5, 0.0, 4.2647, 0.5, 0.0, 0.0, 1.0]], ["0_14.png", [0.9739360809326172, -0.07268320024013519, -0.21486224234104156, 0.5491363921960137, -0.10695645213127136, -0.9825056791305542, -0.15245626866817474, 0.39388871329705805, -0.2000223696231842, 0.17146353423595428, -0.9646716713905334, 2.6140583207539834, 0.0, 0.0, 0.0, 1.0, 4.2647, 0.0, 0.5, 0.0, 4.2647, 0.5, 0.0, 0.0, 1.0]], ["0_14_mirror.png", [0.9739360809326172, 0.07268320024013519, 0.21486224234104156, -0.5491363921960137, 0.10695645213127136, -0.9825056791305542, -0.15245626866817474, 0.39388871329705805, 0.2000223696231842, 0.17146353423595428, -0.9646716713905334, 2.6140583207539834, 0.0, 0.0, 0.0, 1.0, 4.2647, 0.0, 0.5, 0.0, 4.2647, 0.5, 0.0, 0.0, 1.0]], ["0_15.png", [0.9937230348587036, -0.11178901046514511, -0.004215478431433439, 0.014476160425537572, -0.1114935502409935, -0.9866068363189697, -0.11906387656927109, 0.31672130862818587, 0.009151013568043709, 0.1187865138053894, -0.9928776621818542, 2.681320207181564, 0.0, 0.0, 0.0, 1.0, 4.2647, 0.0, 0.5, 0.0, 4.2647, 0.5, 0.0, 0.0, 1.0]], ["0_15_mirror.png", [0.9937230348587036, 0.11178901046514511, 0.004215478431433439, -0.014476160425537572, 0.1114935502409935, -0.9866068363189697, -0.11906387656927109, 0.31672130862818587, -0.009151013568043709, 0.1187865138053894, -0.9928776621818542, 2.681320207181564, 0.0, 0.0, 0.0, 1.0, 4.2647, 0.0, 0.5, 0.0, 4.2647, 0.5, 0.0, 0.0, 1.0]], ["0_16.png", [0.9931808710098267, -0.10261107236146927, 0.0553411990404129, -0.13833296791440466, -0.09573161602020264, -0.988719642162323, -0.1151903048157692, 0.29808749115352273, 0.06653673201799393, 0.10910691320896149, -0.9918006658554077, 2.6799268343754816, 0.0, 0.0, 0.0, 1.0, 4.2647, 0.0, 0.5, 0.0, 4.2647, 0.5, 0.0, 0.0, 1.0]], ["0_16_mirror.png", [0.9931808710098267, 0.10261107236146927, -0.0553411990404129, 0.13833296791440466, 0.09573161602020264, -0.988719642162323, -0.1151903048157692, 0.29808749115352273, -0.06653673201799393, 0.10910691320896149, -0.9918006658554077, 2.6799268343754816, 0.0, 0.0, 0.0, 1.0, 4.2647, 0.0, 0.5, 0.0, 4.2647, 0.5, 0.0, 0.0, 1.0]], ["0_17.png", [0.9931698441505432, -0.06829070299863815, -0.09460443258285522, 0.2395202272894138, -0.07919158786535263, -0.9900019764900208, -0.11672567576169968, 0.3025950382746943, -0.0856872946023941, 0.12342030555009842, -0.9886481165885925, 2.6722773627620997, 0.0, 0.0, 0.0, 1.0, 4.2647, 0.0, 0.5, 0.0, 4.2647, 0.5, 0.0, 0.0, 1.0]], ["0_17_mirror.png", [0.9931698441505432, 0.06829070299863815, 0.09460443258285522, -0.2395202272894138, 0.07919158786535263, -0.9900019764900208, -0.11672567576169968, 0.3025950382746943, 0.0856872946023941, 0.12342030555009842, -0.9886481165885925, 2.6722773627620997, 0.0, 0.0, 0.0, 1.0, 4.2647, 0.0, 0.5, 0.0, 4.2647, 0.5, 0.0, 0.0, 1.0]], ["0_18.png", [0.9820265769958496, -0.07495366036891937, -0.17322181165218353, 0.4415983295685402, -0.1030910536646843, -0.981780469417572, -0.15962257981300354, 0.42049948171560647, -0.15810149908065796, 0.17461124062538147, -0.9718615412712097, 2.6302416431193505, 0.0, 0.0, 0.0, 1.0, 4.2647, 0.0, 0.5, 0.0, 4.2647, 0.5, 0.0, 0.0, 1.0]], ["0_18_mirror.png", [0.9820265769958496, 0.07495366036891937, 0.17322181165218353, -0.4415983295685402, 0.1030910536646843, -0.981780469417572, -0.15962257981300354, 0.42049948171560647, 0.15810149908065796, 0.17461124062538147, -0.9718615412712097, 2.6302416431193505, 0.0, 0.0, 0.0, 1.0, 4.2647, 0.0, 0.5, 0.0, 4.2647, 0.5, 0.0, 0.0, 1.0]], ["0_19.png", [0.9966303110122681, 0.011080602183938026, -0.08127214014530182, 0.20536511698060925, 0.009092493914067745, -0.9996512532234192, -0.024791806936264038, 0.07714700933755506, -0.0815185084939003, 0.023969300091266632, -0.996383547782898, 2.691072928717803, 0.0, 0.0, 0.0, 1.0, 4.2647, 0.0, 0.5, 0.0, 4.2647, 0.5, 0.0, 0.0, 1.0]], ["0_19_mirror.png", [0.9966303110122681, -0.011080602183938026, 0.08127214014530182, -0.20536511698060925, -0.009092493914067745, -0.9996512532234192, -0.024791806936264038, 0.07714700933755506, 0.0815185084939003, 0.023969300091266632, -0.996383547782898, 2.691072928717803, 0.0, 0.0, 0.0, 1.0, 4.2647, 0.0, 0.5, 0.0, 4.2647, 0.5, 0.0, 0.0, 1.0]], ["0_2.png", [0.9926605224609375, -0.061685558408498764, -0.10401884466409683, 0.26306784482604484, -0.07838358730077744, -0.9831782579421997, -0.1649739146232605, 0.4322995925176426, -0.09209256619215012, 0.17191645503044128, -0.9807974696159363, 2.6521524034880914, 0.0, 0.0, 0.0, 1.0, 4.2647, 0.0, 0.5, 0.0, 4.2647, 0.5, 0.0, 0.0, 1.0]], ["0_2_mirror.png", [0.9926605224609375, 0.061685558408498764, 0.10401884466409683, -0.26306784482604484, 0.07838358730077744, -0.9831782579421997, -0.1649739146232605, 0.4322995925176426, 0.09209256619215012, 0.17191645503044128, -0.9807974696159363, 2.6521524034880914, 0.0, 0.0, 0.0, 1.0, 4.2647, 0.0, 0.5, 0.0, 4.2647, 0.5, 0.0, 0.0, 1.0]], ["0_3.png", [0.9904658794403076, 0.1278376281261444, 0.051331669092178345, -0.12993337163823787, 0.13164235651493073, -0.9881248474121094, -0.07924401760101318, 0.21555359556113915, 0.04059172794222832, 0.08524591475725174, -0.995532751083374, 2.688243658297251, 0.0, 0.0, 0.0, 1.0, 4.2647, 0.0, 0.5, 0.0, 4.2647, 0.5, 0.0, 0.0, 1.0]], ["0_3_mirror.png", [0.9904658794403076, -0.1278376281261444, -0.051331669092178345, 0.12993337163823787, -0.13164235651493073, -0.9881248474121094, -0.07924401760101318, 0.21555359556113915, -0.04059172794222832, 0.08524591475725174, -0.995532751083374, 2.688243658297251, 0.0, 0.0, 0.0, 1.0, 4.2647, 0.0, 0.5, 0.0, 4.2647, 0.5, 0.0, 0.0, 1.0]], ["0_4.png", [0.994064450263977, -0.08848985284566879, -0.06328791379928589, 0.16306951962020277, -0.09330537915229797, -0.9926024079322815, -0.07768187671899796, 0.20288055809599007, -0.055945683270692825, 0.08312588930130005, -0.9949674010276794, 2.6874240102591735, 0.0, 0.0, 0.0, 1.0, 4.2647, 0.0, 0.5, 0.0, 4.2647, 0.5, 0.0, 0.0, 1.0]], ["0_4_mirror.png", [0.994064450263977, 0.08848985284566879, 0.06328791379928589, -0.16306951962020277, 0.09330537915229797, -0.9926024079322815, -0.07768187671899796, 0.20288055809599007, 0.055945683270692825, 0.08312588930130005, -0.9949674010276794, 2.6874240102591735, 0.0, 0.0, 0.0, 1.0, 4.2647, 0.0, 0.5, 0.0, 4.2647, 0.5, 0.0, 0.0, 1.0]], ["0_5.png", [0.9899144172668457, 0.1389818787574768, 0.02744721807539463, -0.0698156914077708, 0.14163479208946228, -0.9750211238861084, -0.17109480500221252, 0.4405359232991666, 0.002982538193464279, 0.17325671017169952, -0.9848721623420715, 2.6629032782878554, 0.0, 0.0, 0.0, 1.0, 4.2647, 0.0, 0.5, 0.0, 4.2647, 0.5, 0.0, 0.0, 1.0]], ["0_5_mirror.png", [0.9899144172668457, -0.1389818787574768, -0.02744721807539463, 0.0698156914077708, -0.14163479208946228, -0.9750211238861084, -0.17109480500221252, 0.4405359232991666, -0.002982538193464279, 0.17325671017169952, -0.9848721623420715, 2.6629032782878554, 0.0, 0.0, 0.0, 1.0, 4.2647, 0.0, 0.5, 0.0, 4.2647, 0.5, 0.0, 0.0, 1.0]], ["0_6.png", [0.944932758808136, -0.1563577502965927, 0.2874965965747833, -0.7328581881561722, -0.1386169046163559, -0.9870119690895081, -0.08119513839483261, 0.22138382818097416, 0.29645806550979614, 0.036872051656246185, -0.9543338418006897, 2.589190621926549, 0.0, 0.0, 0.0, 1.0, 4.2647, 0.0, 0.5, 0.0, 4.2647, 0.5, 0.0, 0.0, 1.0]], ["0_6_mirror.png", [0.944932758808136, 0.1563577502965927, -0.2874965965747833, 0.7328581881561722, 0.1386169046163559, -0.9870119690895081, -0.08119513839483261, 0.22138382818097416, -0.29645806550979614, 0.036872051656246185, -0.9543338418006897, 2.589190621926549, 0.0, 0.0, 0.0, 1.0, 4.2647, 0.0, 0.5, 0.0, 4.2647, 0.5, 0.0, 0.0, 1.0]], ["0_7.png", [0.9892387390136719, -0.1222648024559021, 0.08036179095506668, -0.20235566435378824, -0.10987810790538788, -0.9834964275360107, -0.1437414139509201, 0.37272351480793126, 0.09661004692316055, 0.13336457312107086, -0.986346960067749, 2.666482583219542, 0.0, 0.0, 0.0, 1.0, 4.2647, 0.0, 0.5, 0.0, 4.2647, 0.5, 0.0, 0.0, 1.0]], ["0_7_mirror.png", [0.9892387390136719, 0.1222648024559021, -0.08036179095506668, 0.20235566435378824, 0.10987810790538788, -0.9834964275360107, -0.1437414139509201, 0.37272351480793126, -0.09661004692316055, 0.13336457312107086, -0.986346960067749, 2.666482583219542, 0.0, 0.0, 0.0, 1.0, 4.2647, 0.0, 0.5, 0.0, 4.2647, 0.5, 0.0, 0.0, 1.0]], ["0_8.png", [0.9978065490722656, 0.02312598004937172, 0.06202718988060951, -0.15888216631704855, 0.02587236650288105, -0.9987032413482666, -0.04384567216038704, 0.12218402290882405, 0.06093278154730797, 0.04535428807139397, -0.997110903263092, 2.692550374973924, 0.0, 0.0, 0.0, 1.0, 4.2647, 0.0, 0.5, 0.0, 4.2647, 0.5, 0.0, 0.0, 1.0]], ["0_8_mirror.png", [0.997806549072