{"labels": [["0_14.png", [0.9801117181777954, -0.042259301990270615, 0.19389498233795166, -0.49312070480310055, -0.01855851337313652, -0.9922998547554016, -0.12246053665876389, 0.3144496618919769, 0.1975770741701126, 0.11642660200595856, -0.9733489155769348, 2.635897073223936, 0.0, 0.0, 0.0, 1.0, 4.2647, 0.0, 0.5, 0.0, 4.2647, 0.5, 0.0, 0.0, 1.0]], ["0_16.png", [0.9976580739021301, -0.03759598359465599, 0.05713905394077301, -0.14505486674155924, -0.0294673889875412, -0.9901358485221863, -0.13697725534439087, 0.35158731300448465, 0.06172522157430649, 0.1349727213382721, -0.9889248609542847, 2.6730778976619587, 0.0, 0.0, 0.0, 1.0, 4.2647, 0.0, 0.5, 0.0, 4.2647, 0.5, 0.0, 0.0, 1.0]], ["0_19.png", [0.9991254806518555, -0.041384708136320114, -0.005960427224636078, 0.013344248591771402, -0.041766274720430374, -0.9944916367530823, -0.09613525867462158, 0.24392597466468852, -0.0019490658305585384, 0.09630013257265091, -0.9953504204750061, 2.6889258171086468, 0.0, 0.0, 0.0, 1.0, 4.2647, 0.0, 0.5, 0.0, 4.2647, 0.5, 0.0, 0.0, 1.0]]]}