{"labels": [["3_11.png", [0.971362292766571, -0.10772613435983658, -0.21177919209003448, 0.5362691769816419, -0.13075721263885498, -0.9865687489509583, -0.09790095686912537, 0.24997665147948414, -0.1983882486820221, 0.1227889433503151, -0.9724016785621643, 2.6343741274797203, 0.0, 0.0, 0.0, 1.0, 4.2647, 0.0, 0.5, 0.0, 4.2647, 0.5, 0.0, 0.0, 1.0]], ["4_0.png", [0.9785869121551514, -0.09487715363502502, -0.18266329169273376, 0.46584516640430146, -0.11850616335868835, -0.9852924942970276, -0.12310538440942764, 0.31029518133833817, -0.16829687356948853, 0.14211605489253998, -0.9754378795623779, 2.6413453355015806, 0.0, 0.0, 0.0, 1.0, 4.2647, 0.0, 0.5, 0.0, 4.2647, 0.5, 0.0, 0.0, 1.0]], ["4_16.png", [0.9498680233955383, 0.04545651748776436, -0.30932915210723877, 0.7924280605718727, -0.013535968959331512, -0.9824677109718323, -0.1859409064054489, 0.47348776229778755, -0.3123581111431122, 0.18080636858940125, -0.9325993061065674, 2.5372952346490023, 0.0, 0.0, 0.0, 1.0, 4.2647, 0.0, 0.5, 0.0, 4.2647, 0.5, 0.0, 0.0, 1.0]]]}