{"labels": [["2_12.png", [0.9979816675186157, -0.04394993931055069, -0.04583684727549553, 0.11312871947020892, -0.04569318890571594, -0.9982438087463379, -0.03770357370376587, 0.09893130881308679, -0.04409927874803543, 0.039721909910440445, -0.9982371926307678, 2.695814253424661, 0.0, 0.0, 0.0, 1.0, 4.2647, 0.0, 0.5, 0.0, 4.2647, 0.5, 0.0, 0.0, 1.0]], ["2_3.png", [0.9976755976676941, -0.030433006584644318, -0.06096942350268364, 0.15187919556712473, -0.033121783286333084, -0.9985004663467407, -0.04358614608645439, 0.11823262041159247, -0.05955154076218605, 0.04550424963235855, -0.9971875548362732, 2.6931308466958104, 0.0, 0.0, 0.0, 1.0, 4.2647, 0.0, 0.5, 0.0, 4.2647, 0.5, 0.0, 0.0, 1.0]], ["2_9.png", [0.9300317764282227, -0.027244290336966515, 0.3664676547050476, -0.9401415984846192, -0.03006317839026451, -0.9995460510253906, 0.001985963201150298, -0.006557329810820375, 0.36624717712402344, -0.012864191085100174, -0.930428683757782, 2.531025637212025, 0.0, 0.0, 0.0, 1.0, 4.2647, 0.0, 0.5, 0.0, 4.2647, 0.5, 0.0, 0.0, 1.0]]]}