{"labels": [["0_11.png", [0.9989061951637268, -0.034509360790252686, -0.03155248239636421, 0.07477544687208083, -0.033511824905872345, -0.9989381432533264, 0.031615398824214935, -0.07715588149424085, -0.032610002905130386, -0.030523430556058884, -0.9990019798278809, 2.697861301567582, 0.0, 0.0, 0.0, 1.0, 4.2647, 0.0, 0.5, 0.0, 4.2647, 0.5, 0.0, 0.0, 1.0]], ["2_10.png", [0.9991429448127747, -0.008743330836296082, 0.040459830313920975, -0.10830949673619254, 0.0005573295056819916, -0.974507749080658, -0.22435328364372253, 0.5780610218114814, 0.041390012949705124, 0.22418354451656342, -0.9736676216125488, 2.635168781687242, 0.0, 0.0, 0.0, 1.0, 4.2647, 0.0, 0.5, 0.0, 4.2647, 0.5, 0.0, 0.0, 1.0]], ["4_18.png", [0.960250735282898, 0.06654507666826248, 0.2710910439491272, -0.6962154144169587, 0.08940154314041138, -0.9933284521102905, -0.07284186035394669, 0.18713292476877733, 0.26443520188331604, 0.09418240189552307, -0.9597936272621155, 2.601973359816681, 0.0, 0.0, 0.0, 1.0, 4.2647, 0.0, 0.5, 0.0, 4.2647, 0.5, 0.0, 0.0, 1.0]]]}