{"labels": [["0_13.png", [0.9554028511047363, -0.048143692314624786, -0.2913546562194824, 0.7412026311186241, -0.10731278359889984, -0.9757729768753052, -0.19065983593463898, 0.4907994568331151, -0.2751169204711914, 0.21342304348945618, -0.9374226331710815, 2.5494576977849914, 0.0, 0.0, 0.0, 1.0, 4.2647, 0.0, 0.5, 0.0, 4.2647, 0.5, 0.0, 0.0, 1.0]], ["0_5.png", [0.9450252652168274, -0.0931391716003418, -0.3134523630142212, 0.8010233064400983, -0.16011109948158264, -0.9676052927970886, -0.1952037811279297, 0.5020571006390241, -0.2851170301437378, 0.23465971648693085, -0.9293240308761597, 2.529090810990722, 0.0, 0.0, 0.0, 1.0, 4.2647, 0.0, 0.5, 0.0, 4.2647, 0.5, 0.0, 0.0, 1.0]], ["0_2.png", [0.9082533717155457, -0.08823393285274506, -0.4090116620063782, 1.0426735208916558, -0.13983504474163055, -0.985317051410675, -0.09796113520860672, 0.2577523973464012, -0.3943626880645752, 0.14616769552230835, -0.9072558283805847, 2.477174929328484, 0.0, 0.0, 0.0, 1.0, 4.2647, 0.0, 0.5, 0.0, 4.2647, 0.5, 0.0, 0.0, 1.0]]]}