{"labels": [["2_9.png", [0.9022997617721558, 0.0651857927441597, -0.4261525571346283, 1.0908165959948724, -0.0832081288099289, -0.9435829520225525, -0.32051166892051697, 0.8226076026255673, -0.42300307750701904, 0.32465696334838867, -0.845970630645752, 2.328827148159515, 0.0, 0.0, 0.0, 1.0, 4.2647, 0.0, 0.5, 0.0, 4.2647, 0.5, 0.0, 0.0, 1.0]], ["1_10.png", [0.9960511922836304, -0.07367922365665436, -0.0495317317545414, 0.12723940620073995, -0.08360965549945831, -0.9661028385162354, -0.24424323439598083, 0.6200043453007966, -0.02985709346830845, 0.24742010235786438, -0.9684481620788574, 2.6247675602456333, 0.0, 0.0, 0.0, 1.0, 4.2647, 0.0, 0.5, 0.0, 4.2647, 0.5, 0.0, 0.0, 1.0]], ["2_8.png", [0.8438626527786255, 0.138994500041008, -0.5182435512542725, 1.3303194539684615, 0.06693226099014282, -0.9855892062187195, -0.15535135567188263, 0.4013331764433366, -0.5323682427406311, 0.09640798717737198, -0.8410050868988037, 2.314990676412965, 0.0, 0.0, 0.0, 1.0, 4.2647, 0.0, 0.5, 0.0, 4.2647, 0.5, 0.0, 0.0, 1.0]]]}