{"labels": [["6_7.png", [0.9025853872299194, 0.06415466964244843, -0.42570388317108154, 1.0891773579567623, -0.016827918589115143, -0.982820987701416, -0.18379254639148712, 0.46700353112663273, -0.4301818609237671, 0.17305217683315277, -0.8860002756118774, 2.426025635649711, 0.0, 0.0, 0.0, 1.0, 4.2647, 0.0, 0.5, 0.0, 4.2647, 0.5, 0.0, 0.0, 1.0]], ["6_12.png", [0.9700080752372742, -0.006849952973425388, -0.2429763823747635, 0.6180200607978988, -0.059396401047706604, -0.9759800434112549, -0.2096070498228073, 0.5329997961817872, -0.23570430278778076, 0.21775245666503906, -0.9471153020858765, 2.573705970331797, 0.0, 0.0, 0.0, 1.0, 4.2647, 0.0, 0.5, 0.0, 4.2647, 0.5, 0.0, 0.0, 1.0]], ["6_13.png", [0.9956914186477661, -0.05455905944108963, -0.0749799832701683, 0.19087155056637323, -0.0680341124534607, -0.9792477488517761, -0.19090615212917328, 0.4793335834964774, -0.06300832331180573, 0.19518481194972992, -0.9787404537200928, 2.6502466615235676, 0.0, 0.0, 0.0, 1.0, 4.2647, 0.0, 0.5, 0.0, 4.2647, 0.5, 0.0, 0.0, 1.0]]]}