{"labels": [["4_6.png", [0.9447083473205566, 0.06994566321372986, -0.32036513090133667, 0.8199036659641594, 0.027963992208242416, -0.9906110763549805, -0.1338195949792862, 0.3369035134079759, -0.326717346906662, 0.11746179312467575, -0.9377945065498352, 2.5503438986128706, 0.0, 0.0, 0.0, 1.0, 4.2647, 0.0, 0.5, 0.0, 4.2647, 0.5, 0.0, 0.0, 1.0]], ["4_11.png", [0.8744174838066101, -0.0012744686100631952, -0.4851725101470947, 1.241401442490578, -0.04434524476528168, -0.9960206747055054, -0.07730624079704285, 0.1982331463216477, -0.48314332962036133, 0.0891130194067955, -0.8709944486618042, 2.389482387104315, 0.0, 0.0, 0.0, 1.0, 4.2647, 0.0, 0.5, 0.0, 4.2647, 0.5, 0.0, 0.0, 1.0]], ["4_15.png", [0.9775086641311646, -0.06718330830335617, -0.19990810751914978, 0.5052510038730504, -0.09616371989250183, -0.985614538192749, -0.13898396492004395, 0.3563616548233968, -0.18769493699073792, 0.15508192777633667, -0.969907283782959, 2.628255656144738, 0.0, 0.0, 0.0, 1.0, 4.2647, 0.0, 0.5, 0.0, 4.2647, 0.5, 0.0, 0.0, 1.0]]]}