{"labels": [["0_19.png", [0.9991254806518555, -0.041384708136320114, -0.005960427224636078, 0.013344248591771402, -0.041766274720430374, -0.9944916367530823, -0.09613525867462158, 0.24392597466468852, -0.0019490658305585384, 0.09630013257265091, -0.9953504204750061, 2.6889258171086468, 0.0, 0.0, 0.0, 1.0, 4.2647, 0.0, 0.5, 0.0, 4.2647, 0.5, 0.0, 0.0, 1.0]], ["1_14.png", [0.9809162616729736, 0.014656724408268929, 0.19387756288051605, -0.4899131418492492, 0.02609327808022499, -0.9980577230453491, -0.056566961109638214, 0.1462164626580335, 0.19267190992832184, 0.06054634600877762, -0.9793935418128967, 2.651151798651139, 0.0, 0.0, 0.0, 1.0, 4.2647, 0.0, 0.5, 0.0, 4.2647, 0.5, 0.0, 0.0, 1.0]], ["1_19.png", [0.9852854609489441, 0.06431304663419724, 0.15835542976856232, -0.4009522259863806, 0.08023029565811157, -0.9921172857284546, -0.09626232832670212, 0.2513715699489766, 0.1509162336587906, 0.10755077004432678, -0.9826785326004028, 2.65820421455876, 0.0, 0.0, 0.0, 1.0, 4.2647, 0.0, 0.5, 0.0, 4.2647, 0.5, 0.0, 0.0, 1.0]]]}