{"labels": [["3_11.png", [0.971362292766571, -0.10772613435983658, -0.21177919209003448, 0.5362691769816419, -0.13075721263885498, -0.9865687489509583, -0.09790095686912537, 0.24997665147948414, -0.1983882486820221, 0.1227889433503151, -0.9724016785621643, 2.6343741274797203, 0.0, 0.0, 0.0, 1.0, 4.2647, 0.0, 0.5, 0.0, 4.2647, 0.5, 0.0, 0.0, 1.0]], ["2_8.png", [0.8438626527786255, 0.138994500041008, -0.5182435512542725, 1.3303194539684615, 0.06693226099014282, -0.9855892062187195, -0.15535135567188263, 0.4013331764433366, -0.5323682427406311, 0.09640798717737198, -0.8410050868988037, 2.314990676412965, 0.0, 0.0, 0.0, 1.0, 4.2647, 0.0, 0.5, 0.0, 4.2647, 0.5, 0.0, 0.0, 1.0]], ["3_16.png", [0.9708035588264465, -0.10234015434980392, -0.2169492393732071, 0.5484881121157795, -0.12544111907482147, -0.9874940514564514, -0.09549876302480698, 0.24388680127278356, -0.20446272194385529, 0.1199248880147934, -0.9715003967285156, 2.6324285401569023, 0.0, 0.0, 0.0, 1.0, 4.2647, 0.0, 0.5, 0.0, 4.2647, 0.5, 0.0, 0.0, 1.0]]]}