{"labels": [["1_7.png", [0.8520902991294861, 0.047363393008708954, -0.5212474465370178, 1.331851060095731, 0.006091821938753128, -0.9967271685600281, -0.08060968667268753, 0.21723315241202, -0.523359477519989, 0.06551137566566467, -0.849590003490448, 2.3385855791941874, 0.0, 0.0, 0.0, 1.0, 4.2647, 0.0, 0.5, 0.0, 4.2647, 0.5, 0.0, 0.0, 1.0]], ["0_4.png", [0.994064450263977, -0.08848985284566879, -0.06328791379928589, 0.16306951962020277, -0.09330537915229797, -0.9926024079322815, -0.07768187671899796, 0.20288055809599007, -0.055945683270692825, 0.08312588930130005, -0.9949674010276794, 2.6874240102591735, 0.0, 0.0, 0.0, 1.0, 4.2647, 0.0, 0.5, 0.0, 4.2647, 0.5, 0.0, 0.0, 1.0]], ["0_13.png", [0.9892341494560242, 0.05013091117143631, 0.13748657703399658, -0.34807832454739684, 0.06545209884643555, -0.9918534159660339, -0.1092829778790474, 0.28068544859233724, 0.13088807463645935, 0.11710524559020996, -0.9844565391540527, 2.6627161243603865, 0.0, 0.0, 0.0, 1.0, 4.2647, 0.0, 0.5, 0.0, 4.2647, 0.5, 0.0, 0.0, 1.0]]]}