{"labels": [["4_13.png", [0.9325047731399536, -0.3110554814338684, 0.18351949751377106, -0.4639428221668101, -0.29346412420272827, -0.948785662651062, -0.11698095500469208, 0.29769361829420987, 0.21050822734832764, 0.05522890388965607, -0.9760307669639587, 2.6431298809152, 0.0, 0.0, 0.0, 1.0, 4.2647, 0.0, 0.5, 0.0, 4.2647, 0.5, 0.0, 0.0, 1.0]], ["4_17.png", [0.9314291477203369, 0.09660793840885162, 0.35086557269096375, -0.902486809095492, 0.13001057505607605, -0.9888314008712769, -0.07286745309829712, 0.20071180471283281, 0.33990734815597534, 0.11348709464073181, -0.9335864782333374, 2.5367759717518523, 0.0, 0.0, 0.0, 1.0, 4.2647, 0.0, 0.5, 0.0, 4.2647, 0.5, 0.0, 0.0, 1.0]], ["4_3.png", [0.9852575659751892, 0.017621411010622978, 0.17016743123531342, -0.4308030804667652, 0.043005362153053284, -0.9882515072822571, -0.14666128158569336, 0.3706026314840328, 0.16558383405208588, 0.15181726217269897, -0.9744400978088379, 2.639519349312949, 0.0, 0.0, 0.0, 1.0, 4.2647, 0.0, 0.5, 0.0, 4.2647, 0.5, 0.0, 0.0, 1.0]]]}