{"labels": [["7_13.png", [0.9619908928871155, -0.14943991601467133, -0.22856368124485016, 0.5785459072838763, -0.20413486659526825, -0.9494738578796387, -0.238386869430542, 0.6126341748542197, -0.18139074742794037, 0.2759838104248047, -0.9438910484313965, 2.565144050724202, 0.0, 0.0, 0.0, 1.0, 4.2647, 0.0, 0.5, 0.0, 4.2647, 0.5, 0.0, 0.0, 1.0]], ["4_11.png", [0.9516801238059998, -0.2088714838027954, -0.225117027759552, 0.572110382190824, -0.24532584846019745, -0.9580451846122742, -0.1482047587633133, 0.3813694939549614, -0.18471653759479523, 0.19627054035663605, -0.9629940986633301, 2.6109858329125433, 0.0, 0.0, 0.0, 1.0, 4.2647, 0.0, 0.5, 0.0, 4.2647, 0.5, 0.0, 0.0, 1.0]], ["2_15.png", [0.8436542749404907, 0.04310838133096695, -0.5351533889770508, 1.3650701489707269, -0.015667319297790527, -0.9943700432777405, -0.10479889065027237, 0.26409882214648583, -0.5366582274436951, 0.09679845720529556, -0.8382291197776794, 2.314483808655804, 0.0, 0.0, 0.0, 1.0, 4.2647, 0.0, 0.5, 0.0, 4.2647, 0.5, 0.0, 0.0, 1.0]]]}