{"labels": [["3_12.png", [0.9256836175918579, -0.02333133853971958, -0.3775785565376282, 0.961483011545077, -0.0062744878232479095, -0.9989059567451477, 0.046341672539711, -0.12378517014337258, -0.3782466948032379, -0.04052861034870148, -0.9248172044754028, 2.519965803371702, 0.0, 0.0, 0.0, 1.0, 4.2647, 0.0, 0.5, 0.0, 4.2647, 0.5, 0.0, 0.0, 1.0]], ["4_0.png", [0.9997555017471313, 0.021496593952178955, -0.005177473649382591, 0.009667127854435662, 0.020629964768886566, -0.9911089539527893, -0.13144372403621674, 0.33444321997976934, -0.00795703288167715, 0.1313047856092453, -0.9913101196289062, 2.6791891085267965, 0.0, 0.0, 0.0, 1.0, 4.2647, 0.0, 0.5, 0.0, 4.2647, 0.5, 0.0, 0.0, 1.0]], ["4_16.png", [0.8521537184715271, -0.013236950151622295, 0.523124098777771, -1.3468811322256782, 0.05142202600836754, -0.9927235245704651, -0.10888450592756271, 0.27953499933670967, 0.5207588076591492, 0.11968643963336945, -0.8452723622322083, 2.3233104398251005, 0.0, 0.0, 0.0, 1.0, 4.2647, 0.0, 0.5, 0.0, 4.2647, 0.5, 0.0, 0.0, 1.0]]]}