{"labels": [["4_9.png", [0.9488210678100586, 0.14320090413093567, -0.28148186206817627, 0.7170289147541306, 0.1047128438949585, -0.9835200905799866, -0.14738862216472626, 0.36789503777924437, -0.29794925451278687, 0.11037067323923111, -0.9481796026229858, 2.576921181678618, 0.0, 0.0, 0.0, 1.0, 4.2647, 0.0, 0.5, 0.0, 4.2647, 0.5, 0.0, 0.0, 1.0]], ["5_15.png", [0.9950769543647766, 0.065048448741436, -0.07477028667926788, 0.1885133642665784, 0.05600229650735855, -0.9915170669555664, -0.11729332059621811, 0.2880513377912849, -0.08176576346158981, 0.11252856999635696, -0.9902786016464233, 2.6779636178054305, 0.0, 0.0, 0.0, 1.0, 4.2647, 0.0, 0.5, 0.0, 4.2647, 0.5, 0.0, 0.0, 1.0]], ["6_4.png", [0.993422269821167, -0.06484711170196533, -0.09437690675258636, 0.24036353915477135, -0.08183514326810837, -0.9785547256469727, -0.18903355300426483, 0.47896751194216713, -0.08009468764066696, 0.1955135017633438, -0.9774248003959656, 2.6462833354629516, 0.0, 0.0, 0.0, 1.0, 4.2647, 0.0, 0.5, 0.0, 4.2647, 0.5, 0.0, 0.0, 1.0]]]}