{"labels": [["9_0.png", [0.9025212526321411, 0.09498948603868484, -0.42003852128982544, 1.0686176570115884, 0.11134826391935349, -0.9936751127243042, 0.01453554816544056, -0.03714764753766049, -0.4160010814666748, -0.05988919734954834, -0.9073898792266846, 2.479249151538724, 0.0, 0.0, 0.0, 1.0, 4.2647, 0.0, 0.5, 0.0, 4.2647, 0.5, 0.0, 0.0, 1.0]], ["9_0_mirror.png", [0.9025212526321411, -0.09498948603868484, 0.42003852128982544, -1.0686176570115884, -0.11134826391935349, -0.9936751127243042, 0.01453554816544056, -0.03714764753766049, 0.4160010814666748, -0.05988919734954834, -0.9073898792266846, 2.479249151538724, 0.0, 0.0, 0.0, 1.0, 4.2647, 0.0, 0.5, 0.0, 4.2647, 0.5, 0.0, 0.0, 1.0]], ["9_1.png", [0.9817802309989929, -0.07002770900726318, -0.17664584517478943, 0.45516013700580354, -0.07028546184301376, -0.9975153207778931, 0.004805312026292086, -0.008992087548877705, -0.1765434443950653, 0.0076978751458227634, -0.9842627644538879, 2.6613433435095093, 0.0, 0.0, 0.0, 1.0, 4.2647, 0.0, 0.5, 0.0, 4.2647, 0.5, 0.0, 0.0, 1.0]], ["9_1_mirror.png", [0.9817802309989929, 0.07002770900726318, 0.17664584517478943, -0.45516013700580354, 0.07028546184301376, -0.9975153207778931, 0.004805312026292086, -0.008992087548877705, 0.1765434443950653, 0.0076978751458227634, -0.9842627644538879, 2.6613433435095093, 0.0, 0.0, 0.0, 1.0, 4.2647, 0.0, 0.5, 0.0, 4.2647, 0.5, 0.0, 0.0, 1.0]], ["9_10.png", [0.9804388284683228, -0.0570671483874321, -0.18836933374404907, 0.4797610941332713, -0.06589730083942413, -0.996985912322998, -0.04094687104225159, 0.10688023919171007, -0.18546482920646667, 0.05255892872810364, -0.9812442660331726, 2.654883407426091, 0.0, 0.0, 0.0, 1.0, 4.2647, 0.0, 0.5, 0.0, 4.2647, 0.5, 0.0, 0.0, 1.0]], ["9_10_mirror.png", [0.9804388284683228, 0.0570671483874321, 0.18836933374404907, -0.4797610941332713, 0.06589730083942413, -0.996985912322998, -0.04094687104225159, 0.10688023919171007, 0.18546482920646667, 0.05255892872810364, -0.9812442660331726, 2.654883407426091, 0.0, 0.0, 0.0, 1.0, 4.2647, 0.0, 0.5, 0.0, 4.2647, 0.5, 0.0, 0.0, 1.0]], ["9_11.png", [0.8701080679893494, 0.09627826511859894, -0.4833658039569855, 1.2279714706393055, 0.09836222976446152, -0.9949267506599426, -0.02111040987074375, 0.048417779221369445, -0.4829460382461548, -0.029176602140069008, -0.8751639127731323, 2.4041093539918714, 0.0, 0.0, 0.0, 1.0, 4.2647, 0.0, 0.5, 0.0, 4.2647, 0.5, 0.0, 0.0, 1.0]], ["9_11_mirror.png", [0.8701080679893494, -0.09627826511859894, 0.4833658039569855, -1.2279714706393055, -0.09836222976446152, -0.9949267506599426, -0.02111040987074375, 0.048417779221369445, 0.4829460382461548, -0.029176602140069008, -0.8751639127731323, 2.4041093539918714, 0.0, 0.0, 0.0, 1.0, 4.2647, 0.0, 0.5, 0.0, 4.2647, 0.5, 0.0, 0.0, 1.0]], ["9_12.png", [0.9835990071296692, 0.017911987379193306, -0.17947737872600555, 0.4580490514666444, 0.009880248457193375, -0.9989134073257446, -0.04554513841867447, 0.11584526174918114, -0.18009816110134125, 0.04302487149834633, -0.9827072024345398, 2.6583398845483948, 0.0, 0.0, 0.0, 1.0, 4.2647, 0.0, 0.5, 0.0, 4.2647, 0.5, 0.0, 0.0, 1.0]], ["9_12_mirror.png", [0.9835990071296692, -0.017911987379193306, 0.17947737872600555, -0.4580490514666444, -0.009880248457193375, -0.9989134073257446, -0.04554513841867447, 0.11584526174918114, 0.18009816110134125, 0.04302487149834633, -0.9827072024345398, 2.6583398845483948, 0.0, 0.0, 0.0, 1.0, 4.2647, 0.0, 0.5, 0.0, 4.2647, 0.5, 0.0, 0.0, 1.0]], ["9_13.png", [0.8417073488235474, -0.017665615305304527, -0.5396448969841003, 1.3830015272000837, 0.10478105396032333, -0.9751195907592773, 0.19535265862941742, -0.4973670394631069, -0.5296693444252014, -0.22097434103488922, -0.8189142942428589, 2.2649354966130804, 0.0, 0.0, 0.0, 1.0, 4.2647, 0.0, 0.5, 0.0, 4.2647, 0.5, 0.0, 0.0, 1.0]], ["9_13_mirror.png", [0.8417073488235474, 0.017665615305304527, 0.5396448969841003, -1.3830015272000837, -0.10478105396032333, -0.9751195907592773, 0.19535265862941742, -0.4973670394631069, 0.5296693444252014, -0.22097434103488922, -0.8189142942428589, 2.2649354966130804, 0.0, 0.0, 0.0, 1.0, 4.2647, 0.0, 0.5, 0.0, 4.2647, 0.5, 0.0, 0.0, 1.0]], ["9_14.png", [0.9936308264732361, 0.049009669572114944, 0.1014682874083519, -0.26059000458239506, 0.05894441157579422, -0.9935033917427063, -0.09734782576560974, 0.25418505206056546, 0.0960381031036377, 0.10270878672599792, -0.9900644421577454, 2.675347231448792, 0.0, 0.0, 0.0, 1.0, 4.2647, 0.0, 0.5, 0.0, 4.2647, 0.5, 0.0, 0.0, 1.0]], ["9_14_mirror.png", [0.9936308264732361, -0.049009669572114944, -0.1014682874083519, 0.26059000458239506, -0.05894441157579422, -0.9935033917427063, -0.09734782576560974, 0.25418505206056546, -0.0960381031036377, 0.10270878672599792, -0.9900644421577454, 2.675347231448792, 0.0, 0.0, 0.0, 1.0, 4.2647, 0.0, 0.5, 0.0, 4.2647, 0.5, 0.0, 0.0, 1.0]], ["9_15.png", [0.9672449231147766, 0.19068223237991333, -0.16756324470043182, 0.4304716265877137, 0.16658945381641388, -0.9748901724815369, -0.1477736085653305, 0.3837550898183995, -0.19153356552124023, 0.11501900851726532, -0.9747232794761658, 2.6376933502098767, 0.0, 0.0, 0.0, 1.0, 4.2647, 0.0, 0.5, 0.0, 4.2647, 0.5, 0.0, 0.0, 1.0]], ["9_15_mirror.png", [0.9672449231147766, -0.19068223237991333, 0.16756324470043182, -0.4304716265877137, -0.16658945381641388, -0.9748901724815369, -0.1477736085653305, 0.3837550898183995, 0.19153356552124023, 0.11501900851726532, -0.9747232794761658, 2.6376933502098767, 0.0, 0.0, 0.0, 1.0, 4.2647, 0.0, 0.5, 0.0, 4.2647, 0.5, 0.0, 0.0, 1.0]], ["9_16.png", [0.92237389087677, 0.04647454619407654, -0.38349252939224243, 0.9706019621620363, 0.06316079944372177, -0.997520923614502, 0.03102678246796131, -0.08141090341938988, -0.3810998499393463, -0.052839986979961395, -0.9230226278305054, 2.5181946104008013, 0.0, 0.0, 0.0, 1.0, 4.2647, 0.0, 0.5, 0.0, 4.2647, 0.5, 0.0, 0.0, 1.0]], ["9_16_mirror.png", [0.92237389087677, -0.04647454619407654, 0.38349252939224243, -0.9706019621620363, -0.06316079944372177, -0.997520923614502, 0.03102678246796131, -0.08141090341938988, 0.3810998499393463, -0.052839986979961395, -0.9230226278305054, 2.5181946104008013, 0.0, 0.0, 0.0, 1.0, 4.2647, 0.0, 0.5, 0.0, 4.2647, 0.5, 0.0, 0.0, 1.0]], ["9_17.png", [0.9001914262771606, 0.08079110831022263, -0.427934855222702, 1.0855052323520025, 0.10332263261079788, -0.994205892086029, 0.029647396877408028, -0.08115999326406119, -0.4230600893497467, -0.07090368866920471, -0.903323233127594, 2.4708483251769633, 0.0, 0.0, 0.0, 1.0, 4.2647, 0.0, 0.5, 0.0, 4.2647, 0.5, 0.0, 0.0, 1.0]], ["9_17_mirror.png", [0.9001914262771606, -0.08079110831022263, 0.427934855222702, -1.0855052323520025, -0.10332263261079788, -0.994205892086029, 0.029647396877408028, -0.08115999326406119, 0.4230600893497467, -0.07090368866920471, -0.903323233127594, 2.4708483251769633, 0.0, 0.0, 0.0, 1.0, 4.2647, 0.0, 0.5, 0.0, 4.2647, 0.5, 0.0, 0.0, 1.0]], ["9_18.png", [0.997170627117157, -0.048638224601745605, -0.05731585621833801, 0.14296381087467322, -0.05441628396511078, -0.9930886030197144, -0.1039896160364151, 0.267598933468361, -0.051861852407455444, 0.10681430250406265, -0.9929255247116089, 2.682899953331616, 0.0, 0.0, 0.0, 1.0, 4.2647, 0.0, 0.5, 0.0, 4.2647, 0.5, 0.0, 0.0, 1.0]], ["9_18_mirror.png", [0.997170627117157, 0.048638224601745605, 0.05731585621833801, -0.14296381087467322, 0.05441628396511078, -0.9930886030197144, -0.1039896160364151, 0.267598933468361, 0.051861852407455444, 0.10681430250406265, -0.9929255247116089, 2.682899953331616, 0.0, 0.0, 0.0, 1.0, 4.2647, 0.0, 0.5, 0.0, 4.2647, 0.5, 0.0, 0.0, 1.0]], ["9_19.png", [0.7975757122039795, 0.055532682687044144, -0.6006572246551514, 1.5370346132012653, 0.138749897480011, -0.9859431385993958, 0.09308384358882904, -0.24503617500929314, -0.5870445966720581, -0.15758253633975983, -0.7940694689750671, 2.2062370386606363, 0.0, 0.0, 0.0, 1.0, 4.2647, 0.0, 0.5, 0.0, 4.2647, 0.5, 0.0, 0.0, 1.0]], ["9_19_mirror.png", [0.7975757122039795, -0.055532682687044144, 0.6006572246551514, -1.5370346132012653, -0.138749897480011, -0.9859431385993958, 0.09308384358882904, -0.24503617500929314, 0.5870445966720581, -0.15758253633975983, -0.7940694689750671, 2.2062370386606363, 0.0, 0.0, 0.0, 1.0, 4.2647, 0.0, 0.5, 0.0, 4.2647, 0.5, 0.0, 0.0, 1.0]], ["9_2.png", [0.9334529638290405, -0.06188441440463066, -0.35332104563713074, 0.8951122915179017, -0.1424863636493683, -0.9679293036460876, -0.2069069892168045, 0.534574243165665, -0.32918548583984375, 0.24348139762878418, -0.9123342037200928, 2.4905831373631013, 0.0, 0.0, 0.0, 1.0, 4.2647, 0.0, 0.5, 0.0, 4.2647, 0.5, 0.0, 0.0, 1.0]], ["9_2_mirror.png", [0.9334529638290405, 0.06188441440463066, 0.35332104563713074, -0.8951122915179017, 0.1424863636493683, -0.9679293036460876, -0.2069069892168045, 0.534574243165665, 0.32918548583984375, 0.24348139762878418, -0.9123342037200928, 2.4905831373631013, 0.0, 0.0, 0.0, 1.0, 4.2647, 0.0, 0.5, 0.0, 4.2647, 0.5, 0.0, 0.0, 1.0]], ["9_3.png", [0.9394064545631409, -0.03083699941635132, -0.3414157032966614, 0.865040380350192, -0.023031383752822876, -0.9993729591369629, 0.026893407106399536, -0.07078086502717527, -0.34203094244003296, -0.017400560900568962, -0.9395276308059692, 2.556696151189969, 0.0, 0.0, 0.0, 1.0, 4.2647, 0.0, 0.5, 0.0, 4.2647, 0.5, 0.0, 0.0, 1.0]], ["9_3_mirror.png", [0.9394064545631409, 0.03083699941635132, 0.3414157032966614, -0.865040380350192, 0.023031383752822876, -0.9993729591369629, 0.026893407106399536, -0.07078086502717527, 0.34203094244003296, -0.017400560900568962, -0.9395276308059692, 2.556696151189969, 0.0, 0.0, 0.0, 1.0, 4.2647, 0.0, 0.5, 0.0, 4.2647, 0.5, 0.0, 0.0, 1.0]], ["9_4.png", [0.9413896203041077, 0.002854597521945834, -0.3373091518878937, 0.8545525947700418, 0.021351773291826248, -0.9984632134437561, 0.051140401512384415, -0.1316289063228806, -0.3366447985172272, -0.055345192551612854, -0.9400038123130798, 2.557814241455394, 0.0, 0.0, 0.0, 1.0, 4.2647, 0.0, 0.5, 0.0, 4.2647, 0.5, 0.0, 0.0, 1.0]], ["9_4_mirror.png", [0.9413896203041077, -0.002854597521945834, 0.3373091518878937, -0.8545525947700418, -0.021351773291826248, -0.9984632134437561, 0.051140401512384415, -0.1316289063228806, 0.3366447985172272, -0.055345192551612854, -0.9400038123130798, 2.557814241455394, 0.0, 0.0, 0.0, 1.0, 4.2647, 0.0, 0.5, 0.0, 4.2647, 0.5, 0.0, 0.0, 1.0]], ["9_5.png", [0.9028105735778809, 0.0970979705452919, -0.41893327236175537, 1.0661665129645606, 0.10914647579193115, -0.9940139055252075, 0.004826192744076252, -0.016282598116626076, -0.41595691442489624, -0.05008222907781601, -0.9080042243003845, 2.4805289443244884, 0.0, 0.0, 0.0, 1.0, 4.2647, 0.0, 0.5, 0.0, 4.2647, 0.5, 0.0, 0.0, 1.0]], ["9_5_mirror.png", [0.9028105735778809, -0.0970979705452919, 0.41893327236175537, -1.0661665129645606, -0.10914647579193115, -0.9940139055252075, 0.004826192744076252, -0.016282598116626076, 0.41595691442489624, -0.05008222907781601, -0.9080042243003845, 2.4805289443244884, 0.0, 0.0, 0.0, 1.0, 4.2647, 0.0, 0.5, 0.0, 4.2647, 0.5, 0.0, 0.0, 1.0]], ["9_6.png", [0.9074563980102539, 0.08588924258947372, -0.41127339005470276, 1.0457708162903419, 0.08490689098834991, -0.9961739182472229, -0.0206950344145298, 0.04981600935741364, -0.411477267742157, -0.016140101477503777, -0.9112770557403564, 2.4887510452046295, 0.0, 0.0, 0.0, 1.0, 4.2647, 0.0, 0.5, 0.0, 4.2647, 0.5, 0.0, 0.0, 1.0]], ["9_6_mirror.png", [0.9074563980102539, -0.08588924258947372, 0.41127339005470276, -1.0457708162903419, -0.08490689098834991, -0.9961739182472229, -0.0206950344145298, 0.04981600935741364, 0.411477267742157, -0.016140101477503777, -0.9112770557403564, 2.4887510452046295, 0.0, 0.0, 0.0, 1.0, 4.2647, 0.0, 0.5, 0.0, 4.2647, 0.5, 0.0, 0.0, 1.0]], ["9_7.png", [0.9659402966499329, -0.08627665042877197, 0.2439584583044052, -0.6242187800523401, -0.09720736742019653, -0.9947134852409363, 0.03310384973883629, -0.08324608619747317, 0.2398126870393753, -0.05569089949131012, -0.9692205190658569, 2.6255325181308975, 0.0, 0.0, 0.0, 1.0, 4.2647, 0.0, 0.5, 0.0, 4.2647, 0.5, 0.0, 0.0, 1.0]], ["9_7_mirror.png", [0.9659402966499329, 0.08627665042877197, -0.2439584583044052, 0.6242187800523401, 0.09720736742019653, -0.9947134852409363, 0.03310384973883629, -0.08324608619747317, -0.2398126870393753, -0.05569089949131012, -0.9692205190658569, 2.6255325181308975, 0.0, 0.0, 0.0, 1.0, 4.2647, 0.0, 0.5, 0.0, 4.2647, 0.5, 0.0, 0.0, 1.0]], ["9_8.png", [0.9547908306121826, 0.0940098837018013, -0.2820223271846771, 0.7151108710722109, 0.10690462589263916, -0.9937966465950012, 0.03065309301018715, -0.07853018907765086, -0.27739113569259644, -0.05941678583621979, -0.9589180946350098, 2.6023930240218855, 0.0, 0.0, 0.0, 1.0, 4.2647, 0.0, 0.5, 0.0, 4.2647, 0.5, 0.0, 0.0, 1.0]], ["9_8_mirror.png", [0.9547908306121826, -0.0940098837018013, 0.2820223271846771, -0.7151108710722109, -0.10690462589263916, -0.9937966465950012, 0.03065309301018715, -0.07853018907765086, 0.27739113569259644, -0.05941678583621979, -0.9589180946350098, 2.6023930240218855, 0.0, 0.0, 0.0, 1.0, 4.2647, 0.0, 0.5, 0.0, 4.2647, 0.5, 0.0, 0.0, 1.0]], ["9_9.png", [0.8595728278160095, -0.07815033942461014, -0.505001962184906, 1.2934820131770854, 0.032853782176971436, -0.9777406454086304, 0.207228884100914, -0.5276536293544883, -0.5099559426307678, -0.19471955299377441, -0.837871789932251, 2.3105163771365893, 0.0, 0.0, 0.0, 1.0, 4.2647, 0.0, 0.5, 0.0, 4.2647, 0.5, 0.0, 0.0, 1.0]], ["9_9_mirror.png", [0.8595728278160095, 0.07815033942461014, 0.505001962184906, -1.2934820131770854, -0.032853782176971436, -0.9777406454086304, 0.207228884100914, -0.5276536293544883, 0.5099559426307678, -0.19471955299377441, -0.837871789932251, 2.3105163771365893, 0.0, 0.0, 0.0, 1.0, 4.2647, 0.0, 0.5, 0.0, 4.2647, 0.5, 0.0, 0.0, 1.0]]]}