{"labels": [["0.png", [0.9855856895446777, 0.011992092244327068, 0.16875125467777252, -0.42972529753291316, 0.029440531507134438, -0.9944223761558533, -0.10127901285886765, 0.2599872213938481, 0.1665954738855362, 0.10478727519512177, -0.9804415106773376, 2.652874443574772, 0.0, 0.0, 0.0, 1.0, 4.2647, 0.0, 0.5, 0.0, 4.2647, 0.5, 0.0, 0.0, 1.0]], ["0_mirror.png", [0.9855856895446777, -0.011992092244327068, -0.16875125467777252, 0.42972529753291316, -0.029440531507134438, -0.9944223761558533, -0.10127901285886765, 0.2599872213938481, -0.1665954738855362, 0.10478727519512177, -0.9804415106773376, 2.652874443574772, 0.0, 0.0, 0.0, 1.0, 4.2647, 0.0, 0.5, 0.0, 4.2647, 0.5, 0.0, 0.0, 1.0]], ["1.png", [0.984368085861206, -0.11317265033721924, 0.13494928181171417, -0.3460377624636015, -0.10624182224273682, -0.9926750659942627, -0.05752245709300041, 0.14944442603486008, 0.14047075808048248, 0.042286019772291183, -0.989181399345398, 2.6735602163550194, 0.0, 0.0, 0.0, 1.0, 4.2647, 0.0, 0.5, 0.0, 4.2647, 0.5, 0.0, 0.0, 1.0]], ["1_mirror.png", [0.984368085861206, 0.11317265033721924, -0.13494928181171417, 0.3460377624636015, 0.10624182224273682, -0.9926750659942627, -0.05752245709300041, 0.14944442603486008, -0.14047075808048248, 0.042286019772291183, -0.989181399345398, 2.6735602163550194, 0.0, 0.0, 0.0, 1.0, 4.2647, 0.0, 0.5, 0.0, 4.2647, 0.5, 0.0, 0.0, 1.0]], ["10.png", [0.996465265750885, -0.06599748879671097, 0.051975052803754807, -0.13361509511085587, -0.06323672086000443, -0.9965858459472656, -0.05308251455426216, 0.1374915970630959, 0.055300913751125336, 0.04960814490914345, -0.9972366094589233, 2.693184558676876, 0.0, 0.0, 0.0, 1.0, 4.2647, 0.0, 0.5, 0.0, 4.2647, 0.5, 0.0, 0.0, 1.0]], ["10_mirror.png", [0.996465265750885, 0.06599748879671097, -0.051975052803754807, 0.13361509511085587, 0.06323672086000443, -0.9965858459472656, -0.05308251455426216, 0.1374915970630959, -0.055300913751125336, 0.04960814490914345, -0.9972366094589233, 2.693184558676876, 0.0, 0.0, 0.0, 1.0, 4.2647, 0.0, 0.5, 0.0, 4.2647, 0.5, 0.0, 0.0, 1.0]], ["11.png", [0.9964967966079712, -0.057490743696689606, 0.06073600798845291, -0.15614479531636274, -0.05424782633781433, -0.9970793128013611, -0.053757987916469574, 0.13906567936452194, 0.06364920735359192, 0.050274867564439774, -0.996705174446106, 2.6918914427811713, 0.0, 0.0, 0.0, 1.0, 4.2647, 0.0, 0.5, 0.0, 4.2647, 0.5, 0.0, 0.0, 1.0]], ["11_mirror.png", [0.9964967966079712, 0.057490743696689606, -0.06073600798845291, 0.15614479531636274, 0.05424782633781433, -0.9970793128013611, -0.053757987916469574, 0.13906567936452194, -0.06364920735359192, 0.050274867564439774, -0.996705174446106, 2.6918914427811713, 0.0, 0.0, 0.0, 1.0, 4.2647, 0.0, 0.5, 0.0, 4.2647, 0.5, 0.0, 0.0, 1.0]], ["12.png", [0.9921727180480957, -0.08204735070466995, 0.09413564950227737, -0.24049996300884774, -0.07688534259796143, -0.9953967928886414, -0.05721670761704445, 0.15009514582618383, 0.09839680790901184, 0.049531202763319016, -0.9939138293266296, 2.685075644184379, 0.0, 0.0, 0.0, 1.0, 4.2647, 0.0, 0.5, 0.0, 4.2647, 0.5, 0.0, 0.0, 1.0]], ["12_mirror.png", [0.9921727180480957, 0.08204735070466995, -0.09413564950227737, 0.24049996300884774, 0.07688534259796143, -0.9953967928886414, -0.05721670761704445, 0.15009514582618383, -0.09839680790901184, 0.049531202763319016, -0.9939138293266296, 2.685075644184379, 0.0, 0.0, 0.0, 1.0, 4.2647, 0.0, 0.5, 0.0, 4.2647, 0.5, 0.0, 0.0, 1.0]], ["13.png", [0.9940038323402405, -0.07800634205341339, -0.0766250267624855, 0.19629979192250688, -0.07998886704444885, -0.9965268969535828, -0.02314946800470352, 0.05667944642062005, -0.07455308735370636, 0.02913980931043625, -0.9967911839485168, 2.6922581287916345, 0.0, 0.0, 0.0, 1.0, 4.2647, 0.0, 0.5, 0.0, 4.2647, 0.5, 0.0, 0.0, 1.0]], ["13_mirror.png", [0.9940038323402405, 0.07800634205341339, 0.0766250267624855, -0.19629979192250688, 0.07998886704444885, -0.9965268969535828, -0.02314946800470352, 0.05667944642062005, 0.07455308735370636, 0.02913980931043625, -0.9967911839485168, 2.6922581287916345, 0.0, 0.0, 0.0, 1.0, 4.2647, 0.0, 0.5, 0.0, 4.2647, 0.5, 0.0, 0.0, 1.0]], ["14.png", [0.9897940754890442, -0.14224539697170258, 0.008599366061389446, -0.019704621607742757, -0.14012950658798218, -0.9824927449226379, -0.12276721000671387, 0.31627544741024527, 0.025911886245012283, 0.12030922621488571, -0.9923982620239258, 2.6813395102546687, 0.0, 0.0, 0.0, 1.0, 4.2647, 0.0, 0.5, 0.0, 4.2647, 0.5, 0.0, 0.0, 1.0]], ["14_mirror.png", [0.9897940754890442, 0.14224539697170258, -0.008599366061389446, 0.019704621607742757, 0.14012950658798218, -0.9824927449226379, -0.12276721000671387, 0.31627544741024527, -0.025911886245012283, 0.12030922621488571, -0.9923982620239258, 2.6813395102546687, 0.0, 0.0, 0.0, 1.0, 4.2647, 0.0, 0.5, 0.0, 4.2647, 0.5, 0.0, 0.0, 1.0]], ["15.png", [0.9885416626930237, -0.027354341000318527, 0.14844873547554016, -0.37651991817714847, -0.028316672891378403, -0.9995893836021423, 0.004372555296868086, -0.008796079126357234, 0.1482681781053543, -0.008526027202606201, -0.988910436630249, 2.6736034448301935, 0.0, 0.0, 0.0, 1.0, 4.2647, 0.0, 0.5, 0.0, 4.2647, 0.5, 0.0, 0.0, 1.0]], ["15_mirror.png", [0.9885416626930237, 0.027354341000318527, -0.14844873547554016, 0.37651991817714847, 0.028316672891378403, -0.9995893836021423, 0.004372555296868086, -0.008796079126357234, -0.1482681781053543, -0.008526027202606201, -0.988910436630249, 2.6736034448301935, 0.0, 0.0, 0.0, 1.0, 4.2647, 0.0, 0.5, 0.0, 4.2647, 0.5, 0.0, 0.0, 1.0]], ["16.png", [0.9885170459747314, -0.1202041283249855, 0.0915689691901207, -0.23529554386833385, -0.1166338324546814, -0.9922257661819458, -0.04341098666191101, 0.1167918156833127, 0.09607526659965515, 0.032232463359832764, -0.9948520064353943, 2.68719103876615, 0.0, 0.0, 0.0, 1.0, 4.2647, 0.0, 0.5, 0.0, 4.2647, 0.5, 0.0, 0.0, 1.0]], ["16_mirror.png", [0.9885170459747314, 0.1202041283249855, -0.0915689691901207, 0.23529554386833385, 0.1166338324546814, -0.9922257661819458, -0.04341098666191101, 0.1167918156833127, -0.09607526659965515, 0.032232463359832764, -0.9948520064353943, 2.68719103876615, 0.0, 0.0, 0.0, 1.0, 4.2647, 0.0, 0.5, 0.0, 4.2647, 0.5, 0.0, 0.0, 1.0]], ["17.png", [0.9975834488868713, 0.06864354759454727, 0.01073506660759449, -0.030717782797892345, 0.06905947625637054, -0.9965996742248535, -0.04494192451238632, 0.11439527312854113, 0.007613590452820063, 0.04557467997074127, -0.998931884765625, 2.6974006264005035, 0.0, 0.0, 0.0, 1.0, 4.2647, 0.0, 0.5, 0.0, 4.2647, 0.5, 0.0, 0.0, 1.0]], ["17_mirror.png", [0.9975834488868713, -0.06864354759454727, -0.01073506660759449, 0.030717782797892345, -0.06905947625637054, -0.9965996742248535, -0.04494192451238632, 0.11439527312854113, -0.007613590452820063, 0.04557467997074127, -0.998931884765625, 2.6974006264005035, 0.0, 0.0, 0.0, 1.0, 4.2647, 0.0, 0.5, 0.0, 4.2647, 0.5, 0.0, 0.0, 1.0]], ["18.png", [0.995220959186554, -0.06384792178869247, 0.0738825723528862, -0.18679369965083026, -0.061677899211645126, -0.9976054430007935, -0.031291473656892776, 0.08152844926593968, 0.07570355385541916, 0.026585008949041367, -0.9967759251594543, 2.6922966451955195, 0.0, 0.0, 0.0, 1.0, 4.2647, 0.0, 0.5, 0.0, 4.2647, 0.5, 0.0, 0.0, 1.0]], ["18_mirror.png", [0.995220959186554, 0.06384792178869247, -0.0738825723528862, 0.18679369965083026, 0.061677899211645126, -0.9976054430007935, -0.031291473656892776, 0.08152844926593968, -0.07570355385541916, 0.026585008949041367, -0.9967759251594543, 2.6922966451955195, 0.0, 0.0, 0.0, 1.0, 4.2647, 0.0, 0.5, 0.0, 4.2647, 0.5, 0.0, 0.0, 1.0]], ["19.png", [0.9915085434913635, -0.10231955349445343, 0.08025955408811569, -0.2043341104390729, -0.09811139106750488, -0.993668794631958, -0.05474067106842995, 0.14012980103427983, 0.08535245060920715, 0.04640146344900131, -0.995269775390625, 2.6886076712999922, 0.0, 0.0, 0.0, 1.0, 4.2647, 0.0, 0.5, 0.0, 4.2647, 0.5, 0.0, 0.0, 1.0]], ["19_mirror.png", [0.9915085434913635, 0.10231955349445343, -0.08025955408811569, 0.2043341104390729, 0.09811139106750488, -0.993668794631958, -0.05474067106842995, 0.14012980103427983, -0.08535245060920715, 0.04640146344900131, -0.995269775390625, 2.6886076712999922, 0.0, 0.0, 0.0, 1.0, 4.2647, 0.0, 0.5, 0.0, 4.2647, 0.5, 0.0, 0.0, 1.0]], ["2.png", [0.9968336820602417, -0.02037660777568817, 0.07685914635658264, -0.1939954329377844, -0.014877323061227798, -0.9973328113555908, -0.0714559331536293, 0.18440541521676984, 0.07811017334461212, 0.07008622586727142, -0.9944781064987183, 2.6867006559790045, 0.0, 0.0, 0.0, 1.0, 4.2647, 0.0, 0.5, 0.0, 4.2647, 0.5, 0.0, 0.0, 1.0]], ["2_mirror.png", [0.9968336820602417, 0.02037660777568817, -0.07685914635658264, 0.1939954329377844, 0.014877323061227798, -0.9973328113555908, -0.0714559331536293, 0.18440541521676984, -0.07811017334461212, 0.07008622586727142, -0.9944781064987183, 2.6867006559790045, 0.0, 0.0, 0.0, 1.0, 4.2647, 0.0, 0.5, 0.0, 4.2647, 0.5, 0.0, 0.0, 1.0]], ["3.png", [0.9908953309059143, -0.11093372851610184, 0.07629051059484482, -0.1943999937570467, -0.10284144431352615, -0.9893632531166077, -0.10287848860025406, 0.2673116105781108, 0.08689172565937042, 0.09409599006175995, -0.9917639493942261, 2.6796927333702643, 0.0, 0.0, 0.0, 1.0, 4.2647, 0.0, 0.5, 0.0, 4.2647, 0.5, 0.0, 0.0, 1.0]], ["3_mirror.png", [0.9908953309059143, 0.11093372851610184, -0.07629051059484482, 0.1943999937570467, 0.10284144431352615, -0.9893632531166077, -0.10287848860025406, 0.2673116105781108, -0.08689172565937042, 0.09409599006175995, -0.9917639493942261, 2.6796927333702643, 0.0, 0.0, 0.0, 1.0, 4.2647, 0.0, 0.5, 0.0, 4.2647, 0.5, 0.0, 0.0, 1.0]], ["4.png", [0.9923539757728577, -0.10753694176673889, 0.06057467311620712, -0.15479155944669815, -0.10361051559448242, -0.9925169944763184, -0.06461336463689804, 0.16528561466019234, 0.06706971675157547, 0.0578431636095047, -0.9960702061653137, 2.690486989136068, 0.0, 0.0, 0.0, 1.0, 4.2647, 0.0, 0.5, 0.0, 4.2647, 0.5, 0.0, 0.0, 1.0]], ["4_mirror.png", [0.9923539757728577, 0.10753694176673889, -0.06057467311620712, 0.15479155944669815, 0.10361051559448242, -0.9925169944763184, -0.06461336463689804, 0.16528561466019234, -0.06706971675157547, 0.0578431636095047, -0.9960702061653137, 2.690486989136068, 0.0, 0.0, 0.0, 1.0, 4.2647, 0.0, 0.5, 0.0, 4.2647, 0.5, 0.0, 0.0, 1.0]], ["5.png", [0.9977601170539856, -0.047183893620967865, 0.0474172942340374, -0.12081092535209381, -0.04122355207800865, -0.9919602870941162, -0.11964686214923859, 0.3115529689125802, 0.05268147960305214, 0.11742416769266129, -0.9916834831237793, 2.6792423309356193, 0.0, 0.0, 0.0, 1.0, 4.2647, 0.0, 0.5, 0.0, 4.2647, 0.5, 0.0, 0.0, 1.0]], ["5_mirror.png", [0.9977601170539856, 0.047183893620967865, -0.0474172942340374, 0.12081092535209381, 0.04122355207800865, -0.9919602870941162, -0.11964686214923859, 0.3115529689125802, -0.05268147960305214, 0.11742416769266129, -0.9916834831237793, 2.6792423309356193, 0.0, 0.0, 0.0, 1.0, 4.2647, 0.0, 0.5, 0.0, 4.2647, 0.5, 0.0, 0.0, 1.0]], ["6.png", [0.996214747428894, -0.061676204204559326, 0.06125444918870926, -0.15949377136751353, -0.05956869199872017, -0.9975871443748474, -0.03565744310617447, 0.09121325948428942, 0.06330586224794388, 0.03187362477183342, -0.9974850416183472, 2.6937412418770332, 0.0, 0.0, 0.0, 1.0, 4.2647, 0.0, 0.5, 0.0, 4.2647, 0.5, 0.0, 0.0, 1.0]], ["6_mirror.png", [0.996214747428894, 0.061676204204559326, -0.06125444918870926, 0.15949377136751353, 0.05956869199872017, -0.9975871443748474, -0.03565744310617447, 0.09121325948428942, -0.06330586224794388, 0.03187362477183342, -0.9974850416183472, 2.6937412418770332, 0.0, 0.0, 0.0, 1.0, 4.2647, 0.0, 0.5, 0.0, 4.2647, 0.5, 0.0, 0.0, 1.0]], ["7.png", [0.9921149611473083, -0.07497656345367432, 0.10043073445558548, -0.25367953184675723, -0.0654660016298294, -0.9933354258537292, -0.09486223012208939, 0.24931547438054819, 0.10687385499477386, 0.08753944933414459, -0.9904114007949829, 2.6764694075136397, 0.0, 0.0, 0.0, 1.0, 4.2647, 0.0, 0.5, 0.0, 4.2647, 0.5, 0.0, 0.0, 1.0]], ["7_mirror.png", [0.9921149611473083, 0.07497656345367432, -0.10043073445558548, 0.25367953184675723, 0.0654660016298294, -0.9933354258537292, -0.09486223012208939, 0.24931547438054819, -0.10687385499477386, 0.08753944933414459, -0.9904114007949829, 2.6764694075136397, 0.0, 0.0, 0.0, 1.0, 4.2647, 0.0, 0.5, 0.0, 4.2647, 0.5, 0.0, 0.0, 1.0]], ["8.png", [0.9917066097259521, -0.10927849262952805, 0.06764773279428482, -0.1718684079561883, -0.10173112899065018, -0.989101767539978, -0.10643533617258072, 0.2797352914765737, 0.0785415917634964, 0.09867074340581894, -0.9920157790184021, 2.67996444324344, 0.0, 0.0, 0.0, 1.0, 4.2647, 0.0, 0.5, 0.0, 4.2647, 0.5, 0.0, 0.0, 1.0]], ["8_mirror.png", [0.9917066097259521, 0.10927849262952805, -0.06764773279428482, 0.1718684079561883, 0.10173112899065018, -0.989101767539978, -0.10643533617258072, 0.2797352914765737, -0.0785415917634964, 0.09867074340581894, -0.9920157790184021, 2.67996444324344, 0.0, 0.0, 0.0, 1.0, 4.2647, 0.0, 0.5, 0.0, 4.2647, 0.5, 0.0, 0.0, 1.0]], ["9.png", [0.9879230260848999, -0.09965159744024277, 0.11864906549453735, -0.3042399436808214, -0.09472809731960297, -0.9944188594818115, -0.046450935304164886, 0.1216314929710922, 0.12261577695608139, 0.03465054929256439, -0.9918491244316101, 2.6800454915144103, 0.0, 0.0, 0.0, 1.0, 4.2647, 0.0, 0.5, 0.0, 4.2647, 0.5, 0.0, 0.0, 1.0]], ["9_mirror.png", [0.9879230260848999, 0.09965159744024277, -0.11864906549453735, 0.3042399436808214, 0.09472809731960297, -0.9944188594818115, -0.046450935304164886, 0.1216314929710922, -0.12261577695608139, 0.03465054929256439, -0.9918491244316101, 2.6800454915144103, 0.0, 0.0, 0.0, 1.0, 4.2647, 0.0, 0.5, 0.0, 4.2647, 0.5, 0.0, 0.0, 1.0]]]}