{"labels": [["4_19.png", [0.9192225337028503, -0.05433639511466026, 0.3899712860584259, -1.0022369187048068, -0.0730467289686203, -0.9967724680900574, 0.03329775854945183, -0.08562918343801214, 0.3869033753871918, -0.059094175696372986, -0.9202247858047485, 2.505631417772541, 0.0, 0.0, 0.0, 1.0, 4.2647, 0.0, 0.5, 0.0, 4.2647, 0.5, 0.0, 0.0, 1.0]], ["4_16.png", [0.8521537184715271, -0.013236950151622295, 0.523124098777771, -1.3468811322256782, 0.05142202600836754, -0.9927235245704651, -0.10888450592756271, 0.27953499933670967, 0.5207588076591492, 0.11968643963336945, -0.8452723622322083, 2.3233104398251005, 0.0, 0.0, 0.0, 1.0, 4.2647, 0.0, 0.5, 0.0, 4.2647, 0.5, 0.0, 0.0, 1.0]], ["4_1.png", [0.9492340087890625, -0.05029737576842308, 0.31052374839782715, -0.7954504188323027, -0.02535611391067505, -0.9961563348770142, -0.08384273946285248, 0.2111107473095334, 0.313547283411026, 0.07171270251274109, -0.9468607902526855, 2.5715152893867703, 0.0, 0.0, 0.0, 1.0, 4.2647, 0.0, 0.5, 0.0, 4.2647, 0.5, 0.0, 0.0, 1.0]]]}