{"labels": [["8_18.png", [0.9959006905555725, 0.06496535241603851, 0.06293892115354538, -0.15849623327339374, 0.07171382009983063, -0.991152822971344, -0.11168358474969864, 0.2879497070406516, 0.055126529186964035, 0.11573934555053711, -0.9917486906051636, 2.6799186387376297, 0.0, 0.0, 0.0, 1.0, 4.2647, 0.0, 0.5, 0.0, 4.2647, 0.5, 0.0, 0.0, 1.0]], ["8_9.png", [0.9967754483222961, 0.0665348544716835, 0.04485221207141876, -0.11272790633315465, 0.07002193480730057, -0.9942291378974915, -0.08127258718013763, 0.21250275672566418, 0.03918591886758804, 0.08415116369724274, -0.9956821799278259, 2.6892629097055085, 0.0, 0.0, 0.0, 1.0, 4.2647, 0.0, 0.5, 0.0, 4.2647, 0.5, 0.0, 0.0, 1.0]], ["8_13.png", [0.9860846996307373, -0.004408995620906353, -0.16618508100509644, 0.41549542949896145, -0.019695255905389786, -0.9957064390182495, -0.09044811129570007, 0.23485570316966767, -0.1650727540254593, 0.09246255457401276, -0.9819377064704895, 2.6574812034620594, 0.0, 0.0, 0.0, 1.0, 4.2647, 0.0, 0.5, 0.0, 4.2647, 0.5, 0.0, 0.0, 1.0]]]}