{"labels": [["0.png", [0.9888407588005066, -0.08494646102190018, -0.12238478660583496, 0.3145540400992881, -0.08657975494861603, -0.9962121248245239, -0.008080215193331242, 0.024614278143338067, -0.12123482674360275, 0.018586091697216034, -0.9924498200416565, 2.6815014251662626, 0.0, 0.0, 0.0, 1.0, 4.2647, 0.0, 0.5, 0.0, 4.2647, 0.5, 0.0, 0.0, 1.0]], ["0_mirror.png", [0.9888407588005066, 0.08494646102190018, 0.12238478660583496, -0.3145540400992881, 0.08657975494861603, -0.9962121248245239, -0.008080215193331242, 0.024614278143338067, 0.12123482674360275, 0.018586091697216034, -0.9924498200416565, 2.6815014251662626, 0.0, 0.0, 0.0, 1.0, 4.2647, 0.0, 0.5, 0.0, 4.2647, 0.5, 0.0, 0.0, 1.0]], ["1.png", [0.9933873414993286, -0.08683885633945465, -0.075104258954525, 0.19139382978629252, -0.08202625811100006, -0.9945112466812134, 0.06495469808578491, -0.16342966321812818, -0.08033262193202972, -0.05836465582251549, -0.9950579404830933, 2.6882446218862124, 0.0, 0.0, 0.0, 1.0, 4.2647, 0.0, 0.5, 0.0, 4.2647, 0.5, 0.0, 0.0, 1.0]], ["1_mirror.png", [0.9933873414993286, 0.08683885633945465, 0.075104258954525, -0.19139382978629252, 0.08202625811100006, -0.9945112466812134, 0.06495469808578491, -0.16342966321812818, 0.08033262193202972, -0.05836465582251549, -0.9950579404830933, 2.6882446218862124, 0.0, 0.0, 0.0, 1.0, 4.2647, 0.0, 0.5, 0.0, 4.2647, 0.5, 0.0, 0.0, 1.0]], ["10.png", [0.9942179322242737, -0.01268778182566166, -0.10662892460823059, 0.27404767287709236, -0.012654857710003853, -0.9999194741249084, 0.0009854109957814217, -0.008298269313433419, -0.10663283616304398, 0.0003696604399010539, -0.9942983984947205, 2.6860433748763355, 0.0, 0.0, 0.0, 1.0, 4.2647, 0.0, 0.5, 0.0, 4.2647, 0.5, 0.0, 0.0, 1.0]], ["10_mirror.png", [0.9942179322242737, 0.01268778182566166, 0.10662892460823059, -0.27404767287709236, 0.012654857710003853, -0.9999194741249084, 0.0009854109957814217, -0.008298269313433419, 0.10663283616304398, 0.0003696604399010539, -0.9942983984947205, 2.6860433748763355, 0.0, 0.0, 0.0, 1.0, 4.2647, 0.0, 0.5, 0.0, 4.2647, 0.5, 0.0, 0.0, 1.0]], ["11.png", [0.9973269104957581, -0.04830493777990341, -0.05482446402311325, 0.1429479457800623, -0.050702422857284546, -0.9977783560752869, -0.043215520679950714, 0.11653602536077921, -0.05261513963341713, 0.04587973654270172, -0.9975603818893433, 2.693693605366129, 0.0, 0.0, 0.0, 1.0, 4.2647, 0.0, 0.5, 0.0, 4.2647, 0.5, 0.0, 0.0, 1.0]], ["11_mirror.png", [0.9973269104957581, 0.04830493777990341, 0.05482446402311325, -0.1429479457800623, 0.050702422857284546, -0.9977783560752869, -0.043215520679950714, 0.11653602536077921, 0.05261513963341713, 0.04587973654270172, -0.9975603818893433, 2.693693605366129, 0.0, 0.0, 0.0, 1.0, 4.2647, 0.0, 0.5, 0.0, 4.2647, 0.5, 0.0, 0.0, 1.0]], ["12.png", [0.9999749660491943, -0.007075875531882048, -0.00015648547559976578, 0.00038853260991549303, -0.007063856814056635, -0.9991658926010132, 0.04021899774670601, -0.10762982440101294, -0.00044093956239521503, -0.04021688550710678, -0.9991908669471741, 2.697853900777768, 0.0, 0.0, 0.0, 1.0, 4.2647, 0.0, 0.5, 0.0, 4.2647, 0.5, 0.0, 0.0, 1.0]], ["12_mirror.png", [0.9999749660491943, 0.007075875531882048, 0.00015648547559976578, -0.00038853260991549303, 0.007063856814056635, -0.9991658926010132, 0.04021899774670601, -0.10762982440101294, 0.00044093956239521503, -0.04021688550710678, -0.9991908669471741, 2.697853900777768, 0.0, 0.0, 0.0, 1.0, 4.2647, 0.0, 0.5, 0.0, 4.2647, 0.5, 0.0, 0.0, 1.0]], ["13.png", [0.994059681892395, -0.06903685629367828, -0.08413869142532349, 0.20987145339119356, -0.06935489177703857, -0.9975917339324951, -0.0008594050304964185, -0.0017444612497878728, -0.08387672901153564, 0.006689729634672403, -0.9964537024497986, 2.6918304051158977, 0.0, 0.0, 0.0, 1.0, 4.2647, 0.0, 0.5, 0.0, 4.2647, 0.5, 0.0, 0.0, 1.0]], ["13_mirror.png", [0.994059681892395, 0.06903685629367828, 0.08413869142532349, -0.20987145339119356, 0.06935489177703857, -0.9975917339324951, -0.0008594050304964185, -0.0017444612497878728, 0.08387672901153564, 0.006689729634672403, -0.9964537024497986, 2.6918304051158977, 0.0, 0.0, 0.0, 1.0, 4.2647, 0.0, 0.5, 0.0, 4.2647, 0.5, 0.0, 0.0, 1.0]], ["14.png", [0.9940177798271179, -0.07155395299196243, -0.08251503109931946, 0.21325434776619456, -0.07254612445831299, -0.9973236918449402, -0.009085366502404213, 0.022274442076585972, -0.08164410293102264, 0.015017160214483738, -0.9965484142303467, 2.691472911323648, 0.0, 0.0, 0.0, 1.0, 4.2647, 0.0, 0.5, 0.0, 4.2647, 0.5, 0.0, 0.0, 1.0]], ["14_mirror.png", [0.9940177798271179, 0.07155395299196243, 0.08251503109931946, -0.21325434776619456, 0.07254612445831299, -0.9973236918449402, -0.009085366502404213, 0.022274442076585972, 0.08164410293102264, 0.015017160214483738, -0.9965484142303467, 2.691472911323648, 0.0, 0.0, 0.0, 1.0, 4.2647, 0.0, 0.5, 0.0, 4.2647, 0.5, 0.0, 0.0, 1.0]], ["15.png", [0.9953655004501343, -0.09286589920520782, -0.024970728904008865, 0.06646864597440927, -0.0914241373538971, -0.994361162185669, 0.05373549461364746, -0.13616043735722172, -0.029820118099451065, -0.05120352655649185, -0.998242974281311, 2.695745213183364, 0.0, 0.0, 0.0, 1.0, 4.2647, 0.0, 0.5, 0.0, 4.2647, 0.5, 0.0, 0.0, 1.0]], ["15_mirror.png", [0.9953655004501343, 0.09286589920520782, 0.024970728904008865, -0.06646864597440927, 0.0914241373538971, -0.994361162185669, 0.05373549461364746, -0.13616043735722172, 0.029820118099451065, -0.05120352655649185, -0.998242974281311, 2.695745213183364, 0.0, 0.0, 0.0, 1.0, 4.2647, 0.0, 0.5, 0.0, 4.2647, 0.5, 0.0, 0.0, 1.0]], ["16.png", [0.9859254956245422, -0.02312682941555977, -0.16557787358760834, 0.41731379798725565, -0.019460206851363182, -0.9995288848876953, 0.02373276837170124, -0.05997067684311446, -0.16604873538017273, -0.020176561549305916, -0.9859110713005066, 2.6668807082298285, 0.0, 0.0, 0.0, 1.0, 4.2647, 0.0, 0.5, 0.0, 4.2647, 0.5, 0.0, 0.0, 1.0]], ["16_mirror.png", [0.9859254956245422, 0.02312682941555977, 0.16557787358760834, -0.41731379798725565, 0.019460206851363182, -0.9995288848876953, 0.02373276837170124, -0.05997067684311446, 0.16604873538017273, -0.020176561549305916, -0.9859110713005066, 2.6668807082298285, 0.0, 0.0, 0.0, 1.0, 4.2647, 0.0, 0.5, 0.0, 4.2647, 0.5, 0.0, 0.0, 1.0]], ["17.png", [0.9941688776016235, -0.0674709752202034, -0.08411839604377747, 0.21169352641613148, -0.06799368560314178, -0.997680127620697, -0.0033613869454711676, 0.00832674536487457, -0.08369645476341248, 0.009061306715011597, -0.9964501261711121, 2.691675410629063, 0.0, 0.0, 0.0, 1.0, 4.2647, 0.0, 0.5, 0.0, 4.2647, 0.5, 0.0, 0.0, 1.0]], ["17_mirror.png", [0.9941688776016235, 0.0674709752202034, 0.08411839604377747, -0.21169352641613148, 0.06799368560314178, -0.997680127620697, -0.0033613869454711676, 0.00832674536487457, 0.08369645476341248, 0.009061306715011597, -0.9964501261711121, 2.691675410629063, 0.0, 0.0, 0.0, 1.0, 4.2647, 0.0, 0.5, 0.0, 4.2647, 0.5, 0.0, 0.0, 1.0]], ["18.png", [0.9941887259483337, -0.01258483249694109, -0.10691303759813309, 0.270802968765089, -0.01239224523305893, -0.9999201893806458, 0.002465534256771207, -0.009945642779886738, -0.1069355309009552, -0.001126313698478043, -0.9942653179168701, 2.6863668469324344, 0.0, 0.0, 0.0, 1.0, 4.2647, 0.0, 0.5, 0.0, 4.2647, 0.5, 0.0, 0.0, 1.0]], ["18_mirror.png", [0.9941887259483337, 0.01258483249694109, 0.10691303759813309, -0.270802968765089, 0.01239224523305893, -0.9999201893806458, 0.002465534256771207, -0.009945642779886738, 0.1069355309009552, -0.001126313698478043, -0.9942653179168701, 2.6863668469324344, 0.0, 0.0, 0.0, 1.0, 4.2647, 0.0, 0.5, 0.0, 4.2647, 0.5, 0.0, 0.0, 1.0]], ["19.png", [0.9949789047241211, -0.07703562080860138, -0.06389349699020386, 0.16409801638001023, -0.07596652954816818, -0.9969292879104614, 0.01899995654821396, -0.052094324196287255, -0.06516096740961075, -0.01405079010874033, -0.9977757930755615, 2.69450515353129, 0.0, 0.0, 0.0, 1.0, 4.2647, 0.0, 0.5, 0.0, 4.2647, 0.5, 0.0, 0.0, 1.0]], ["19_mirror.png", [0.9949789047241211, 0.07703562080860138, 0.06389349699020386, -0.16409801638001023, 0.07596652954816818, -0.9969292879104614, 0.01899995654821396, -0.052094324196287255, 0.06516096740961075, -0.01405079010874033, -0.9977757930755615, 2.69450515353129, 0.0, 0.0, 0.0, 1.0, 4.2647, 0.0, 0.5, 0.0, 4.2647, 0.5, 0.0, 0.0, 1.0]], ["2.png", [0.9947155714035034, 0.041254010051488876, -0.09401614964008331, 0.23731700617147902, 0.04702363535761833, -0.9970900416374207, 0.06000223010778427, -0.15082904991307614, -0.09126723557710648, -0.06410613656044006, -0.993760883808136, 2.6853177160783277, 0.0, 0.0, 0.0, 1.0, 4.2647, 0.0, 0.5, 0.0, 4.2647, 0.5, 0.0, 0.0, 1.0]], ["2_mirror.png", [0.9947155714035034, -0.041254010051488876, 0.09401614964008331, -0.23731700617147902, -0.04702363535761833, -0.9970900416374207, 0.06000223010778427, -0.15082904991307614, 0.09126723557710648, -0.06410613656044006, -0.993760883808136, 2.6853177160783277, 0.0, 0.0, 0.0, 1.0, 4.2647, 0.0, 0.5, 0.0, 4.2647, 0.5, 0.0, 0.0, 1.0]], ["3.png", [0.9964832067489624, -0.05878550931811333, -0.059711337089538574, 0.1517021616596426, -0.06423375010490417, -0.9935123324394226, -0.09384693205356598, 0.24573802438722975, -0.05380710959434509, 0.09735237807035446, -0.9937943816184998, 2.6845109941138356, 0.0, 0.0, 0.0, 1.0, 4.2647, 0.0, 0.5, 0.0, 4.2647, 0.5, 0.0, 0.0, 1.0]], ["3_mirror.png", [0.9964832067489624, 0.05878550931811333, 0.059711337089538574, -0.1517021616596426, 0.06423375010490417, -0.9935123324394226, -0.09384693205356598, 0.24573802438722975, 0.05380710959434509, 0.09735237807035446, -0.9937943816184998, 2.6845109941138356, 0.0, 0.0, 0.0, 1.0, 4.2647, 0.0, 0.5, 0.0, 4.2647, 0.5, 0.0, 0.0, 1.0]], ["4.png", [0.9947946667671204, -0.013945288956165314, -0.10094117373228073, 0.2547680709640148, -0.013015485368669033, -0.9998666048049927, 0.009864096529781818, -0.033020879764722046, -0.1010652706027031, -0.00849895179271698, -0.9948434829711914, 2.68775051883854, 0.0, 0.0, 0.0, 1.0, 4.2647, 0.0, 0.5, 0.0, 4.2647, 0.5, 0.0, 0.0, 1.0]], ["4_mirror.png", [0.9947946667671204, 0.013945288956165314, 0.10094117373228073, -0.2547680709640148, 0.013015485368669033, -0.9998666048049927, 0.009864096529781818, -0.033020879764722046, 0.1010652706027031, -0.00849895179271698, -0.9948434829711914, 2.68775051883854, 0.0, 0.0, 0.0, 1.0, 4.2647, 0.0, 0.5, 0.0, 4.2647, 0.5, 0.0, 0.0, 1.0]], ["5.png", [0.9792824983596802, -0.11222752183675766, -0.16855491697788239, 0.4312478195334759, -0.12482671439647675, -0.9899755716323853, -0.06607993692159653, 0.16752310787609745, -0.1594492644071579, 0.08575108647346497, -0.9834747910499573, 2.6600679176432993, 0.0, 0.0, 0.0, 1.0, 4.2647, 0.0, 0.5, 0.0, 4.2647, 0.5, 0.0, 0.0, 1.0]], ["5_mirror.png", [0.9792824983596802, 0.11222752183675766, 0.16855491697788239, -0.4312478195334759, 0.12482671439647675, -0.9899755716323853, -0.06607993692159653, 0.16752310787609745, 0.1594492644071579, 0.08575108647346497, -0.9834747910499573, 2.6600679176432993, 0.0, 0.0, 0.0, 1.0, 4.2647, 0.0, 0.5, 0.0, 4.2647, 0.5, 0.0, 0.0, 1.0]], ["6.png", [0.9937363266944885, -0.0834905132651329, -0.07427957653999329, 0.1916107747253952, -0.07908433675765991, -0.9950359463691711, 0.0604081004858017, -0.15033323412842567, -0.07895434647798538, -0.0541553758084774, -0.9954061508178711, 2.6889933487693165, 0.0, 0.0, 0.0, 1.0, 4.2647, 0.0, 0.5, 0.0, 4.2647, 0.5, 0.0, 0.0, 1.0]], ["6_mirror.png", [0.9937363266944885, 0.0834905132651329, 0.07427957653999329, -0.1916107747253952, 0.07908433675765991, -0.9950359463691711, 0.0604081004858017, -0.15033323412842567, 0.07895434647798538, -0.0541553758084774, -0.9954061508178711, 2.6889933487693165, 0.0, 0.0, 0.0, 1.0, 4.2647, 0.0, 0.5, 0.0, 4.2647, 0.5, 0.0, 0.0, 1.0]], ["7.png", [0.9908880591392517, -0.1068163588643074, -0.08204306662082672, 0.20681125922324353, -0.10454099625349045, -0.9940196871757507, 0.031558435410261154, -0.07940152727394816, -0.0849233865737915, -0.022694017738103867, -0.9961289763450623, 2.690896597887972, 0.0, 0.0, 0.0, 1.0, 4.2647, 0.0, 0.5, 0.0, 4.2647, 0.5, 0.0, 0.0, 1.0]], ["7_mirror.png", [0.9908880591392517, 0.1068163588643074, 0.08204306662082672, -0.20681125922324353, 0.10454099625349045, -0.9940196871757507, 0.031558435410261154, -0.07940152727394816, 0.0849233865737915, -0.022694017738103867, -0.9961289763450623, 2.690896597887972, 0.0, 0.0, 0.0, 1.0, 4.2647, 0.0, 0.5, 0.0, 4.2647, 0.5, 0.0, 0.0, 1.0]], ["8.png", [0.996778130531311, -0.05027423053979874, -0.06249740347266197, 0.15433399813689164, -0.05441697686910629, -0.996304452419281, -0.06645417213439941, 0.16940625386573255, -0.05892551317811012, 0.06964098662137985, -0.9958302974700928, 2.6902569650816375, 0.0, 0.0, 0.0, 1.0, 4.2647, 0.0, 0.5, 0.0, 4.2647, 0.5, 0.0, 0.0, 1.0]], ["8_mirror.png", [0.996778130531311, 0.05027423053979874, 0.06249740347266197, -0.15433399813689164, 0.05441697686910629, -0.996304452419281, -0.06645417213439941, 0.16940625386573255, 0.05892551317811012, 0.06964098662137985, -0.9958302974700928, 2.6902569650816375, 0.0, 0.0, 0.0, 1.0, 4.2647, 0.0, 0.5, 0.0, 4.2647, 0.5, 0.0, 0.0, 1.0]], ["9.png", [0.982936680316925, -0.09872979670763016, -0.15520288050174713, 0.39822623488414466, -0.11242322623729706, -0.9902660846710205, -0.08206120878458023, 0.21164705009346998, -0.14559027552604675, 0.09810937941074371, -0.984468400478363, 2.662070884111979, 0.0, 0.0, 0.0, 1.0, 4.2647, 0.0, 0.5, 0.0, 4.2647, 0.5, 0.0, 0.0, 1.0]], ["9_mirror.png", [0.982936680316925, 0.09872979670763016, 0.15520288050174713, -0.39822623488414466, 0.11242322623729706, -0.9902660846710205, -0.08206120878458023, 0.21164705009346998, 0.14559027552604675, 0.09810937941074371, -0.984468400478363, 2.662070884111979, 0.0, 0.0, 0.0, 1.0, 4.2647, 0.0, 0.5, 0.0, 4.2647, 0.5, 0.0, 0.0, 1.0]]]}