{"labels": [["0.png", [0.9938784241676331, 0.06445398926734924, -0.08972889184951782, 0.22587301424959186, 0.05433424934744835, -0.9923359155654907, -0.11098282039165497, 0.27233979673925973, -0.09619449079036713, 0.10542807728052139, -0.9897633194923401, 2.676716723253662, 0.0, 0.0, 0.0, 1.0, 4.2647, 0.0, 0.5, 0.0, 4.2647, 0.5, 0.0, 0.0, 1.0]], ["0_mirror.png", [0.9938784241676331, -0.06445398926734924, 0.08972889184951782, -0.22587301424959186, -0.05433424934744835, -0.9923359155654907, -0.11098282039165497, 0.27233979673925973, 0.09619449079036713, 0.10542807728052139, -0.9897633194923401, 2.676716723253662, 0.0, 0.0, 0.0, 1.0, 4.2647, 0.0, 0.5, 0.0, 4.2647, 0.5, 0.0, 0.0, 1.0]], ["1.png", [0.9900336861610413, -0.08042027801275253, -0.11561049520969391, 0.2917926284307944, -0.09096372127532959, -0.9918680787086487, -0.08901302516460419, 0.2202523794053205, -0.10751190036535263, 0.0986422598361969, -0.9892981648445129, 2.6751347538693717, 0.0, 0.0, 0.0, 1.0, 4.2647, 0.0, 0.5, 0.0, 4.2647, 0.5, 0.0, 0.0, 1.0]], ["1_mirror.png", [0.9900336861610413, 0.08042027801275253, 0.11561049520969391, -0.2917926284307944, 0.09096372127532959, -0.9918680787086487, -0.08901302516460419, 0.2202523794053205, 0.10751190036535263, 0.0986422598361969, -0.9892981648445129, 2.6751347538693717, 0.0, 0.0, 0.0, 1.0, 4.2647, 0.0, 0.5, 0.0, 4.2647, 0.5, 0.0, 0.0, 1.0]], ["10.png", [0.9895257353782654, -0.09657600522041321, -0.10729318857192993, 0.27039541804119144, -0.10491680353879929, -0.9916477203369141, -0.07501404732465744, 0.18637246326061063, -0.09915249049663544, 0.08548519015312195, -0.9913934469223022, 2.679953660577082, 0.0, 0.0, 0.0, 1.0, 4.2647, 0.0, 0.5, 0.0, 4.2647, 0.5, 0.0, 0.0, 1.0]], ["10_mirror.png", [0.9895257353782654, 0.09657600522041321, 0.10729318857192993, -0.27039541804119144, 0.10491680353879929, -0.9916477203369141, -0.07501404732465744, 0.18637246326061063, 0.09915249049663544, 0.08548519015312195, -0.9913934469223022, 2.679953660577082, 0.0, 0.0, 0.0, 1.0, 4.2647, 0.0, 0.5, 0.0, 4.2647, 0.5, 0.0, 0.0, 1.0]], ["11.png", [0.7583646774291992, -0.022508654743433, -0.651441752910614, 1.67681741232996, -0.09798958152532578, -0.9919830560684204, -0.07979781925678253, 0.20226205514902815, -0.6444230079650879, 0.12435035407543182, -0.7544904947280884, 2.1065074001184874, 0.0, 0.0, 0.0, 1.0, 4.2647, 0.0, 0.5, 0.0, 4.2647, 0.5, 0.0, 0.0, 1.0]], ["11_mirror.png", [0.7583646774291992, 0.022508654743433, 0.651441752910614, -1.67681741232996, 0.09798958152532578, -0.9919830560684204, -0.07979781925678253, 0.20226205514902815, 0.6444230079650879, 0.12435035407543182, -0.7544904947280884, 2.1065074001184874, 0.0, 0.0, 0.0, 1.0, 4.2647, 0.0, 0.5, 0.0, 4.2647, 0.5, 0.0, 0.0, 1.0]], ["12.png", [0.9902626276016235, -0.08837732672691345, -0.10756107419729233, 0.27146969339108235, -0.09631280601024628, -0.9928185939788818, -0.0709579586982727, 0.17963868624045223, -0.10051756352186203, 0.08062652498483658, -0.9916630387306213, 2.6803048610141267, 0.0, 0.0, 0.0, 1.0, 4.2647, 0.0, 0.5, 0.0, 4.2647, 0.5, 0.0, 0.0, 1.0]], ["12_mirror.png", [0.9902626276016235, 0.08837732672691345, 0.10756107419729233, -0.27146969339108235, 0.09631280601024628, -0.9928185939788818, -0.0709579586982727, 0.17963868624045223, 0.10051756352186203, 0.08062652498483658, -0.9916630387306213, 2.6803048610141267, 0.0, 0.0, 0.0, 1.0, 4.2647, 0.0, 0.5, 0.0, 4.2647, 0.5, 0.0, 0.0, 1.0]], ["13.png", [0.988499641418457, -0.10162529349327087, -0.11198510974645615, 0.28296231784284853, -0.1113080084323883, -0.9902387261390686, -0.08389176428318024, 0.2109225027494828, -0.10236646234989166, 0.09539182484149933, -0.9901623725891113, 2.67683470250124, 0.0, 0.0, 0.0, 1.0, 4.2647, 0.0, 0.5, 0.0, 4.2647, 0.5, 0.0, 0.0, 1.0]], ["13_mirror.png", [0.988499641418457, 0.10162529349327087, 0.11198510974645615, -0.28296231784284853, 0.1113080084323883, -0.9902387261390686, -0.08389176428318024, 0.2109225027494828, 0.10236646234989166, 0.09539182484149933, -0.9901623725891113, 2.67683470250124, 0.0, 0.0, 0.0, 1.0, 4.2647, 0.0, 0.5, 0.0, 4.2647, 0.5, 0.0, 0.0, 1.0]], ["14.png", [0.9903843998908997, -0.07313818484544754, -0.11742858588695526, 0.29467868416667675, -0.08451786637306213, -0.9918785691261292, -0.0950448289513588, 0.23601108666374557, -0.10952349752187729, 0.1040557250380516, -0.9885226488113403, 2.6734740021308596, 0.0, 0.0, 0.0, 1.0, 4.2647, 0.0, 0.5, 0.0, 4.2647, 0.5, 0.0, 0.0, 1.0]], ["14_mirror.png", [0.9903843998908997, 0.07313818484544754, 0.11742858588695526, -0.29467868416667675, 0.08451786637306213, -0.9918785691261292, -0.0950448289513588, 0.23601108666374557, 0.10952349752187729, 0.1040557250380516, -0.9885226488113403, 2.6734740021308596, 0.0, 0.0, 0.0, 1.0, 4.2647, 0.0, 0.5, 0.0, 4.2647, 0.5, 0.0, 0.0, 1.0]], ["15.png", [0.9950769543647766, 0.065048448741436, -0.07477028667926788, 0.1885133642665784, 0.05600229650735855, -0.9915170669555664, -0.11729332059621811, 0.2880513377912849, -0.08176576346158981, 0.11252856999635696, -0.9902786016464233, 2.6779636178054305, 0.0, 0.0, 0.0, 1.0, 4.2647, 0.0, 0.5, 0.0, 4.2647, 0.5, 0.0, 0.0, 1.0]], ["15_mirror.png", [0.9950769543647766, -0.065048448741436, 0.07477028667926788, -0.1885133642665784, -0.05600229650735855, -0.9915170669555664, -0.11729332059621811, 0.2880513377912849, 0.08176576346158981, 0.11252856999635696, -0.9902786016464233, 2.6779636178054305, 0.0, 0.0, 0.0, 1.0, 4.2647, 0.0, 0.5, 0.0, 4.2647, 0.5, 0.0, 0.0, 1.0]], ["16.png", [0.9907233119010925, 0.06899549067020416, -0.11707677692174911, 0.2973360054671776, 0.0575699582695961, -0.9934887886047363, -0.09831452369689941, 0.2448875226636206, -0.12309771776199341, 0.090662382543087, -0.9882445931434631, 2.672381223010014, 0.0, 0.0, 0.0, 1.0, 4.2647, 0.0, 0.5, 0.0, 4.2647, 0.5, 0.0, 0.0, 1.0]], ["16_mirror.png", [0.9907233119010925, -0.06899549067020416, 0.11707677692174911, -0.2973360054671776, -0.0575699582695961, -0.9934887886047363, -0.09831452369689941, 0.2448875226636206, 0.12309771776199341, 0.090662382543087, -0.9882445931434631, 2.672381223010014, 0.0, 0.0, 0.0, 1.0, 4.2647, 0.0, 0.5, 0.0, 4.2647, 0.5, 0.0, 0.0, 1.0]], ["17.png", [0.9906036853790283, -0.09078802913427353, -0.10228316485881805, 0.25929570158927506, -0.09822113811969757, -0.9926899075508118, -0.07013727724552155, 0.17618649659859079, -0.0951678454875946, 0.07952461391687393, -0.9922796487808228, 2.681738998775541, 0.0, 0.0, 0.0, 1.0, 4.2647, 0.0, 0.5, 0.0, 4.2647, 0.5, 0.0, 0.0, 1.0]], ["17_mirror.png", [0.9906036853790283, 0.09078802913427353, 0.10228316485881805, -0.25929570158927506, 0.09822113811969757, -0.9926899075508118, -0.07013727724552155, 0.17618649659859079, 0.0951678454875946, 0.07952461391687393, -0.9922796487808228, 2.681738998775541, 0.0, 0.0, 0.0, 1.0, 4.2647, 0.0, 0.5, 0.0, 4.2647, 0.5, 0.0, 0.0, 1.0]], ["18.png", [0.9901617169380188, -0.09421701729297638, -0.10345462709665298, 0.2614213856444014, -0.10220211744308472, -0.9919475317001343, -0.07479892671108246, 0.19045584733374704, -0.09557422250509262, 0.08463631570339203, -0.9918176531791687, 2.680556925219859, 0.0, 0.0, 0.0, 1.0, 4.2647, 0.0, 0.5, 0.0, 4.2647, 0.5, 0.0, 0.0, 1.0]], ["18_mirror.png", [0.9901617169380188, 0.09421701729297638, 0.10345462709665298, -0.2614213856444014, 0.10220211744308472, -0.9919475317001343, -0.07479892671108246, 0.19045584733374704, 0.09557422250509262, 0.08463631570339203, -0.9918176531791687, 2.680556925219859, 0.0, 0.0, 0.0, 1.0, 4.2647, 0.0, 0.5, 0.0, 4.2647, 0.5, 0.0, 0.0, 1.0]], ["19.png", [0.9982681274414062, 0.057851359248161316, -0.010677727870643139, 0.02836726072717608, 0.05645783618092537, -0.9931334257125854, -0.10246213525533676, 0.2525153695406224, -0.01653198152780533, 0.10168184340000153, -0.9946796298027039, 2.6880162363097067, 0.0, 0.0, 0.0, 1.0, 4.2647, 0.0, 0.5, 0.0, 4.2647, 0.5, 0.0, 0.0, 1.0]], ["19_mirror.png", [0.9982681274414062, -0.057851359248161316, 0.010677727870643139, -0.02836726072717608, -0.05645783618092537, -0.9931334257125854, -0.10246213525533676, 0.2525153695406224, 0.01653198152780533, 0.10168184340000153, -0.9946796298027039, 2.6880162363097067, 0.0, 0.0, 0.0, 1.0, 4.2647, 0.0, 0.5, 0.0, 4.2647, 0.5, 0.0, 0.0, 1.0]], ["2.png", [0.9905949831008911, 0.03580815717577934, -0.13205815851688385, 0.3312237945816245, 0.028989171609282494, -0.9981628656387329, -0.053202636539936066, 0.13492453835327642, -0.13372062146663666, 0.04887400567531586, -0.9898132085800171, 2.6762074222401195, 0.0, 0.0, 0.0, 1.0, 4.2647, 0.0, 0.5, 0.0, 4.2647, 0.5, 0.0, 0.0, 1.0]], ["2_mirror.png", [0.9905949831008911, -0.03580815717577934, 0.13205815851688385, -0.3312237945816245, -0.028989171609282494, -0.9981628656387329, -0.053202636539936066, 0.13492453835327642, 0.13372062146663666, 0.04887400567531586, -0.9898132085800171, 2.6762074222401195, 0.0, 0.0, 0.0, 1.0, 4.2647, 0.0, 0.5, 0.0, 4.2647, 0.5, 0.0, 0.0, 1.0]], ["3.png", [0.990773618221283, -0.06467018276453018, -0.11910248547792435, 0.3003545624960517, -0.07826488465070724, -0.9904792904853821, -0.11324959993362427, 0.2846071696990544, -0.11064466834068298, 0.12152626365423203, -0.9864020943641663, 2.668105300722537, 0.0, 0.0, 0.0, 1.0, 4.2647, 0.0, 0.5, 0.0, 4.2647, 0.5, 0.0, 0.0, 1.0]], ["3_mirror.png", [0.990773618221283, 0.06467018276453018, 0.11910248547792435, -0.3003545624960517, 0.07826488465070724, -0.9904792904853821, -0.11324959993362427, 0.2846071696990544, 0.11064466834068298, 0.12152626365423203, -0.9864020943641663, 2.668105300722537, 0.0, 0.0, 0.0, 1.0, 4.2647, 0.0, 0.5, 0.0, 4.2647, 0.5, 0.0, 0.0, 1.0]], ["4.png", [0.9870323538780212, -0.07603849470615387, -0.1413692682981491, 0.35514908263002737, -0.09185563027858734, -0.9897942543029785, -0.10894878208637238, 0.2773136611094236, -0.1316421926021576, 0.12052153050899506, -0.983943521976471, 2.6621356581641624, 0.0, 0.0, 0.0, 1.0, 4.2647, 0.0, 0.5, 0.0, 4.2647, 0.5, 0.0, 0.0, 1.0]], ["4_mirror.png", [0.9870323538780212, 0.07603849470615387, 0.1413692682981491, -0.35514908263002737, 0.09185563027858734, -0.9897942543029785, -0.10894878208637238, 0.2773136611094236, 0.1316421926021576, 0.12052153050899506, -0.983943521976471, 2.6621356581641624, 0.0, 0.0, 0.0, 1.0, 4.2647, 0.0, 0.5, 0.0, 4.2647, 0.5, 0.0, 0.0, 1.0]], ["5.png", [0.9923326373100281, -0.09495022892951965, -0.07912242412567139, 0.19956173660607274, -0.10613507777452469, -0.9826884269714355, -0.15185096859931946, 0.3829971053627872, -0.0633344054222107, 0.15908434987068176, -0.9852313995361328, 2.6652370120810076, 0.0, 0.0, 0.0, 1.0, 4.2647, 0.0, 0.5, 0.0, 4.2647, 0.5, 0.0, 0.0, 1.0]], ["5_mirror.png", [0.9923326373100281, 0.09495022892951965, 0.07912242412567139, -0.19956173660607274, 0.10613507777452469, -0.9826884269714355, -0.15185096859931946, 0.3829971053627872, 0.0633344054222107, 0.15908434987068176, -0.9852313995361328, 2.6652370120810076, 0.0, 0.0, 0.0, 1.0, 4.2647, 0.0, 0.5, 0.0, 4.2647, 0.5, 0.0, 0.0, 1.0]], ["6.png", [0.9892377257347107, -0.08959932625293732, -0.11567483842372894, 0.29114927943353625, -0.09801085293292999, -0.9927769899368286, -0.06919293850660324, 0.17418174287287402, -0.1086396798491478, 0.07978565245866776, -0.9908742308616638, 2.6785990400832858, 0.0, 0.0, 0.0, 1.0, 4.2647, 0.0, 0.5, 0.0, 4.2647, 0.5, 0.0, 0.0, 1.0]], ["6_mirror.png", [0.9892377257347107, 0.08959932625293732, 0.11567483842372894, -0.29114927943353625, 0.09801085293292999, -0.9927769899368286, -0.06919293850660324, 0.17418174287287402, 0.1086396798491478, 0.07978565245866776, -0.9908742308616638, 2.6785990400832858, 0.0, 0.0, 0.0, 1.0, 4.2647, 0.0, 0.5, 0.0, 4.2647, 0.5, 0.0, 0.0, 1.0]], ["7.png", [0.9853916168212891, -0.11698935180902481, -0.1237611174583435, 0.307891207078917, -0.12927360832691193, -0.9869151711463928, -0.09636765718460083, 0.2418649422650572, -0.11086773872375488, 0.11095893383026123, -0.9876216053962708, 2.671461089798354, 0.0, 0.0, 0.0, 1.0, 4.2647, 0.0, 0.5, 0.0, 4.2647, 0.5, 0.0, 0.0, 1.0]], ["7_mirror.png", [0.9853916168212891, 0.11698935180902481, 0.1237611174583435, -0.307891207078917, 0.12927360832691193, -0.9869151711463928, -0.09636765718460083, 0.2418649422650572, 0.11086773872375488, 0.11095893383026123, -0.9876216053962708, 2.671461089798354, 0.0, 0.0, 0.0, 1.0, 4.2647, 0.0, 0.5, 0.0, 4.2647, 0.5, 0.0, 0.0, 1.0]], ["8.png", [0.9989467859268188, 0.03854728117585182, 0.02488844469189644, -0.06542893423023381, 0.04188985377550125, -0.9875123500823975, -0.15187042951583862, 0.3908229686016564, 0.01872345432639122, 0.1527530401945114, -0.988086998462677, 2.6707632732570827, 0.0, 0.0, 0.0, 1.0, 4.2647, 0.0, 0.5, 0.0, 4.2647, 0.5, 0.0, 0.0, 1.0]], ["8_mirror.png", [0.9989467859268188, -0.03854728117585182, -0.02488844469189644, 0.06542893423023381, -0.04188985377550125, -0.9875123500823975, -0.15187042951583862, 0.3908229686016564, -0.01872345432639122, 0.1527530401945114, -0.988086998462677, 2.6707632732570827, 0.0, 0.0, 0.0, 1.0, 4.2647, 0.0, 0.5, 0.0, 4.2647, 0.5, 0.0, 0.0, 1.0]], ["9.png", [0.991653323173523, -0.10145512223243713, -0.07956383377313614, 0.2011780506400353, -0.11306650936603546, -0.9808681607246399, -0.15847256779670715, 0.40064892380210554, -0.061963774263858795, 0.16614587604999542, -0.9841523766517639, 2.6625190763254434, 0.0, 0.0, 0.0, 1.0, 4.2647, 0.0, 0.5, 0.0, 4.2647, 0.5, 0.0, 0.0, 1.0]], ["9_mirror.png", [0.991653323173523, 0.10145512223243713, 0.07956383377313614, -0.2011780506400353, 0.11306650936603546, -0.9808681607246399, -0.15847256779670715, 0.40064892380210554, 0.061963774263858795, 0.16614587604999542, -0.9841523766517639, 2.6625190763254434, 0.0, 0.0, 0.0, 1.0, 4.2647, 0.0, 0.5, 0.0, 4.2647, 0.5, 0.0, 0.0, 1.0]]]}