{"labels": [["10_16.png", [0.973965585231781, -0.04661107435822487, -0.22185218334197998, 0.5641810578887296, -0.08845062553882599, -0.9792039394378662, -0.18258154392242432, 0.47315188749445425, -0.20872822403907776, 0.19745108485221863, -0.9578338265419006, 2.5976579885119575, 0.0, 0.0, 0.0, 1.0, 4.2647, 0.0, 0.5, 0.0, 4.2647, 0.5, 0.0, 0.0, 1.0]], ["7_2.png", [0.6806483864784241, -0.06515925377607346, -0.7297068238258362, 1.8884129085436534, 0.006533414125442505, -0.9954573512077332, 0.09498364478349686, -0.2399121446754085, -0.7325810790061951, -0.06941793113946915, -0.6771307587623596, 1.9147686151812038, 0.0, 0.0, 0.0, 1.0, 4.2647, 0.0, 0.5, 0.0, 4.2647, 0.5, 0.0, 0.0, 1.0]], ["8_0.png", [0.9986789226531982, 0.001208783476613462, 0.051370538771152496, -0.13537160616006097, 0.004746889695525169, -0.9976186156272888, -0.0688081905245781, 0.1801507798818537, 0.051165033131837845, 0.06896114349365234, -0.9963064193725586, 2.690579904918939, 0.0, 0.0, 0.0, 1.0, 4.2647, 0.0, 0.5, 0.0, 4.2647, 0.5, 0.0, 0.0, 1.0]]]}