{"labels": [["6_1.png", [0.8979676961898804, 0.01353952381759882, -0.43985292315483093, 1.1237762310401664, -0.01729121059179306, -0.9976691007614136, -0.06601051241159439, 0.17448108762844158, -0.43972140550613403, 0.06688090413808823, -0.8956405520439148, 2.4488126373018324, 0.0, 0.0, 0.0, 1.0, 4.2647, 0.0, 0.5, 0.0, 4.2647, 0.5, 0.0, 0.0, 1.0]], ["5_15.png", [0.9954574704170227, -0.06469891220331192, -0.06984516233205795, 0.1756174597023318, -0.06924977898597717, -0.9954906105995178, -0.06482990831136703, 0.16379719905612866, -0.06533577293157578, 0.06937218457460403, -0.9954490065574646, 2.689298976579039, 0.0, 0.0, 0.0, 1.0, 4.2647, 0.0, 0.5, 0.0, 4.2647, 0.5, 0.0, 0.0, 1.0]], ["6_15.png", [0.9177222847938538, 0.07973232865333557, -0.38913822174072266, 0.9888707777907831, 0.04440838471055031, -0.9941004514694214, -0.09895553439855576, 0.2619565512588577, -0.39473244547843933, 0.07353270053863525, -0.9158489108085632, 2.498702333228994, 0.0, 0.0, 0.0, 1.0, 4.2647, 0.0, 0.5, 0.0, 4.2647, 0.5, 0.0, 0.0, 1.0]]]}