{"labels": [["8_4.png", [0.9636965394020081, -0.039344772696495056, 0.26408517360687256, -0.6679741610022021, 0.0006805919110774994, -0.9887179136276245, -0.14978790283203125, 0.3817119366596446, 0.26699912548065186, 0.1445298194885254, -0.9527972340583801, 2.5880700372371974, 0.0, 0.0, 0.0, 1.0, 4.2647, 0.0, 0.5, 0.0, 4.2647, 0.5, 0.0, 0.0, 1.0]], ["6_1.png", [0.9720179438591003, -0.014967706054449081, 0.23442921042442322, -0.6057831871479168, -0.020310208201408386, -0.999585747718811, 0.020391572266817093, -0.046566455528926014, 0.23402687907218933, -0.024582279846072197, -0.9719193577766418, 2.630752420009984, 0.0, 0.0, 0.0, 1.0, 4.2647, 0.0, 0.5, 0.0, 4.2647, 0.5, 0.0, 0.0, 1.0]], ["7_6.png", [0.8840566873550415, 0.047225650399923325, 0.46498754620552063, -1.1923553810759056, 0.0033288560807704926, -0.9954929351806641, 0.09477654099464417, -0.23989099274909123, 0.4673677384853363, -0.08223995566368103, -0.8802294731140137, 2.410547854081555, 0.0, 0.0, 0.0, 1.0, 4.2647, 0.0, 0.5, 0.0, 4.2647, 0.5, 0.0, 0.0, 1.0]]]}