{"labels": [["7_6.png", [0.9937363266944885, -0.0834905132651329, -0.07427957653999329, 0.1916107747253952, -0.07908433675765991, -0.9950359463691711, 0.0604081004858017, -0.15033323412842567, -0.07895434647798538, -0.0541553758084774, -0.9954061508178711, 2.6889933487693165, 0.0, 0.0, 0.0, 1.0, 4.2647, 0.0, 0.5, 0.0, 4.2647, 0.5, 0.0, 0.0, 1.0]], ["7_1.png", [0.9933873414993286, -0.08683885633945465, -0.075104258954525, 0.19139382978629252, -0.08202625811100006, -0.9945112466812134, 0.06495469808578491, -0.16342966321812818, -0.08033262193202972, -0.05836465582251549, -0.9950579404830933, 2.6882446218862124, 0.0, 0.0, 0.0, 1.0, 4.2647, 0.0, 0.5, 0.0, 4.2647, 0.5, 0.0, 0.0, 1.0]], ["6_15.png", [0.973447322845459, 0.03892435133457184, -0.22557762265205383, 0.5807049016689336, 0.00770188495516777, -0.9904482960700989, -0.13766957819461823, 0.34843523851610675, -0.22878167033195496, 0.13227669894695282, -0.9644489884376526, 2.613689863342225, 0.0, 0.0, 0.0, 1.0, 4.2647, 0.0, 0.5, 0.0, 4.2647, 0.5, 0.0, 0.0, 1.0]]]}