{"labels": [["0.png", [0.9785869121551514, -0.09487715363502502, -0.18266329169273376, 0.46584516640430146, -0.11850616335868835, -0.9852924942970276, -0.12310538440942764, 0.31029518133833817, -0.16829687356948853, 0.14211605489253998, -0.9754378795623779, 2.6413453355015806, 0.0, 0.0, 0.0, 1.0, 4.2647, 0.0, 0.5, 0.0, 4.2647, 0.5, 0.0, 0.0, 1.0]], ["0_mirror.png", [0.9785869121551514, 0.09487715363502502, 0.18266329169273376, -0.46584516640430146, 0.11850616335868835, -0.9852924942970276, -0.12310538440942764, 0.31029518133833817, 0.16829687356948853, 0.14211605489253998, -0.9754378795623779, 2.6413453355015806, 0.0, 0.0, 0.0, 1.0, 4.2647, 0.0, 0.5, 0.0, 4.2647, 0.5, 0.0, 0.0, 1.0]], ["1.png", [0.8783178925514221, -0.0005772311124019325, -0.47807660698890686, 1.2236834040640356, -0.04302750155329704, -0.9960363507270813, -0.07784711569547653, 0.1950716852543784, -0.476136714220047, 0.08894495666027069, -0.8748614192008972, 2.3988634734453465, 0.0, 0.0, 0.0, 1.0, 4.2647, 0.0, 0.5, 0.0, 4.2647, 0.5, 0.0, 0.0, 1.0]], ["1_mirror.png", [0.8783178925514221, 0.0005772311124019325, 0.47807660698890686, -1.2236834040640356, 0.04302750155329704, -0.9960363507270813, -0.07784711569547653, 0.1950716852543784, 0.476136714220047, 0.08894495666027069, -0.8748614192008972, 2.3988634734453465, 0.0, 0.0, 0.0, 1.0, 4.2647, 0.0, 0.5, 0.0, 4.2647, 0.5, 0.0, 0.0, 1.0]], ["10.png", [0.8590318560600281, -0.05867911875247955, -0.5085479021072388, 1.300653624887434, -0.14469310641288757, -0.9807329177856445, -0.13125106692314148, 0.33693337730936535, -0.4910479485988617, 0.18633224070072174, -0.8509712815284729, 2.3419598731238085, 0.0, 0.0, 0.0, 1.0, 4.2647, 0.0, 0.5, 0.0, 4.2647, 0.5, 0.0, 0.0, 1.0]], ["10_mirror.png", [0.8590318560600281, 0.05867911875247955, 0.5085479021072388, -1.300653624887434, 0.14469310641288757, -0.9807329177856445, -0.13125106692314148, 0.33693337730936535, 0.4910479485988617, 0.18633224070072174, -0.8509712815284729, 2.3419598731238085, 0.0, 0.0, 0.0, 1.0, 4.2647, 0.0, 0.5, 0.0, 4.2647, 0.5, 0.0, 0.0, 1.0]], ["11.png", [0.8744174838066101, -0.0012744686100631952, -0.4851725101470947, 1.241401442490578, -0.04434524476528168, -0.9960206747055054, -0.07730624079704285, 0.1982331463216477, -0.48314332962036133, 0.0891130194067955, -0.8709944486618042, 2.389482387104315, 0.0, 0.0, 0.0, 1.0, 4.2647, 0.0, 0.5, 0.0, 4.2647, 0.5, 0.0, 0.0, 1.0]], ["11_mirror.png", [0.8744174838066101, 0.0012744686100631952, 0.4851725101470947, -1.241401442490578, 0.04434524476528168, -0.9960206747055054, -0.07730624079704285, 0.1982331463216477, 0.48314332962036133, 0.0891130194067955, -0.8709944486618042, 2.389482387104315, 0.0, 0.0, 0.0, 1.0, 4.2647, 0.0, 0.5, 0.0, 4.2647, 0.5, 0.0, 0.0, 1.0]], ["12.png", [0.9381179809570312, -0.03135797753930092, -0.34489336609840393, 0.8781702685295603, -0.06847217679023743, -0.99302738904953, -0.09595907479524612, 0.2489905052049932, -0.3394794762134552, 0.11363652348518372, -0.9337239861488342, 2.5410274905613446, 0.0, 0.0, 0.0, 1.0, 4.2647, 0.0, 0.5, 0.0, 4.2647, 0.5, 0.0, 0.0, 1.0]], ["12_mirror.png", [0.9381179809570312, 0.03135797753930092, 0.34489336609840393, -0.8781702685295603, 0.06847217679023743, -0.99302738904953, -0.09595907479524612, 0.2489905052049932, 0.3394794762134552, 0.11363652348518372, -0.9337239861488342, 2.5410274905613446, 0.0, 0.0, 0.0, 1.0, 4.2647, 0.0, 0.5, 0.0, 4.2647, 0.5, 0.0, 0.0, 1.0]], ["13.png", [0.938539445400238, -0.10767048597335815, -0.32794949412345886, 0.8288232062545049, -0.14924289286136627, -0.9832862019538879, -0.10428263992071152, 0.2621549715684778, -0.3112400472164154, 0.14681750535964966, -0.9389219284057617, 2.5562329439344795, 0.0, 0.0, 0.0, 1.0, 4.2647, 0.0, 0.5, 0.0, 4.2647, 0.5, 0.0, 0.0, 1.0]], ["13_mirror.png", [0.938539445400238, 0.10767048597335815, 0.32794949412345886, -0.8288232062545049, 0.14924289286136627, -0.9832862019538879, -0.10428263992071152, 0.2621549715684778, 0.3112400472164154, 0.14681750535964966, -0.9389219284057617, 2.5562329439344795, 0.0, 0.0, 0.0, 1.0, 4.2647, 0.0, 0.5, 0.0, 4.2647, 0.5, 0.0, 0.0, 1.0]], ["14.png", [0.864541232585907, -0.010672127828001976, -0.502448558807373, 1.2848080568272655, -0.045287296175956726, -0.9973613619804382, -0.05673966929316521, 0.14214856375000307, -0.5005172491073608, 0.07180832326412201, -0.8627433180809021, 2.370456083317208, 0.0, 0.0, 0.0, 1.0, 4.2647, 0.0, 0.5, 0.0, 4.2647, 0.5, 0.0, 0.0, 1.0]], ["14_mirror.png", [0.864541232585907, 0.010672127828001976, 0.502448558807373, -1.2848080568272655, 0.045287296175956726, -0.9973613619804382, -0.05673966929316521, 0.14214856375000307, 0.5005172491073608, 0.07180832326412201, -0.8627433180809021, 2.370456083317208, 0.0, 0.0, 0.0, 1.0, 4.2647, 0.0, 0.5, 0.0, 4.2647, 0.5, 0.0, 0.0, 1.0]], ["15.png", [0.9775086641311646, -0.06718330830335617, -0.19990810751914978, 0.5052510038730504, -0.09616371989250183, -0.985614538192749, -0.13898396492004395, 0.3563616548233968, -0.18769493699073792, 0.15508192777633667, -0.969907283782959, 2.628255656144738, 0.0, 0.0, 0.0, 1.0, 4.2647, 0.0, 0.5, 0.0, 4.2647, 0.5, 0.0, 0.0, 1.0]], ["15_mirror.png", [0.9775086641311646, 0.06718330830335617, 0.19990810751914978, -0.5052510038730504, 0.09616371989250183, -0.985614538192749, -0.13898396492004395, 0.3563616548233968, 0.18769493699073792, 0.15508192777633667, -0.969907283782959, 2.628255656144738, 0.0, 0.0, 0.0, 1.0, 4.2647, 0.0, 0.5, 0.0, 4.2647, 0.5, 0.0, 0.0, 1.0]], ["16.png", [0.9498680233955383, 0.04545651748776436, -0.30932915210723877, 0.7924280605718727, -0.013535968959331512, -0.9824677109718323, -0.1859409064054489, 0.47348776229778755, -0.3123581111431122, 0.18080636858940125, -0.9325993061065674, 2.5372952346490023, 0.0, 0.0, 0.0, 1.0, 4.2647, 0.0, 0.5, 0.0, 4.2647, 0.5, 0.0, 0.0, 1.0]], ["16_mirror.png", [0.9498680233955383, -0.04545651748776436, 0.30932915210723877, -0.7924280605718727, 0.013535968959331512, -0.9824677109718323, -0.1859409064054489, 0.47348776229778755, 0.3123581111431122, 0.18080636858940125, -0.9325993061065674, 2.5372952346490023, 0.0, 0.0, 0.0, 1.0, 4.2647, 0.0, 0.5, 0.0, 4.2647, 0.5, 0.0, 0.0, 1.0]], ["17.png", [0.9889925718307495, -0.14317680895328522, -0.03733837604522705, 0.09748946142369738, -0.14702710509300232, -0.9792906045913696, -0.13918663561344147, 0.3524789788689562, -0.016636820510029793, 0.14314429461956024, -0.9895619750022888, 2.6751176374819137, 0.0, 0.0, 0.0, 1.0, 4.2647, 0.0, 0.5, 0.0, 4.2647, 0.5, 0.0, 0.0, 1.0]], ["17_mirror.png", [0.9889925718307495, 0.14317680895328522, 0.03733837604522705, -0.09748946142369738, 0.14702710509300232, -0.9792906045913696, -0.13918663561344147, 0.3524789788689562, 0.016636820510029793, 0.14314429461956024, -0.9895619750022888, 2.6751176374819137, 0.0, 0.0, 0.0, 1.0, 4.2647, 0.0, 0.5, 0.0, 4.2647, 0.5, 0.0, 0.0, 1.0]], ["18.png", [0.9515125751495361, 0.04685571789741516, -0.3040202856063843, 0.7766888423430622, -0.017063211649656296, -0.9787695407867432, -0.2042521983385086, 0.5162867100211106, -0.307136207818985, 0.19953608512878418, -0.9305120706558228, 2.533811846849598, 0.0, 0.0, 0.0, 1.0, 4.2647, 0.0, 0.5, 0.0, 4.2647, 0.5, 0.0, 0.0, 1.0]], ["18_mirror.png", [0.9515125751495361, -0.04685571789741516, 0.3040202856063843, -0.7766888423430622, 0.017063211649656296, -0.9787695407867432, -0.2042521983385086, 0.5162867100211106, 0.307136207818985, 0.19953608512878418, -0.9305120706558228, 2.533811846849598, 0.0, 0.0, 0.0, 1.0, 4.2647, 0.0, 0.5, 0.0, 4.2647, 0.5, 0.0, 0.0, 1.0]], ["19.png", [0.976433515548706, -0.07291901111602783, -0.20312663912773132, 0.5174762768419361, -0.10352155566215515, -0.9840958118438721, -0.1443563848733902, 0.3665309152543027, -0.18936973810195923, 0.16198238730430603, -0.9684528112411499, 2.6244758316792804, 0.0, 0.0, 0.0, 1.0, 4.2647, 0.0, 0.5, 0.0, 4.2647, 0.5, 0.0, 0.0, 1.0]], ["19_mirror.png", [0.976433515548706, 0.07291901111602783, 0.20312663912773132, -0.5174762768419361, 0.10352155566215515, -0.9840958118438721, -0.1443563848733902, 0.3665309152543027, 0.18936973810195923, 0.16198238730430603, -0.9684528112411499, 2.6244758316792804, 0.0, 0.0, 0.0, 1.0, 4.2647, 0.0, 0.5, 0.0, 4.2647, 0.5, 0.0, 0.0, 1.0]], ["2.png", [0.9896828532218933, -0.1414170116186142, -0.023002231493592262, 0.05843422761207635, -0.1432630717754364, -0.9788770079612732, -0.1458609253168106, 0.371641554407345, -0.001889137551188469, 0.14765143394470215, -0.9890376329421997, 2.673661907586873, 0.0, 0.0, 0.0, 1.0, 4.2647, 0.0, 0.5, 0.0, 4.2647, 0.5, 0.0, 0.0, 1.0]], ["2_mirror.png", [0.9896828532218933, 0.1414170116186142, 0.023002231493592262, -0.05843422761207635, 0.1432630717754364, -0.9788770079612732, -0.1458609253168106, 0.371641554407345, 0.001889137551188469, 0.14765143394470215, -0.9890376329421997, 2.673661907586873, 0.0, 0.0, 0.0, 1.0, 4.2647, 0.0, 0.5, 0.0, 4.2647, 0.5, 0.0, 0.0, 1.0]], ["3.png", [0.9603983163833618, 0.05969640240073204, -0.27216053009033203, 0.695535798452805, -0.006688881665468216, -0.9715578556060791, -0.23670773208141327, 0.6098103585944369, -0.27855029702186584, 0.22915416955947876, -0.9326832890510559, 2.536604281243242, 0.0, 0.0, 0.0, 1.0, 4.2647, 0.0, 0.5, 0.0, 4.2647, 0.5, 0.0, 0.0, 1.0]], ["3_mirror.png", [0.9603983163833618, -0.05969640240073204, 0.27216053009033203, -0.695535798452805, 0.006688881665468216, -0.9715578556060791, -0.23670773208141327, 0.6098103585944369, 0.27855029702186584, 0.22915416955947876, -0.9326832890510559, 2.536604281243242, 0.0, 0.0, 0.0, 1.0, 4.2647, 0.0, 0.5, 0.0, 4.2647, 0.5, 0.0, 0.0, 1.0]], ["4.png", [0.9180737733840942, -0.017442835494875908, -0.39602556824684143, 1.0106717280284538, -0.07244862616062164, -0.9895880222320557, -0.12436560541391373, 0.31921429780409016, -0.38973283767700195, 0.142868310213089, -0.9097784757614136, 2.4832730196741197, 0.0, 0.0, 0.0, 1.0, 4.2647, 0.0, 0.5, 0.0, 4.2647, 0.5, 0.0, 0.0, 1.0]], ["4_mirror.png", [0.9180737733840942, 0.017442835494875908, 0.39602556824684143, -1.0106717280284538, 0.07244862616062164, -0.9895880222320557, -0.12436560541391373, 0.31921429780409016, 0.38973283767700195, 0.142868310213089, -0.9097784757614136, 2.4832730196741197, 0.0, 0.0, 0.0, 1.0, 4.2647, 0.0, 0.5, 0.0, 4.2647, 0.5, 0.0, 0.0, 1.0]], ["5.png", [0.9733750224113464, -0.06502185761928558, -0.21980255842208862, 0.5546757161591738, -0.09843572974205017, -0.984573245048523, -0.14465756714344025, 0.36779988588065265, -0.2070058137178421, 0.16244249045848846, -0.9647595882415771, 2.6166883830233756, 0.0, 0.0, 0.0, 1.0, 4.2647, 0.0, 0.5, 0.0, 4.2647, 0.5, 0.0, 0.0, 1.0]], ["5_mirror.png", [0.9733750224113464, 0.06502185761928558, 0.21980255842208862, -0.5546757161591738, 0.09843572974205017, -0.984573245048523, -0.14465756714344025, 0.36779988588065265, 0.2070058137178421, 0.16244249045848846, -0.9647595882415771, 2.6166883830233756, 0.0, 0.0, 0.0, 1.0, 4.2647, 0.0, 0.5, 0.0, 4.2647, 0.5, 0.0, 0.0, 1.0]], ["6.png", [0.9447083473205566, 0.06994566321372986, -0.32036513090133667, 0.8199036659641594, 0.027963992208242416, -0.9906110763549805, -0.1338195949792862, 0.3369035134079759, -0.326717346906662, 0.11746179312467575, -0.9377945065498352, 2.5503438986128706, 0.0, 0.0, 0.0, 1.0, 4.2647, 0.0, 0.5, 0.0, 4.2647, 0.5, 0.0, 0.0, 1.0]], ["6_mirror.png", [0.9447083473205566, -0.06994566321372986, 0.32036513090133667, -0.8199036659641594, -0.027963992208242416, -0.9906110763549805, -0.1338195949792862, 0.3369035134079759, 0.326717346906662, 0.11746179312467575, -0.9377945065498352, 2.5503438986128706, 0.0, 0.0, 0.0, 1.0, 4.2647, 0.0, 0.5, 0.0, 4.2647, 0.5, 0.0, 0.0, 1.0]], ["7.png", [0.8642658591270447, 0.06748814135789871, -0.4984874725341797, 1.2740322236835904, 0.027744393795728683, -0.995846152305603, -0.08672088384628296, 0.2236390480124127, -0.5022695064544678, 0.061119671911001205, -0.8625483512878418, 2.3699846980982704, 0.0, 0.0, 0.0, 1.0, 4.2647, 0.0, 0.5, 0.0, 4.2647, 0.5, 0.0, 0.0, 1.0]], ["7_mirror.png", [0.8642658591270447, -0.06748814135789871, 0.4984874725341797, -1.2740322236835904, -0.027744393795728683, -0.995846152305603, -0.08672088384628296, 0.2236390480124127, 0.5022695064544678, 0.061119671911001205, -0.8625483512878418, 2.3699846980982704, 0.0, 0.0, 0.0, 1.0, 4.2647, 0.0, 0.5, 0.0, 4.2647, 0.5, 0.0, 0.0, 1.0]], ["8.png", [0.9529549479484558, 0.02197607047855854, -0.30231449007987976, 0.7700735664545512, -0.058442696928977966, -0.9653328061103821, -0.25439560413360596, 0.6546415201279996, -0.29742470383644104, 0.26009562611579895, -0.9186342358589172, 2.503683522806441, 0.0, 0.0, 0.0, 1.0, 4.2647, 0.0, 0.5, 0.0, 4.2647, 0.5, 0.0, 0.0, 1.0]], ["8_mirror.png", [0.9529549479484558, -0.02197607047855854, 0.30231449007987976, -0.7700735664545512, 0.058442696928977966, -0.9653328061103821, -0.25439560413360596, 0.6546415201279996, 0.29742470383644104, 0.26009562611579895, -0.9186342358589172, 2.503683522806441, 0.0, 0.0, 0.0, 1.0, 4.2647, 0.0, 0.5, 0.0, 4.2647, 0.5, 0.0, 0.0, 1.0]], ["9.png", [0.9488210678100586, 0.14320090413093567, -0.28148186206817627, 0.7170289147541306, 0.1047128438949585, -0.9835200905799866, -0.14738862216472626, 0.36789503777924437, -0.29794925451278687, 0.11037067323923111, -0.9481796026229858, 2.576921181678618, 0.0, 0.0, 0.0, 1.0, 4.2647, 0.0, 0.5, 0.0, 4.2647, 0.5, 0.0, 0.0, 1.0]], ["9_mirror.png", [0.9488210678100586, -0.14320090413093567, 0.28148186206817627, -0.7170289147541306, -0.1047128438949585, -0.9835200905799866, -0.14738862216472626, 0.36789503777924437, 0.29794925451278687, 0.11037067323923111, -0.9481796026229858, 2.576921181678618, 0.0, 0.0, 0.0, 1.0, 4.2647, 0.0, 0.5, 0.0, 4.2647, 0.5, 0.0, 0.0, 1.0]]]}