{"labels": [["1_1.png", [0.9956923127174377, -0.09135430306196213, -0.01585034653544426, 0.03851784204422916, -0.09226445108652115, -0.9931339025497437, -0.07191915065050125, 0.18848296549258822, -0.009171392768621445, 0.07307177037000656, -0.997284471988678, 2.693137677053176, 0.0, 0.0, 0.0, 1.0, 4.2647, 0.0, 0.5, 0.0, 4.2647, 0.5, 0.0, 0.0, 1.0]], ["1_19.png", [0.9991080164909363, -0.03941578045487404, -0.015148530714213848, 0.03366546251101692, -0.03785789757966995, -0.9950270056724548, 0.09213005006313324, -0.23293899145283806, -0.018704576417803764, -0.09147438406944275, -0.995631754398346, 2.6897223021893644, 0.0, 0.0, 0.0, 1.0, 4.2647, 0.0, 0.5, 0.0, 4.2647, 0.5, 0.0, 0.0, 1.0]], ["0_15.png", [0.9991363286972046, -0.030419327318668365, -0.02830633521080017, 0.06864840935612956, -0.02780180610716343, -0.9956730604171753, 0.08866949379444122, -0.2191154554192809, -0.0308811217546463, -0.08780594915151596, -0.995658814907074, 2.6902185437412474, 0.0, 0.0, 0.0, 1.0, 4.2647, 0.0, 0.5, 0.0, 4.2647, 0.5, 0.0, 0.0, 1.0]]]}