{"labels": [["8_19.png", [0.9589284658432007, -0.03682653233408928, 0.2812473773956299, -0.7178252328500632, -0.003341514617204666, -0.9929339289665222, -0.11862168461084366, 0.31033777116136435, 0.2836284935474396, 0.1128099113702774, -0.9522756338119507, 2.5842634159222917, 0.0, 0.0, 0.0, 1.0, 4.2647, 0.0, 0.5, 0.0, 4.2647, 0.5, 0.0, 0.0, 1.0]], ["8_2.png", [0.9608016014099121, -0.029399573802947998, 0.275673508644104, -0.7033644138947895, 0.010207721963524818, -0.989935576915741, -0.14114989340305328, 0.36176289884509255, 0.2770487666130066, 0.13843104243278503, -0.9508316516876221, 2.5815511047208877, 0.0, 0.0, 0.0, 1.0, 4.2647, 0.0, 0.5, 0.0, 4.2647, 0.5, 0.0, 0.0, 1.0]], ["8_0.png", [0.9538319110870361, 0.22615966200828552, 0.19762715697288513, -0.5024359979536197, 0.25295230746269226, -0.9596761465072632, -0.12262460589408875, 0.3196309803946325, 0.1619253307580948, 0.16695350408554077, -0.9725773334503174, 2.6335136423288787, 0.0, 0.0, 0.0, 1.0, 4.2647, 0.0, 0.5, 0.0, 4.2647, 0.5, 0.0, 0.0, 1.0]]]}