{"labels": [["7_2.png", [0.9975720047950745, -0.06833107024431229, 0.013449840247631073, -0.03624369489867626, -0.0666339248418808, -0.9926601648330688, -0.10092334449291229, 0.26305866788064286, 0.02024732157588005, 0.09978209435939789, -0.994803249835968, 2.686910220277736, 0.0, 0.0, 0.0, 1.0, 4.2647, 0.0, 0.5, 0.0, 4.2647, 0.5, 0.0, 0.0, 1.0]], ["3_10.png", [0.996465265750885, -0.06599748879671097, 0.051975052803754807, -0.13361509511085587, -0.06323672086000443, -0.9965858459472656, -0.05308251455426216, 0.1374915970630959, 0.055300913751125336, 0.04960814490914345, -0.9972366094589233, 2.693184558676876, 0.0, 0.0, 0.0, 1.0, 4.2647, 0.0, 0.5, 0.0, 4.2647, 0.5, 0.0, 0.0, 1.0]], ["8_14.png", [0.9986533522605896, 0.04402325302362442, 0.027447188273072243, -0.06821474479393225, 0.04570886865258217, -0.9968925714492798, -0.0641544982790947, 0.16855208075588513, 0.02453760802745819, 0.06532268226146698, -0.9975624084472656, 2.6938702538662773, 0.0, 0.0, 0.0, 1.0, 4.2647, 0.0, 0.5, 0.0, 4.2647, 0.5, 0.0, 0.0, 1.0]]]}