{"labels": [["7_6.png", [0.8840566873550415, 0.047225650399923325, 0.46498754620552063, -1.1923553810759056, 0.0033288560807704926, -0.9954929351806641, 0.09477654099464417, -0.23989099274909123, 0.4673677384853363, -0.08223995566368103, -0.8802294731140137, 2.410547854081555, 0.0, 0.0, 0.0, 1.0, 4.2647, 0.0, 0.5, 0.0, 4.2647, 0.5, 0.0, 0.0, 1.0]], ["6_1.png", [0.9720179438591003, -0.014967706054449081, 0.23442921042442322, -0.6057831871479168, -0.020310208201408386, -0.999585747718811, 0.020391572266817093, -0.046566455528926014, 0.23402687907218933, -0.024582279846072197, -0.9719193577766418, 2.630752420009984, 0.0, 0.0, 0.0, 1.0, 4.2647, 0.0, 0.5, 0.0, 4.2647, 0.5, 0.0, 0.0, 1.0]], ["7_1.png", [0.9655222296714783, 0.03838401660323143, 0.2574751675128937, -0.6589346768969603, 0.0559539869427681, -0.9965521693229675, -0.061260830610990524, 0.15305319964439495, 0.25423601269721985, 0.07355545461177826, -0.9643410444259644, 2.613882133850207, 0.0, 0.0, 0.0, 1.0, 4.2647, 0.0, 0.5, 0.0, 4.2647, 0.5, 0.0, 0.0, 1.0]]]}