{"labels": [["0.png", [0.8969032764434814, -0.29384279251098633, 0.3304859697818756, -0.830101582996956, -0.22055423259735107, -0.9449701309204102, -0.2416345775127411, 0.6099341064898811, 0.3833019435405731, 0.1438327431678772, -0.9123551249504089, 2.4957787857994025, 0.0, 0.0, 0.0, 1.0, 4.2647, 0.0, 0.5, 0.0, 4.2647, 0.5, 0.0, 0.0, 1.0]], ["0_mirror.png", [0.8969032764434814, 0.29384279251098633, -0.3304859697818756, 0.830101582996956, 0.22055423259735107, -0.9449701309204102, -0.2416345775127411, 0.6099341064898811, -0.3833019435405731, 0.1438327431678772, -0.9123551249504089, 2.4957787857994025, 0.0, 0.0, 0.0, 1.0, 4.2647, 0.0, 0.5, 0.0, 4.2647, 0.5, 0.0, 0.0, 1.0]], ["1.png", [0.9760603904724121, -0.08837727457284927, 0.19873471558094025, -0.5028027151392492, -0.07270386070013046, -0.9937386512756348, -0.08483947068452835, 0.20578225843338674, 0.2049882560968399, 0.06835967302322388, -0.9763742685317993, 2.644776567455681, 0.0, 0.0, 0.0, 1.0, 4.2647, 0.0, 0.5, 0.0, 4.2647, 0.5, 0.0, 0.0, 1.0]], ["1_mirror.png", [0.9760603904724121, 0.08837727457284927, -0.19873471558094025, 0.5028027151392492, 0.07270386070013046, -0.9937386512756348, -0.08483947068452835, 0.20578225843338674, -0.2049882560968399, 0.06835967302322388, -0.9763742685317993, 2.644776567455681, 0.0, 0.0, 0.0, 1.0, 4.2647, 0.0, 0.5, 0.0, 4.2647, 0.5, 0.0, 0.0, 1.0]], ["10.png", [0.9458480477333069, -0.01866566762328148, 0.32407253980636597, -0.8188664179895172, 0.05840608850121498, -0.972266435623169, -0.2264656275510788, 0.5825265697167364, 0.3193119764328003, 0.23312988877296448, -0.9185261726379395, 2.506016876452166, 0.0, 0.0, 0.0, 1.0, 4.2647, 0.0, 0.5, 0.0, 4.2647, 0.5, 0.0, 0.0, 1.0]], ["10_mirror.png", [0.9458480477333069, 0.01866566762328148, -0.32407253980636597, 0.8188664179895172, -0.05840608850121498, -0.972266435623169, -0.2264656275510788, 0.5825265697167364, -0.3193119764328003, 0.23312988877296448, -0.9185261726379395, 2.506016876452166, 0.0, 0.0, 0.0, 1.0, 4.2647, 0.0, 0.5, 0.0, 4.2647, 0.5, 0.0, 0.0, 1.0]], ["11.png", [0.959201455116272, 0.11345532536506653, 0.2589603662490845, -0.6584691947906072, 0.16639162600040436, -0.9670601487159729, -0.19263552129268646, 0.500107274086934, 0.228574737906456, 0.2278650999069214, -0.9464835524559021, 2.570274505557168, 0.0, 0.0, 0.0, 1.0, 4.2647, 0.0, 0.5, 0.0, 4.2647, 0.5, 0.0, 0.0, 1.0]], ["11_mirror.png", [0.959201455116272, -0.11345532536506653, -0.2589603662490845, 0.6584691947906072, -0.16639162600040436, -0.9670601487159729, -0.19263552129268646, 0.500107274086934, -0.228574737906456, 0.2278650999069214, -0.9464835524559021, 2.570274505557168, 0.0, 0.0, 0.0, 1.0, 4.2647, 0.0, 0.5, 0.0, 4.2647, 0.5, 0.0, 0.0, 1.0]], ["12.png", [0.9755536913871765, 0.007260080426931381, 0.21964117884635925, -0.5494933380943441, 0.0025488566607236862, -0.9997606873512268, 0.021725419908761978, -0.05780889058691734, 0.21974632143974304, -0.020634479820728302, -0.9753388166427612, 2.6428611775042303, 0.0, 0.0, 0.0, 1.0, 4.2647, 0.0, 0.5, 0.0, 4.2647, 0.5, 0.0, 0.0, 1.0]], ["12_mirror.png", [0.9755536913871765, -0.007260080426931381, -0.21964117884635925, 0.5494933380943441, -0.0025488566607236862, -0.9997606873512268, 0.021725419908761978, -0.05780889058691734, -0.21974632143974304, -0.020634479820728302, -0.9753388166427612, 2.6428611775042303, 0.0, 0.0, 0.0, 1.0, 4.2647, 0.0, 0.5, 0.0, 4.2647, 0.5, 0.0, 0.0, 1.0]], ["13.png", [0.8852890133857727, 0.29499346017837524, 0.3595026731491089, -0.9089861221717404, 0.2922046184539795, -0.9542484283447266, 0.06345310062170029, -0.162340635242336, 0.36177313327789307, 0.04887399822473526, -0.9309841394424438, 2.537201164245417, 0.0, 0.0, 0.0, 1.0, 4.2647, 0.0, 0.5, 0.0, 4.2647, 0.5, 0.0, 0.0, 1.0]], ["13_mirror.png", [0.8852890133857727, -0.29499346017837524, -0.3595026731491089, 0.9089861221717404, -0.2922046184539795, -0.9542484283447266, 0.06345310062170029, -0.162340635242336, -0.36177313327789307, 0.04887399822473526, -0.9309841394424438, 2.537201164245417, 0.0, 0.0, 0.0, 1.0, 4.2647, 0.0, 0.5, 0.0, 4.2647, 0.5, 0.0, 0.0, 1.0]], ["14.png", [0.9303771257400513, -0.10815613716840744, 0.35028642416000366, -0.8799352177231929, -0.040000081062316895, -0.9797345399856567, -0.19626553356647491, 0.4882337418875503, 0.3644150495529175, 0.16858947277069092, -0.915848970413208, 2.50546239762103, 0.0, 0.0, 0.0, 1.0, 4.2647, 0.0, 0.5, 0.0, 4.2647, 0.5, 0.0, 0.0, 1.0]], ["14_mirror.png", [0.9303771257400513, 0.10815613716840744, -0.35028642416000366, 0.8799352177231929, 0.040000081062316895, -0.9797345399856567, -0.19626553356647491, 0.4882337418875503, -0.3644150495529175, 0.16858947277069092, -0.915848970413208, 2.50546239762103, 0.0, 0.0, 0.0, 1.0, 4.2647, 0.0, 0.5, 0.0, 4.2647, 0.5, 0.0, 0.0, 1.0]], ["15.png", [0.9322411417961121, -0.07903678715229034, 0.35310012102127075, -0.8898008683508487, -0.02254774421453476, -0.9866449236869812, -0.16131772100925446, 0.4052287314003387, 0.36113446950912476, 0.14242541790008545, -0.9215731024742126, 2.5167526874784, 0.0, 0.0, 0.0, 1.0, 4.2647, 0.0, 0.5, 0.0, 4.2647, 0.5, 0.0, 0.0, 1.0]], ["15_mirror.png", [0.9322411417961121, 0.07903678715229034, -0.35310012102127075, 0.8898008683508487, 0.02254774421453476, -0.9866449236869812, -0.16131772100925446, 0.4052287314003387, -0.36113446950912476, 0.14242541790008545, -0.9215731024742126, 2.5167526874784, 0.0, 0.0, 0.0, 1.0, 4.2647, 0.0, 0.5, 0.0, 4.2647, 0.5, 0.0, 0.0, 1.0]], ["16.png", [0.9746920466423035, 0.07671529054641724, 0.2099766582250595, -0.5289323448749225, 0.11013413965702057, -0.9821636080741882, -0.15239743888378143, 0.38733973356261536, 0.19454023241996765, 0.17166616022586823, -0.9657561182975769, 2.619198065314794, 0.0, 0.0, 0.0, 1.0, 4.2647, 0.0, 0.5, 0.0, 4.2647, 0.5, 0.0, 0.0, 1.0]], ["16_mirror.png", [0.9746920466423035, -0.07671529054641724, -0.2099766582250595, 0.5289323448749225, -0.11013413965702057, -0.9821636080741882, -0.15239743888378143, 0.38733973356261536, -0.19454023241996765, 0.17166616022586823, -0.9657561182975769, 2.619198065314794, 0.0, 0.0, 0.0, 1.0, 4.2647, 0.0, 0.5, 0.0, 4.2647, 0.5, 0.0, 0.0, 1.0]], ["17.png", [0.9245849847793579, -0.1230592206120491, 0.3605537414550781, -0.9111897199660386, -0.03491177409887314, -0.9697810411453247, -0.24146634340286255, 0.6143193464640004, 0.37937283515930176, 0.21066860854625702, -0.9009411931037903, 2.466241073939905, 0.0, 0.0, 0.0, 1.0, 4.2647, 0.0, 0.5, 0.0, 4.2647, 0.5, 0.0, 0.0, 1.0]], ["17_mirror.png", [0.9245849847793579, 0.1230592206120491, -0.3605537414550781, 0.9111897199660386, 0.03491177409887314, -0.9697810411453247, -0.24146634340286255, 0.6143193464640004, -0.37937283515930176, 0.21066860854625702, -0.9009411931037903, 2.466241073939905, 0.0, 0.0, 0.0, 1.0, 4.2647, 0.0, 0.5, 0.0, 4.2647, 0.5, 0.0, 0.0, 1.0]], ["18.png", [0.9827880263328552, 0.13520275056362152, -0.12588801980018616, 0.3210047802318654, 0.12411119788885117, -0.9879787564277649, -0.0921647921204567, 0.22276789249966567, -0.13683561980724335, 0.07495434582233429, -0.9877539277076721, 2.6715782595947943, 0.0, 0.0, 0.0, 1.0, 4.2647, 0.0, 0.5, 0.0, 4.2647, 0.5, 0.0, 0.0, 1.0]], ["18_mirror.png", [0.9827880263328552, -0.13520275056362152, 0.12588801980018616, -0.3210047802318654, -0.12411119788885117, -0.9879787564277649, -0.0921647921204567, 0.22276789249966567, 0.13683561980724335, 0.07495434582233429, -0.9877539277076721, 2.6715782595947943, 0.0, 0.0, 0.0, 1.0, 4.2647, 0.0, 0.5, 0.0, 4.2647, 0.5, 0.0, 0.0, 1.0]], ["19.png", [0.9859324097633362, 0.16356758773326874, -0.034394342452287674, 0.09077484142892618, 0.1559787541627884, -0.9743272662162781, -0.16234810650348663, 0.4084530408550214, -0.060066234320402145, 0.15469947457313538, -0.9861339330673218, 2.66738187022028, 0.0, 0.0, 0.0, 1.0, 4.2647, 0.0, 0.5, 0.0, 4.2647, 0.5, 0.0, 0.0, 1.0]], ["19_mirror.png", [0.9859324097633362, -0.16356758773326874, 0.034394342452287674, -0.09077484142892618, -0.1559787541627884, -0.9743272662162781, -0.16234810650348663, 0.4084530408550214, 0.060066234320402145, 0.15469947457313538, -0.9861339330673218, 2.66738187022028, 0.0, 0.0, 0.0, 1.0, 4.2647, 0.0, 0.5, 0.0, 4.2647, 0.5, 0.0, 0.0, 1.0]], ["2.png", [0.9866891503334045, 0.16258655488491058, -0.003188531147316098, 0.010878330051112191, 0.1603100299835205, -0.9757911562919617, -0.14876948297023773, 0.37499669718715994, -0.02729925699532032, 0.14627808332443237, -0.9888668060302734, 2.673809854689376, 0.0, 0.0, 0.0, 1.0, 4.2647, 0.0, 0.5, 0.0, 4.2647, 0.5, 0.0, 0.0, 1.0]], ["2_mirror.png", [0.9866891503334045, -0.16258655488491058, 0.003188531147316098, -0.010878330051112191, -0.1603100299835205, -0.9757911562919617, -0.14876948297023773, 0.37499669718715994, 0.02729925699532032, 0.14627808332443237, -0.9888668060302734, 2.673809854689376, 0.0, 0.0, 0.0, 1.0, 4.2647, 0.0, 0.5, 0.0, 4.2647, 0.5, 0.0, 0.0, 1.0]], ["3.png", [0.985018789768219, -0.14444179832935333, 0.09420505911111832, -0.24067183922998045, -0.12878090143203735, -0.9794508218765259, -0.15521472692489624, 0.39138357348200875, 0.11468871682882309, 0.14075760543346405, -0.9833787679672241, 2.660619470012597, 0.0, 0.0, 0.0, 1.0, 4.2647, 0.0, 0.5, 0.0, 4.2647, 0.5, 0.0, 0.0, 1.0]], ["3_mirror.png", [0.985018789768219, 0.14444179832935333, -0.09420505911111832, 0.24067183922998045, 0.12878090143203735, -0.9794508218765259, -0.15521472692489624, 0.39138357348200875, -0.11468871682882309, 0.14075760543346405, -0.9833787679672241, 2.660619470012597, 0.0, 0.0, 0.0, 1.0, 4.2647, 0.0, 0.5, 0.0, 4.2647, 0.5, 0.0, 0.0, 1.0]], ["4.png", [0.854882001876831, 0.057498954236507416, 0.5156264305114746, -1.3120605284292508, 0.10094138234853745, -0.9932814836502075, -0.05659201368689537, 0.14465556748788871, 0.5089081525802612, 0.1004275381565094, -0.8549425601959229, 2.3553284137318755, 0.0, 0.0, 0.0, 1.0, 4.2647, 0.0, 0.5, 0.0, 4.2647, 0.5, 0.0, 0.0, 1.0]], ["4_mirror.png", [0.854882001876831, -0.057498954236507416, -0.5156264305114746, 1.3120605284292508, -0.10094138234853745, -0.9932814836502075, -0.05659201368689537, 0.14465556748788871, -0.5089081525802612, 0.1004275381565094, -0.8549425601959229, 2.3553284137318755, 0.0, 0.0, 0.0, 1.0, 4.2647, 0.0, 0.5, 0.0, 4.2647, 0.5, 0.0, 0.0, 1.0]], ["5.png", [0.9817039370536804, -0.10053431987762451, 0.16171038150787354, -0.40999443761391396, -0.08860579133033752, -0.9928990602493286, -0.07937508076429367, 0.19054745145067667, 0.16854199767112732, 0.06359434872865677, -0.9836408495903015, 2.6618783273980244, 0.0, 0.0, 0.0, 1.0, 4.2647, 0.0, 0.5, 0.0, 4.2647, 0.5, 0.0, 0.0, 1.0]], ["5_mirror.png", [0.9817039370536804, 0.10053431987762451, -0.16171038150787354, 0.40999443761391396, 0.08860579133033752, -0.9928990602493286, -0.07937508076429367, 0.19054745145067667, -0.16854199767112732, 0.06359434872865677, -0.9836408495903015, 2.6618783273980244, 0.0, 0.0, 0.0, 1.0, 4.2647, 0.0, 0.5, 0.0, 4.2647, 0.5, 0.0, 0.0, 1.0]], ["6.png", [0.9292901158332825, -0.10730063915252686, 0.35342106223106384, -0.8902908628333921, -0.0475563183426857, -0.9836670160293579, -0.1736016869544983, 0.43412123601404756, 0.36627620458602905, 0.1445189267396927, -0.9192149043083191, 2.511756543138091, 0.0, 0.0, 0.0, 1.0, 4.2647, 0.0, 0.5, 0.0, 4.2647, 0.5, 0.0, 0.0, 1.0]], ["6_mirror.png", [0.9292901158332825, 0.10730063915252686, -0.35342106223106384, 0.8902908628333921, 0.0475563183426857, -0.9836670160293579, -0.1736016869544983, 0.43412123601404756, -0.36627620458602905, 0.1445189267396927, -0.9192149043083191, 2.511756543138091, 0.0, 0.0, 0.0, 1.0, 4.2647, 0.0, 0.5, 0.0, 4.2647, 0.5, 0.0, 0.0, 1.0]], ["7.png", [0.9826264977455139, -0.10809819400310516, 0.15086397528648376, -0.3849093545473086, -0.08153408765792847, -0.981659471988678, -0.17232775688171387, 0.430401597575459, 0.16672536730766296, 0.1570332646369934, -0.9734182953834534, 2.637536588103844, 0.0, 0.0, 0.0, 1.0, 4.2647, 0.0, 0.5, 0.0, 4.2647, 0.5, 0.0, 0.0, 1.0]], ["7_mirror.png", [0.9826264977455139, 0.10809819400310516, -0.15086397528648376, 0.3849093545473086, 0.08153408765792847, -0.981659471988678, -0.17232775688171387, 0.430401597575459, -0.16672536730766296, 0.1570332646369934, -0.9734182953834534, 2.637536588103844, 0.0, 0.0, 0.0, 1.0, 4.2647, 0.0, 0.5, 0.0, 4.2647, 0.5, 0.0, 0.0, 1.0]], ["8.png", [0.9806827306747437, 0.19519641995429993, 0.012638719752430916, -0.0367893647999793, 0.19316677749156952, -0.9562634825706482, -0.21965138614177704, 0.5592397832117117, -0.030789215117692947, 0.2178497016429901, -0.9754965901374817, 2.641192421523076, 0.0, 0.0, 0.0, 1.0, 4.2647, 0.0, 0.5, 0.0, 4.2647, 0.5, 0.0, 0.0, 1.0]], ["8_mirror.png", [0.9806827306747437, -0.19519641995429993, -0.012638719752430916, 0.0367893647999793, -0.19316677749156952, -0.9562634825706482, -0.21965138614177704, 0.5592397832117117, 0.030789215117692947, 0.2178497016429901, -0.9754965901374817, 2.641192421523076, 0.0, 0.0, 0.0, 1.0, 4.2647, 0.0, 0.5, 0.0, 4.2647, 0.5, 0.0, 0.0, 1.0]], ["9.png", [0.9357565641403198, -0.34891924262046814, 0.05113685131072998, -0.1286969629230561, -0.33805209398269653, -0.9288336038589478, -0.15162119269371033, 0.372637143685994, 0.10040117800235748, 0.12459360063076019, -0.9871150255203247, 2.6710632060810404, 0.0, 0.0, 0.0, 1.0, 4.2647, 0.0, 0.5, 0.0, 4.2647, 0.5, 0.0, 0.0, 1.0]], ["9_mirror.png", [0.9357565641403198, 0.34891924262046814, -0.05113685131072998, 0.1286969629230561, 0.33805209398269653, -0.9288336038589478, -0.15162119269371033, 0.372637143685994, -0.10040117800235748, 0.12459360063076019, -0.9871150255203247, 2.6710632060810404, 0.0, 0.0, 0.0, 1.0, 4.2647, 0.0, 0.5, 0.0, 4.2647, 0.5, 0.0, 0.0, 1.0]]]}