{"labels": [["8_0.png", [0.9986789226531982, 0.001208783476613462, 0.051370538771152496, -0.13537160616006097, 0.004746889695525169, -0.9976186156272888, -0.0688081905245781, 0.1801507798818537, 0.051165033131837845, 0.06896114349365234, -0.9963064193725586, 2.690579904918939, 0.0, 0.0, 0.0, 1.0, 4.2647, 0.0, 0.5, 0.0, 4.2647, 0.5, 0.0, 0.0, 1.0]], ["7_2.png", [0.6806483864784241, -0.06515925377607346, -0.7297068238258362, 1.8884129085436534, 0.006533414125442505, -0.9954573512077332, 0.09498364478349686, -0.2399121446754085, -0.7325810790061951, -0.06941793113946915, -0.6771307587623596, 1.9147686151812038, 0.0, 0.0, 0.0, 1.0, 4.2647, 0.0, 0.5, 0.0, 4.2647, 0.5, 0.0, 0.0, 1.0]], ["11_13.png", [0.9803850650787354, -0.031230730935931206, -0.1946018636226654, 0.4968766169650088, -0.05783991143107414, -0.9894812703132629, -0.13259461522102356, 0.3604867074149908, -0.18841387331485748, 0.14124953746795654, -0.9718790054321289, 2.6292894403793787, 0.0, 0.0, 0.0, 1.0, 4.2647, 0.0, 0.5, 0.0, 4.2647, 0.5, 0.0, 0.0, 1.0]]]}