{"labels": [["9_0.png", [0.9653927087783813, 0.048527464270591736, -0.25624582171440125, 0.6484744623828846, 0.037576038390398026, -0.9981658458709717, -0.04746544733643532, 0.12448358466553319, -0.2580792009830475, 0.0361940972507, -0.9654455184936523, 2.618011594471279, 0.0, 0.0, 0.0, 1.0, 4.2647, 0.0, 0.5, 0.0, 4.2647, 0.5, 0.0, 0.0, 1.0]], ["9_0_mirror.png", [0.9653927087783813, -0.048527464270591736, 0.25624582171440125, -0.6484744623828846, -0.037576038390398026, -0.9981658458709717, -0.04746544733643532, 0.12448358466553319, 0.2580792009830475, 0.0361940972507, -0.9654455184936523, 2.618011594471279, 0.0, 0.0, 0.0, 1.0, 4.2647, 0.0, 0.5, 0.0, 4.2647, 0.5, 0.0, 0.0, 1.0]], ["9_1.png", [0.9402876496315002, -0.14273391664028168, -0.30900853872299194, 0.7896139268166384, -0.16965754330158234, -0.9835546016693115, -0.061940982937812805, 0.1725687539642957, -0.29508572816848755, 0.11066796630620956, -0.9490400552749634, 2.5761851392577397, 0.0, 0.0, 0.0, 1.0, 4.2647, 0.0, 0.5, 0.0, 4.2647, 0.5, 0.0, 0.0, 1.0]], ["9_1_mirror.png", [0.9402876496315002, 0.14273391664028168, 0.30900853872299194, -0.7896139268166384, 0.16965754330158234, -0.9835546016693115, -0.061940982937812805, 0.1725687539642957, 0.29508572816848755, 0.11066796630620956, -0.9490400552749634, 2.5761851392577397, 0.0, 0.0, 0.0, 1.0, 4.2647, 0.0, 0.5, 0.0, 4.2647, 0.5, 0.0, 0.0, 1.0]], ["9_10.png", [0.9930562376976013, -0.050357427448034286, -0.10631750524044037, 0.27278058289608437, -0.048795245587825775, -0.9986598491668701, 0.017245683819055557, -0.041570523962252734, -0.10704347491264343, -0.011938145384192467, -0.9941826462745667, 2.685863482221756, 0.0, 0.0, 0.0, 1.0, 4.2647, 0.0, 0.5, 0.0, 4.2647, 0.5, 0.0, 0.0, 1.0]], ["9_10_mirror.png", [0.9930562376976013, 0.050357427448034286, 0.10631750524044037, -0.27278058289608437, 0.048795245587825775, -0.9986598491668701, 0.017245683819055557, -0.041570523962252734, 0.10704347491264343, -0.011938145384192467, -0.9941826462745667, 2.685863482221756, 0.0, 0.0, 0.0, 1.0, 4.2647, 0.0, 0.5, 0.0, 4.2647, 0.5, 0.0, 0.0, 1.0]], ["9_11.png", [0.945949375629425, 0.002620066748932004, -0.32430365681648254, 0.8271267567590943, -0.06385505944490433, -0.9788883924484253, -0.1941649615764618, 0.5043612169161596, -0.3179658055305481, 0.2043786495923996, -0.9258115887641907, 2.5202144930787207, 0.0, 0.0, 0.0, 1.0, 4.2647, 0.0, 0.5, 0.0, 4.2647, 0.5, 0.0, 0.0, 1.0]], ["9_11_mirror.png", [0.945949375629425, -0.002620066748932004, 0.32430365681648254, -0.8271267567590943, 0.06385505944490433, -0.9788883924484253, -0.1941649615764618, 0.5043612169161596, 0.3179658055305481, 0.2043786495923996, -0.9258115887641907, 2.5202144930787207, 0.0, 0.0, 0.0, 1.0, 4.2647, 0.0, 0.5, 0.0, 4.2647, 0.5, 0.0, 0.0, 1.0]], ["9_12.png", [0.9339659214019775, 0.08861985057592392, -0.34619954228401184, 0.8884620676987236, 0.03522840514779091, -0.9868773221969604, -0.15758192539215088, 0.4198818694540677, -0.3556213676929474, 0.13498009741306305, -0.924831748008728, 2.514822930141259, 0.0, 0.0, 0.0, 1.0, 4.2647, 0.0, 0.5, 0.0, 4.2647, 0.5, 0.0, 0.0, 1.0]], ["9_12_mirror.png", [0.9339659214019775, -0.08861985057592392, 0.34619954228401184, -0.8884620676987236, -0.03522840514779091, -0.9868773221969604, -0.15758192539215088, 0.4198818694540677, 0.3556213676929474, 0.13498009741306305, -0.924831748008728, 2.514822930141259, 0.0, 0.0, 0.0, 1.0, 4.2647, 0.0, 0.5, 0.0, 4.2647, 0.5, 0.0, 0.0, 1.0]], ["9_13.png", [0.9446738362312317, 0.021234184503555298, -0.32732313871383667, 0.8383478138452085, -0.0358898788690567, -0.9852196574211121, -0.16749370098114014, 0.4453270697668069, -0.3260417878627777, 0.16997450590133667, -0.9299492239952087, 2.527618789286444, 0.0, 0.0, 0.0, 1.0, 4.2647, 0.0, 0.5, 0.0, 4.2647, 0.5, 0.0, 0.0, 1.0]], ["9_13_mirror.png", [0.9446738362312317, -0.021234184503555298, 0.32732313871383667, -0.8383478138452085, 0.0358898788690567, -0.9852196574211121, -0.16749370098114014, 0.4453270697668069, 0.3260417878627777, 0.16997450590133667, -0.9299492239952087, 2.527618789286444, 0.0, 0.0, 0.0, 1.0, 4.2647, 0.0, 0.5, 0.0, 4.2647, 0.5, 0.0, 0.0, 1.0]], ["9_14.png", [0.9704217314720154, -0.009564475156366825, -0.24122633039951324, 0.6176177951459173, -0.03799842298030853, -0.9928112626075745, -0.11349830031394958, 0.29806063105433833, -0.23840667307376862, 0.11930743604898453, -0.963809072971344, 2.6114570874005545, 0.0, 0.0, 0.0, 1.0, 4.2647, 0.0, 0.5, 0.0, 4.2647, 0.5, 0.0, 0.0, 1.0]], ["9_14_mirror.png", [0.9704217314720154, 0.009564475156366825, 0.24122633039951324, -0.6176177951459173, 0.03799842298030853, -0.9928112626075745, -0.11349830031394958, 0.29806063105433833, 0.23840667307376862, 0.11930743604898453, -0.963809072971344, 2.6114570874005545, 0.0, 0.0, 0.0, 1.0, 4.2647, 0.0, 0.5, 0.0, 4.2647, 0.5, 0.0, 0.0, 1.0]], ["9_15.png", [0.9598020911216736, 0.010427018627524376, -0.2804839611053467, 0.7136780886099389, -0.01037183590233326, -0.9973096251487732, -0.07256698608398438, 0.19405872794202467, -0.28048601746559143, 0.07255907356739044, -0.957111656665802, 2.5967296347420517, 0.0, 0.0, 0.0, 1.0, 4.2647, 0.0, 0.5, 0.0, 4.2647, 0.5, 0.0, 0.0, 1.0]], ["9_15_mirror.png", [0.9598020911216736, -0.010427018627524376, 0.2804839611053467, -0.7136780886099389, 0.01037183590233326, -0.9973096251487732, -0.07256698608398438, 0.19405872794202467, 0.28048601746559143, 0.07255907356739044, -0.957111656665802, 2.5967296347420517, 0.0, 0.0, 0.0, 1.0, 4.2647, 0.0, 0.5, 0.0, 4.2647, 0.5, 0.0, 0.0, 1.0]], ["9_16.png", [0.8933783769607544, -0.03730372339487076, -0.4477538764476776, 1.146392351065843, -0.08071868121623993, -0.9936591386795044, -0.07826874405145645, 0.21192127812319156, -0.4419949948787689, 0.10606569796800613, -0.8907247185707092, 2.4353385697467944, 0.0, 0.0, 0.0, 1.0, 4.2647, 0.0, 0.5, 0.0, 4.2647, 0.5, 0.0, 0.0, 1.0]], ["9_16_mirror.png", [0.8933783769607544, 0.03730372339487076, 0.4477538764476776, -1.146392351065843, 0.08071868121623993, -0.9936591386795044, -0.07826874405145645, 0.21192127812319156, 0.4419949948787689, 0.10606569796800613, -0.8907247185707092, 2.4353385697467944, 0.0, 0.0, 0.0, 1.0, 4.2647, 0.0, 0.5, 0.0, 4.2647, 0.5, 0.0, 0.0, 1.0]], ["9_17.png", [0.9629236459732056, -0.05043753609061241, -0.26501715183258057, 0.6737732916494418, -0.05399296060204506, -0.9985224008560181, -0.006143343169242144, 0.010180209792230036, -0.26431572437286377, 0.02022463083267212, -0.9642241597175598, 2.6145603674018436, 0.0, 0.0, 0.0, 1.0, 4.2647, 0.0, 0.5, 0.0, 4.2647, 0.5, 0.0, 0.0, 1.0]], ["9_17_mirror.png", [0.9629236459732056, 0.05043753609061241, 0.26501715183258057, -0.6737732916494418, 0.05399296060204506, -0.9985224008560181, -0.006143343169242144, 0.010180209792230036, 0.26431572437286377, 0.02022463083267212, -0.9642241597175598, 2.6145603674018436, 0.0, 0.0, 0.0, 1.0, 4.2647, 0.0, 0.5, 0.0, 4.2647, 0.5, 0.0, 0.0, 1.0]], ["9_18.png", [0.9149292707443237, -0.18498113751411438, -0.3587287664413452, 0.9187039623845542, -0.19536100327968597, -0.9807031750679016, 0.007443160284310579, -0.0034006913923154787, -0.3531832695007324, 0.06327164173126221, -0.9334121346473694, 2.5388917788667116, 0.0, 0.0, 0.0, 1.0, 4.2647, 0.0, 0.5, 0.0, 4.2647, 0.5, 0.0, 0.0, 1.0]], ["9_18_mirror.png", [0.9149292707443237, 0.18498113751411438, 0.3587287664413452, -0.9187039623845542, 0.19536100327968597, -0.9807031750679016, 0.007443160284310579, -0.0034006913923154787, 0.3531832695007324, 0.06327164173126221, -0.9334121346473694, 2.5388917788667116, 0.0, 0.0, 0.0, 1.0, 4.2647, 0.0, 0.5, 0.0, 4.2647, 0.5, 0.0, 0.0, 1.0]], ["9_19.png", [0.9725881218910217, 0.06156815215945244, -0.22423584759235382, 0.5732415233292771, 0.019942864775657654, -0.9828437566757202, -0.1833590865135193, 0.4843856066856018, -0.2316778600215912, 0.17386096715927124, -0.957129955291748, 2.593600728710368, 0.0, 0.0, 0.0, 1.0, 4.2647, 0.0, 0.5, 0.0, 4.2647, 0.5, 0.0, 0.0, 1.0]], ["9_19_mirror.png", [0.9725881218910217, -0.06156815215945244, 0.22423584759235382, -0.5732415233292771, -0.019942864775657654, -0.9828437566757202, -0.1833590865135193, 0.4843856066856018, 0.2316778600215912, 0.17386096715927124, -0.957129955291748, 2.593600728710368, 0.0, 0.0, 0.0, 1.0, 4.2647, 0.0, 0.5, 0.0, 4.2647, 0.5, 0.0, 0.0, 1.0]], ["9_2.png", [0.9389996528625488, -0.08395042270421982, -0.3335144519805908, 0.8525239974019981, -0.1285610795021057, -0.9851287603378296, -0.11398857086896896, 0.30792622505930206, -0.3189852833747864, 0.14991220831871033, -0.9358283281326294, 2.543301844802234, 0.0, 0.0, 0.0, 1.0, 4.2647, 0.0, 0.5, 0.0, 4.2647, 0.5, 0.0, 0.0, 1.0]], ["9_2_mirror.png", [0.9389996528625488, 0.08395042270421982, 0.3335144519805908, -0.8525239974019981, 0.1285610795021057, -0.9851287603378296, -0.11398857086896896, 0.30792622505930206, 0.3189852833747864, 0.14991220831871033, -0.9358283281326294, 2.543301844802234, 0.0, 0.0, 0.0, 1.0, 4.2647, 0.0, 0.5, 0.0, 4.2647, 0.5, 0.0, 0.0, 1.0]], ["9_3.png", [0.9794101119041443, -0.03416305407881737, -0.19896912574768066, 0.5035094460847555, -0.041384417563676834, -0.9986227750778198, -0.032247789204120636, 0.07923527083240081, -0.19759340584278107, 0.03981803357601166, -0.9794750213623047, 2.651452433961345, 0.0, 0.0, 0.0, 1.0, 4.2647, 0.0, 0.5, 0.0, 4.2647, 0.5, 0.0, 0.0, 1.0]], ["9_3_mirror.png", [0.9794101119041443, 0.03416305407881737, 0.19896912574768066, -0.5035094460847555, 0.041384417563676834, -0.9986227750778198, -0.032247789204120636, 0.07923527083240081, 0.19759340584278107, 0.03981803357601166, -0.9794750213623047, 2.651452433961345, 0.0, 0.0, 0.0, 1.0, 4.2647, 0.0, 0.5, 0.0, 4.2647, 0.5, 0.0, 0.0, 1.0]], ["9_4.png", [0.9922277331352234, 0.0460326112806797, -0.1156078577041626, 0.29578028877344587, 0.03823874145746231, -0.9969006180763245, -0.06875311583280563, 0.1784707156273213, -0.11841442435979843, 0.06379804015159607, -0.990912675857544, 2.6778092210679554, 0.0, 0.0, 0.0, 1.0, 4.2647, 0.0, 0.5, 0.0, 4.2647, 0.5, 0.0, 0.0, 1.0]], ["9_4_mirror.png", [0.9922277331352234, -0.0460326112806797, 0.1156078577041626, -0.29578028877344587, -0.03823874145746231, -0.9969006180763245, -0.06875311583280563, 0.1784707156273213, 0.11841442435979843, 0.06379804015159607, -0.990912675857544, 2.6778092210679554, 0.0, 0.0, 0.0, 1.0, 4.2647, 0.0, 0.5, 0.0, 4.2647, 0.5, 0.0, 0.0, 1.0]], ["9_5.png", [0.9695684909820557, 0.031844012439250946, -0.24274049699306488, 0.6202525971825014, -0.02477637305855751, -0.9736512899398804, -0.2266920953989029, 0.5910811301291884, -0.24356339871883392, 0.22580774128437042, -0.9432326555252075, 2.5604510956652864, 0.0, 0.0, 0.0, 1.0, 4.2647, 0.0, 0.5, 0.0, 4.2647, 0.5, 0.0, 0.0, 1.0]], ["9_5_mirror.png", [0.9695684909820557, -0.031844012439250946, 0.24274049699306488, -0.6202525971825014, 0.02477637305855751, -0.9736512899398804, -0.2266920953989029, 0.5910811301291884, 0.24356339871883392, 0.22580774128437042, -0.9432326555252075, 2.5604510956652864, 0.0, 0.0, 0.0, 1.0, 4.2647, 0.0, 0.5, 0.0, 4.2647, 0.5, 0.0, 0.0, 1.0]], ["9_6.png", [0.9612938761711121, 0.24592256546020508, -0.12424279749393463, 0.3127037038237832, 0.24531440436840057, -0.9692286849021912, -0.020411446690559387, 0.05302660441601644, -0.12543931603431702, -0.010857149958610535, -0.9920419454574585, 2.6813065048291285, 0.0, 0.0, 0.0, 1.0, 4.2647, 0.0, 0.5, 0.0, 4.2647, 0.5, 0.0, 0.0, 1.0]], ["9_6_mirror.png", [0.9612938761711121, -0.24592256546020508, 0.12424279749393463, -0.3127037038237832, -0.24531440436840057, -0.9692286849021912, -0.020411446690559387, 0.05302660441601644, 0.12543931603431702, -0.010857149958610535, -0.9920419454574585, 2.6813065048291285, 0.0, 0.0, 0.0, 1.0, 4.2647, 0.0, 0.5, 0.0, 4.2647, 0.5, 0.0, 0.0, 1.0]], ["9_7.png", [0.971068263053894, 0.029488753527402878, -0.23697452247142792, 0.6011832190004788, -0.02308567613363266, -0.9761061072349548, -0.21606506407260895, 0.5567477911738922, -0.2376837581396103, 0.21528461575508118, -0.9471848011016846, 2.5726660557124816, 0.0, 0.0, 0.0, 1.0, 4.2647, 0.0, 0.5, 0.0, 4.2647, 0.5, 0.0, 0.0, 1.0]], ["9_7_mirror.png", [0.971068263053894, -0.029488753527402878, 0.23697452247142792, -0.6011832190004788, 0.02308567613363266, -0.9761061072349548, -0.21606506407260895, 0.5567477911738922, 0.2376837581396103, 0.21528461575508118, -0.9471848011016846, 2.5726660557124816, 0.0, 0.0, 0.0, 1.0, 4.2647, 0.0, 0.5, 0.0, 4.2647, 0.5, 0.0, 0.0, 1.0]], ["9_8.png", [0.9734063148498535, -0.0074485596269369125, -0.2289644479751587, 0.5799712972754346, -0.02951185405254364, -0.9952203035354614, -0.09308897703886032, 0.24191135561496718, -0.227176696062088, 0.09737055748701096, -0.9689735770225525, 2.6258545638251136, 0.0, 0.0, 0.0, 1.0, 4.2647, 0.0, 0.5, 0.0, 4.2647, 0.5, 0.0, 0.0, 1.0]], ["9_8_mirror.png", [0.9734063148498535, 0.0074485596269369125, 0.2289644479751587, -0.5799712972754346, 0.02951185405254364, -0.9952203035354614, -0.09308897703886032, 0.24191135561496718, 0.227176696062088, 0.09737055748701096, -0.9689735770225525, 2.6258545638251136, 0.0, 0.0, 0.0, 1.0, 4.2647, 0.0, 0.5, 0.0, 4.2647, 0.5, 0.0, 0.0, 1.0]], ["9_9.png", [0.9564103484153748, 0.0435565710067749, -0.2887595593929291, 0.7428072389039098, 0.021016687154769897, -0.9965164661407471, -0.0807047188282013, 0.224942833107758, -0.29126888513565063, 0.07111806422472, -0.9539940357208252, 2.5860468146701066, 0.0, 0.0, 0.0, 1.0, 4.2647, 0.0, 0.5, 0.0, 4.2647, 0.5, 0.0, 0.0, 1.0]], ["9_9_mirror.png", [0.9564103484153748, -0.0435565710067749, 0.2887595593929291, -0.7428072389039098, -0.021016687154769897, -0.9965164661407471, -0.0807047188282013, 0.224942833107758, 0.29126888513565063, 0.07111806422472, -0.9539940357208252, 2.5860468146701066, 0.0, 0.0, 0.0, 1.0, 4.2647, 0.0, 0.5, 0.0, 4.2647, 0.5, 0.0, 0.0, 1.0]]]}