{"labels": [["0.png", [0.9904580116271973, -0.04915883019566536, 0.12874925136566162, -0.3305685014926116, -0.037983499467372894, -0.995408296585083, -0.0878610759973526, 0.2422972899703062, 0.13247722387313843, 0.08213236182928085, -0.9877772927284241, 2.6687106416945947, 0.0, 0.0, 0.0, 1.0, 4.2647, 0.0, 0.5, 0.0, 4.2647, 0.5, 0.0, 0.0, 1.0]], ["0_mirror.png", [0.9904580116271973, 0.04915883019566536, -0.12874925136566162, 0.3305685014926116, 0.037983499467372894, -0.995408296585083, -0.0878610759973526, 0.2422972899703062, -0.13247722387313843, 0.08213236182928085, -0.9877772927284241, 2.6687106416945947, 0.0, 0.0, 0.0, 1.0, 4.2647, 0.0, 0.5, 0.0, 4.2647, 0.5, 0.0, 0.0, 1.0]], ["1.png", [0.9875909090042114, 0.13905608654022217, -0.07299067825078964, 0.18436848911323775, 0.13348428905010223, -0.9881043434143066, -0.07636650651693344, 0.19869293988523254, -0.0827416405081749, 0.0656757578253746, -0.9944046139717102, 2.686359874600175, 0.0, 0.0, 0.0, 1.0, 4.2647, 0.0, 0.5, 0.0, 4.2647, 0.5, 0.0, 0.0, 1.0]], ["1_mirror.png", [0.9875909090042114, -0.13905608654022217, 0.07299067825078964, -0.18436848911323775, -0.13348428905010223, -0.9881043434143066, -0.07636650651693344, 0.19869293988523254, 0.0827416405081749, 0.0656757578253746, -0.9944046139717102, 2.686359874600175, 0.0, 0.0, 0.0, 1.0, 4.2647, 0.0, 0.5, 0.0, 4.2647, 0.5, 0.0, 0.0, 1.0]], ["10.png", [0.9847792387008667, -0.16046498715877533, -0.06678943336009979, 0.1684268046479761, -0.1632159948348999, -0.9858595132827759, -0.037967003881931305, 0.11051091020561644, -0.05975262448191643, 0.04829022288322449, -0.9970444440841675, 2.692474651728703, 0.0, 0.0, 0.0, 1.0, 4.2647, 0.0, 0.5, 0.0, 4.2647, 0.5, 0.0, 0.0, 1.0]], ["10_mirror.png", [0.9847792387008667, 0.16046498715877533, 0.06678943336009979, -0.1684268046479761, 0.1632159948348999, -0.9858595132827759, -0.037967003881931305, 0.11051091020561644, 0.05975262448191643, 0.04829022288322449, -0.9970444440841675, 2.692474651728703, 0.0, 0.0, 0.0, 1.0, 4.2647, 0.0, 0.5, 0.0, 4.2647, 0.5, 0.0, 0.0, 1.0]], ["11.png", [0.9882325530052185, -0.13018150627613068, -0.08030626177787781, 0.2055087653997444, -0.13686440885066986, -0.9870019555091858, -0.0842333734035492, 0.23435192241414207, -0.06829681247472763, 0.09423323720693588, -0.9932047128677368, 2.681948046440249, 0.0, 0.0, 0.0, 1.0, 4.2647, 0.0, 0.5, 0.0, 4.2647, 0.5, 0.0, 0.0, 1.0]], ["11_mirror.png", [0.9882325530052185, 0.13018150627613068, 0.08030626177787781, -0.2055087653997444, 0.13686440885066986, -0.9870019555091858, -0.0842333734035492, 0.23435192241414207, 0.06829681247472763, 0.09423323720693588, -0.9932047128677368, 2.681948046440249, 0.0, 0.0, 0.0, 1.0, 4.2647, 0.0, 0.5, 0.0, 4.2647, 0.5, 0.0, 0.0, 1.0]], ["12.png", [0.9900555610656738, -0.12765751779079437, -0.05910605564713478, 0.14942691193149116, -0.13139024376869202, -0.9892447590827942, -0.06427635252475739, 0.17168457008595006, -0.05026499554514885, 0.0714031234383583, -0.9961801767349243, 2.690389564056667, 0.0, 0.0, 0.0, 1.0, 4.2647, 0.0, 0.5, 0.0, 4.2647, 0.5, 0.0, 0.0, 1.0]], ["12_mirror.png", [0.9900555610656738, 0.12765751779079437, 0.05910605564713478, -0.14942691193149116, 0.13139024376869202, -0.9892447590827942, -0.06427635252475739, 0.17168457008595006, 0.05026499554514885, 0.0714031234383583, -0.9961801767349243, 2.690389564056667, 0.0, 0.0, 0.0, 1.0, 4.2647, 0.0, 0.5, 0.0, 4.2647, 0.5, 0.0, 0.0, 1.0]], ["13.png", [0.9934163689613342, 0.11441860347986221, -0.005679598078131676, 0.014052106019258638, 0.11441309005022049, -0.9934324026107788, -0.001287325518205762, 0.005635407559086851, -0.005789590999484062, 0.0006290299352258444, -0.999983012676239, 2.6999575516104075, 0.0, 0.0, 0.0, 1.0, 4.2647, 0.0, 0.5, 0.0, 4.2647, 0.5, 0.0, 0.0, 1.0]], ["13_mirror.png", [0.9934163689613342, -0.11441860347986221, 0.005679598078131676, -0.014052106019258638, -0.11441309005022049, -0.9934324026107788, -0.001287325518205762, 0.005635407559086851, 0.005789590999484062, 0.0006290299352258444, -0.999983012676239, 2.6999575516104075, 0.0, 0.0, 0.0, 1.0, 4.2647, 0.0, 0.5, 0.0, 4.2647, 0.5, 0.0, 0.0, 1.0]], ["14.png", [0.9849157929420471, -0.16570010781288147, -0.04984239116311073, 0.12692654400883038, -0.16322045028209686, -0.9853066205978394, 0.05029880255460739, -0.12526738368395113, -0.057444557547569275, -0.04140479117631912, -0.9974896907806396, 2.6941042546662803, 0.0, 0.0, 0.0, 1.0, 4.2647, 0.0, 0.5, 0.0, 4.2647, 0.5, 0.0, 0.0, 1.0]], ["14_mirror.png", [0.9849157929420471, 0.16570010781288147, 0.04984239116311073, -0.12692654400883038, 0.16322045028209686, -0.9853066205978394, 0.05029880255460739, -0.12526738368395113, 0.057444557547569275, -0.04140479117631912, -0.9974896907806396, 2.6941042546662803, 0.0, 0.0, 0.0, 1.0, 4.2647, 0.0, 0.5, 0.0, 4.2647, 0.5, 0.0, 0.0, 1.0]], ["15.png", [0.9961633682250977, 0.04758473485708237, -0.07344558835029602, 0.18801089956566977, 0.03987681120634079, -0.99387526512146, -0.10306233167648315, 0.28308661432965565, -0.07789995521306992, 0.09973815083503723, -0.9919596314430237, 2.6785283030858347, 0.0, 0.0, 0.0, 1.0, 4.2647, 0.0, 0.5, 0.0, 4.2647, 0.5, 0.0, 0.0, 1.0]], ["15_mirror.png", [0.9961633682250977, -0.04758473485708237, 0.07344558835029602, -0.18801089956566977, -0.03987681120634079, -0.99387526512146, -0.10306233167648315, 0.28308661432965565, 0.07789995521306992, 0.09973815083503723, -0.9919596314430237, 2.6785283030858347, 0.0, 0.0, 0.0, 1.0, 4.2647, 0.0, 0.5, 0.0, 4.2647, 0.5, 0.0, 0.0, 1.0]], ["16.png", [0.9912363290786743, -0.09964742511510849, -0.08672293275594711, 0.21940044320216373, -0.1050630509853363, -0.9926361441612244, -0.06029171124100685, 0.1608276015889743, -0.08007640391588211, 0.06887470930814743, -0.9944063425064087, 2.6862609568114997, 0.0, 0.0, 0.0, 1.0, 4.2647, 0.0, 0.5, 0.0, 4.2647, 0.5, 0.0, 0.0, 1.0]], ["16_mirror.png", [0.9912363290786743, 0.09964742511510849, 0.08672293275594711, -0.21940044320216373, 0.1050630509853363, -0.9926361441612244, -0.06029171124100685, 0.1608276015889743, 0.08007640391588211, 0.06887470930814743, -0.9944063425064087, 2.6862609568114997, 0.0, 0.0, 0.0, 1.0, 4.2647, 0.0, 0.5, 0.0, 4.2647, 0.5, 0.0, 0.0, 1.0]], ["17.png", [0.9997166991233826, 0.016446800902485847, 0.017203964293003082, -0.04139083503943353, 0.017000557854771614, -0.9993253946304321, -0.03255278617143631, 0.09926679194562389, 0.016656968742609024, 0.03283604234457016, -0.9993219375610352, 2.697857094582951, 0.0, 0.0, 0.0, 1.0, 4.2647, 0.0, 0.5, 0.0, 4.2647, 0.5, 0.0, 0.0, 1.0]], ["17_mirror.png", [0.9997166991233826, -0.016446800902485847, -0.017203964293003082, 0.04139083503943353, -0.017000557854771614, -0.9993253946304321, -0.03255278617143631, 0.09926679194562389, -0.016656968742609024, 0.03283604234457016, -0.9993219375610352, 2.697857094582951, 0.0, 0.0, 0.0, 1.0, 4.2647, 0.0, 0.5, 0.0, 4.2647, 0.5, 0.0, 0.0, 1.0]], ["18.png", [0.9902117848396301, -0.12899787724018097, -0.05329327657818794, 0.13591994423947384, -0.1324465274810791, -0.9889070987701416, -0.06723520904779434, 0.17761583586211116, -0.04402890056371689, 0.07363560050725937, -0.9963127970695496, 2.6907207925775096, 0.0, 0.0, 0.0, 1.0, 4.2647, 0.0, 0.5, 0.0, 4.2647, 0.5, 0.0, 0.0, 1.0]], ["18_mirror.png", [0.9902117848396301, 0.12899787724018097, 0.05329327657818794, -0.13591994423947384, 0.1324465274810791, -0.9889070987701416, -0.06723520904779434, 0.17761583586211116, 0.04402890056371689, 0.07363560050725937, -0.9963127970695496, 2.6907207925775096, 0.0, 0.0, 0.0, 1.0, 4.2647, 0.0, 0.5, 0.0, 4.2647, 0.5, 0.0, 0.0, 1.0]], ["19.png", [0.9955885410308838, 0.02869902364909649, -0.08933016657829285, 0.22899219069775442, 0.019098103046417236, -0.9941257834434509, -0.1065327450633049, 0.2906907585527542, -0.09186280518770218, 0.10435673594474792, -0.9902883172035217, 2.674520790626139, 0.0, 0.0, 0.0, 1.0, 4.2647, 0.0, 0.5, 0.0, 4.2647, 0.5, 0.0, 0.0, 1.0]], ["19_mirror.png", [0.9955885410308838, -0.02869902364909649, 0.08933016657829285, -0.22899219069775442, -0.019098103046417236, -0.9941257834434509, -0.1065327450633049, 0.2906907585527542, 0.09186280518770218, 0.10435673594474792, -0.9902883172035217, 2.674520790626139, 0.0, 0.0, 0.0, 1.0, 4.2647, 0.0, 0.5, 0.0, 4.2647, 0.5, 0.0, 0.0, 1.0]], ["2.png", [0.9813867807388306, -0.17951807379722595, -0.06821464747190475, 0.17348310209009316, -0.18018965423107147, -0.9836246371269226, -0.0037723807618021965, 0.02075201664089446, -0.06642039865255356, 0.015993738546967506, -0.9976634979248047, 2.694340915158016, 0.0, 0.0, 0.0, 1.0, 4.2647, 0.0, 0.5, 0.0, 4.2647, 0.5, 0.0, 0.0, 1.0]], ["2_mirror.png", [0.9813867807388306, 0.17951807379722595, 0.06821464747190475, -0.17348310209009316, 0.18018965423107147, -0.9836246371269226, -0.0037723807618021965, 0.02075201664089446, 0.06642039865255356, 0.015993738546967506, -0.9976634979248047, 2.694340915158016, 0.0, 0.0, 0.0, 1.0, 4.2647, 0.0, 0.5, 0.0, 4.2647, 0.5, 0.0, 0.0, 1.0]], ["3.png", [0.9887473583221436, -0.13804244995117188, -0.057644572108983994, 0.14641075469918988, -0.14225295186042786, -0.9868489503860474, -0.07676663994789124, 0.2035701792278683, -0.04628942906856537, 0.08410292863845825, -0.9953812956809998, 2.6883309083960536, 0.0, 0.0, 0.0, 1.0, 4.2647, 0.0, 0.5, 0.0, 4.2647, 0.5, 0.0, 0.0, 1.0]], ["3_mirror.png", [0.9887473583221436, 0.13804244995117188, 0.057644572108983994, -0.14641075469918988, 0.14225295186042786, -0.9868489503860474, -0.07676663994789124, 0.2035701792278683, 0.04628942906856537, 0.08410292863845825, -0.9953812956809998, 2.6883309083960536, 0.0, 0.0, 0.0, 1.0, 4.2647, 0.0, 0.5, 0.0, 4.2647, 0.5, 0.0, 0.0, 1.0]], ["4.png", [0.9868717789649963, -0.14374394714832306, -0.07363265752792358, 0.18906972770359706, -0.14951525628566742, -0.9855182766914368, -0.07999299466609955, 0.22230202198038598, -0.06106783077120781, 0.0899520292878151, -0.9940721392631531, 2.6841822682317087, 0.0, 0.0, 0.0, 1.0, 4.2647, 0.0, 0.5, 0.0, 4.2647, 0.5, 0.0, 0.0, 1.0]], ["4_mirror.png", [0.9868717789649963, 0.14374394714832306, 0.07363265752792358, -0.18906972770359706, 0.14951525628566742, -0.9855182766914368, -0.07999299466609955, 0.22230202198038598, 0.06106783077120781, 0.0899520292878151, -0.9940721392631531, 2.6841822682317087, 0.0, 0.0, 0.0, 1.0, 4.2647, 0.0, 0.5, 0.0, 4.2647, 0.5, 0.0, 0.0, 1.0]], ["5.png", [0.9925191402435303, 0.12168125063180923, 0.009972434490919113, -0.0268622163696305, 0.12178002297878265, -0.9925069808959961, -0.009979193098843098, 0.0329180616902169, 0.008683430030941963, 0.01111898384988308, -0.9999005198478699, 2.6996656871817057, 0.0, 0.0, 0.0, 1.0, 4.2647, 0.0, 0.5, 0.0, 4.2647, 0.5, 0.0, 0.0, 1.0]], ["5_mirror.png", [0.9925191402435303, -0.12168125063180923, -0.009972434490919113, 0.0268622163696305, -0.12178002297878265, -0.9925069808959961, -0.009979193098843098, 0.0329180616902169, -0.008683430030941963, 0.01111898384988308, -0.9999005198478699, 2.6996656871817057, 0.0, 0.0, 0.0, 1.0, 4.2647, 0.0, 0.5, 0.0, 4.2647, 0.5, 0.0, 0.0, 1.0]], ["6.png", [0.9838711023330688, -0.15967628359794617, -0.08062954992055893, 0.2045235011090835, -0.16392384469509125, -0.9852503538131714, -0.04909886047244072, 0.13993665358006993, -0.07160037010908127, 0.061524055898189545, -0.9955341219902039, 2.688603330816745, 0.0, 0.0, 0.0, 1.0, 4.2647, 0.0, 0.5, 0.0, 4.2647, 0.5, 0.0, 0.0, 1.0]], ["6_mirror.png", [0.9838711023330688, 0.15967628359794617, 0.08062954992055893, -0.2045235011090835, 0.16392384469509125, -0.9852503538131714, -0.04909886047244072, 0.13993665358006993, 0.07160037010908127, 0.061524055898189545, -0.9955341219902039, 2.688603330816745, 0.0, 0.0, 0.0, 1.0, 4.2647, 0.0, 0.5, 0.0, 4.2647, 0.5, 0.0, 0.0, 1.0]], ["7.png", [0.9980781674385071, 0.051739223301410675, 0.03410300984978676, -0.08939422140022299, 0.05198100581765175, -0.998628556728363, -0.00624111108481884, 0.025336772859610727, 0.03373333439230919, 0.008001825772225857, -0.9993988275527954, 2.6984007710348195, 0.0, 0.0, 0.0, 1.0, 4.2647, 0.0, 0.5, 0.0, 4.2647, 0.5, 0.0, 0.0, 1.0]], ["7_mirror.png", [0.9980781674385071, -0.051739223301410675, -0.03410300984978676, 0.08939422140022299, -0.05198100581765175, -0.998628556728363, -0.00624111108481884, 0.025336772859610727, -0.03373333439230919, 0.008001825772225857, -0.9993988275527954, 2.6984007710348195, 0.0, 0.0, 0.0, 1.0, 4.2647, 0.0, 0.5, 0.0, 4.2647, 0.5, 0.0, 0.0, 1.0]], ["8.png", [0.9814050793647766, -0.17793060839176178, -0.07200590521097183, 0.18529977242527007, -0.17760226130485535, -0.9840409755706787, 0.010988797061145306, -0.01644286287930051, -0.07281200587749481, 0.0020039500668644905, -0.9973437190055847, 2.693583788672533, 0.0, 0.0, 0.0, 1.0, 4.2647, 0.0, 0.5, 0.0, 4.2647, 0.5, 0.0, 0.0, 1.0]], ["8_mirror.png", [0.9814050793647766, 0.17793060839176178, 0.07200590521097183, -0.18529977242527007, 0.17760226130485535, -0.9840409755706787, 0.010988797061145306, -0.01644286287930051, 0.07281200587749481, 0.0020039500668644905, -0.9973437190055847, 2.693583788672533, 0.0, 0.0, 0.0, 1.0, 4.2647, 0.0, 0.5, 0.0, 4.2647, 0.5, 0.0, 0.0, 1.0]], ["9.png", [0.9790921211242676, -0.11361061781644821, -0.1687341034412384, 0.42948843292393557, -0.134108766913414, -0.9842133522033691, -0.11549381166696548, 0.2995432682082471, -0.15294905006885529, 0.1357077956199646, -0.9788718223571777, 2.648738098879477, 0.0, 0.0, 0.0, 1.0, 4.2647, 0.0, 0.5, 0.0, 4.2647, 0.5, 0.0, 0.0, 1.0]], ["9_mirror.png", [0.9790921211242676, 0.11361061781644821, 0.1687341034412384, -0.42948843292393557, 0.134108766913414, -0.9842133522033691, -0.11549381166696548, 0.2995432682082471, 0.15294905006885529, 0.1357077956199646, -0.9788718223571777, 2.648738098879477, 0.0, 0.0, 0.0, 1.0, 4.2647, 0.0, 0.5, 0.0, 4.2647, 0.5, 0.0, 0.0, 1.0]]]}