{"labels": [["4_0.png", [0.9793533086776733, -0.12277611345052719, -0.16060221195220947, 0.40615547216586534, -0.1460389792919159, -0.9790180921554565, -0.14211340248584747, 0.3650998263909687, -0.1397843360900879, 0.16263341903686523, -0.9767347574234009, 2.6441898285106173, 0.0, 0.0, 0.0, 1.0, 4.2647, 0.0, 0.5, 0.0, 4.2647, 0.5, 0.0, 0.0, 1.0]], ["4_0_mirror.png", [0.9793533086776733, 0.12277611345052719, 0.16060221195220947, -0.40615547216586534, 0.1460389792919159, -0.9790180921554565, -0.14211340248584747, 0.3650998263909687, 0.1397843360900879, 0.16263341903686523, -0.9767347574234009, 2.6441898285106173, 0.0, 0.0, 0.0, 1.0, 4.2647, 0.0, 0.5, 0.0, 4.2647, 0.5, 0.0, 0.0, 1.0]], ["4_1.png", [0.94943767786026, -0.22966960072517395, -0.2140558809041977, 0.5514647128087783, -0.260781854391098, -0.9565558433532715, -0.13036000728607178, 0.3304699730856303, -0.17481669783592224, 0.1795905977487564, -0.9680838584899902, 2.622341752597383, 0.0, 0.0, 0.0, 1.0, 4.2647, 0.0, 0.5, 0.0, 4.2647, 0.5, 0.0, 0.0, 1.0]], ["4_1_mirror.png", [0.94943767786026, 0.22966960072517395, 0.2140558809041977, -0.5514647128087783, 0.260781854391098, -0.9565558433532715, -0.13036000728607178, 0.3304699730856303, 0.17481669783592224, 0.1795905977487564, -0.9680838584899902, 2.622341752597383, 0.0, 0.0, 0.0, 1.0, 4.2647, 0.0, 0.5, 0.0, 4.2647, 0.5, 0.0, 0.0, 1.0]], ["4_10.png", [0.9513144493103027, -0.21396857500076294, -0.22185184061527252, 0.5605246269558357, -0.2517584264278412, -0.9546716213226318, -0.15880745649337769, 0.4018606570211789, -0.17781585454940796, 0.20692890882492065, -0.9620612859725952, 2.6104252823849468, 0.0, 0.0, 0.0, 1.0, 4.2647, 0.0, 0.5, 0.0, 4.2647, 0.5, 0.0, 0.0, 1.0]], ["4_10_mirror.png", [0.9513144493103027, 0.21396857500076294, 0.22185184061527252, -0.5605246269558357, 0.2517584264278412, -0.9546716213226318, -0.15880745649337769, 0.4018606570211789, 0.17781585454940796, 0.20692890882492065, -0.9620612859725952, 2.6104252823849468, 0.0, 0.0, 0.0, 1.0, 4.2647, 0.0, 0.5, 0.0, 4.2647, 0.5, 0.0, 0.0, 1.0]], ["4_11.png", [0.9516801238059998, -0.2088714838027954, -0.225117027759552, 0.572110382190824, -0.24532584846019745, -0.9580451846122742, -0.1482047587633133, 0.3813694939549614, -0.18471653759479523, 0.19627054035663605, -0.9629940986633301, 2.6109858329125433, 0.0, 0.0, 0.0, 1.0, 4.2647, 0.0, 0.5, 0.0, 4.2647, 0.5, 0.0, 0.0, 1.0]], ["4_11_mirror.png", [0.9516801238059998, 0.2088714838027954, 0.225117027759552, -0.572110382190824, 0.24532584846019745, -0.9580451846122742, -0.1482047587633133, 0.3813694939549614, 0.18471653759479523, 0.19627054035663605, -0.9629940986633301, 2.6109858329125433, 0.0, 0.0, 0.0, 1.0, 4.2647, 0.0, 0.5, 0.0, 4.2647, 0.5, 0.0, 0.0, 1.0]], ["4_12.png", [0.9550308585166931, -0.20933237671852112, -0.2099907547235489, 0.5337602985441716, -0.24628011882305145, -0.9544118046760559, -0.16865411400794983, 0.43557554113171915, -0.1651129126548767, 0.21278640627861023, -0.9630471467971802, 2.6106271069736957, 0.0, 0.0, 0.0, 1.0, 4.2647, 0.0, 0.5, 0.0, 4.2647, 0.5, 0.0, 0.0, 1.0]], ["4_12_mirror.png", [0.9550308585166931, 0.20933237671852112, 0.2099907547235489, -0.5337602985441716, 0.24628011882305145, -0.9544118046760559, -0.16865411400794983, 0.43557554113171915, 0.1651129126548767, 0.21278640627861023, -0.9630471467971802, 2.6106271069736957, 0.0, 0.0, 0.0, 1.0, 4.2647, 0.0, 0.5, 0.0, 4.2647, 0.5, 0.0, 0.0, 1.0]], ["4_13.png", [0.8246280550956726, -0.04665035381913185, -0.5637484788894653, 1.442442852193245, 0.028622645884752274, -0.9918760657310486, 0.12394606322050095, -0.3171594747182203, -0.5649507641792297, -0.11834537237882614, -0.8165935277938843, 2.260258499763485, 0.0, 0.0, 0.0, 1.0, 4.2647, 0.0, 0.5, 0.0, 4.2647, 0.5, 0.0, 0.0, 1.0]], ["4_13_mirror.png", [0.8246280550956726, 0.04665035381913185, 0.5637484788894653, -1.442442852193245, -0.028622645884752274, -0.9918760657310486, 0.12394606322050095, -0.3171594747182203, 0.5649507641792297, -0.11834537237882614, -0.8165935277938843, 2.260258499763485, 0.0, 0.0, 0.0, 1.0, 4.2647, 0.0, 0.5, 0.0, 4.2647, 0.5, 0.0, 0.0, 1.0]], ["4_14.png", [0.9507727026939392, -0.2157457023859024, -0.22245235741138458, 0.5641159584657056, -0.2514934539794922, -0.9566113352775574, -0.14712508022785187, 0.37816739253074244, -0.1810588389635086, 0.19582781195640564, -0.9637786149978638, 2.6131901210265625, 0.0, 0.0, 0.0, 1.0, 4.2647, 0.0, 0.5, 0.0, 4.2647, 0.5, 0.0, 0.0, 1.0]], ["4_14_mirror.png", [0.9507727026939392, 0.2157457023859024, 0.22245235741138458, -0.5641159584657056, 0.2514934539794922, -0.9566113352775574, -0.14712508022785187, 0.37816739253074244, 0.1810588389635086, 0.19582781195640564, -0.9637786149978638, 2.6131901210265625, 0.0, 0.0, 0.0, 1.0, 4.2647, 0.0, 0.5, 0.0, 4.2647, 0.5, 0.0, 0.0, 1.0]], ["4_15.png", [0.9718090891838074, -0.13783156871795654, -0.19128400087356567, 0.4860677571799612, -0.1597082018852234, -0.9816664457321167, -0.10404035449028015, 0.26875651108815113, -0.17343704402446747, 0.1316569745540619, -0.9760051369667053, 2.64225435436821, 0.0, 0.0, 0.0, 1.0, 4.2647, 0.0, 0.5, 0.0, 4.2647, 0.5, 0.0, 0.0, 1.0]], ["4_15_mirror.png", [0.9718090891838074, 0.13783156871795654, 0.19128400087356567, -0.4860677571799612, 0.1597082018852234, -0.9816664457321167, -0.10404035449028015, 0.26875651108815113, 0.17343704402446747, 0.1316569745540619, -0.9760051369667053, 2.64225435436821, 0.0, 0.0, 0.0, 1.0, 4.2647, 0.0, 0.5, 0.0, 4.2647, 0.5, 0.0, 0.0, 1.0]], ["4_16.png", [0.9735434055328369, -0.07933538407087326, -0.2142873853445053, 0.5477209428110823, -0.07625393569469452, -0.9968317747116089, 0.02262156829237938, -0.05702674763061038, -0.21540315449237823, -0.0056828223168849945, -0.9765086770057678, 2.6432460571919547, 0.0, 0.0, 0.0, 1.0, 4.2647, 0.0, 0.5, 0.0, 4.2647, 0.5, 0.0, 0.0, 1.0]], ["4_16_mirror.png", [0.9735434055328369, 0.07933538407087326, 0.2142873853445053, -0.5477209428110823, 0.07625393569469452, -0.9968317747116089, 0.02262156829237938, -0.05702674763061038, 0.21540315449237823, -0.0056828223168849945, -0.9765086770057678, 2.6432460571919547, 0.0, 0.0, 0.0, 1.0, 4.2647, 0.0, 0.5, 0.0, 4.2647, 0.5, 0.0, 0.0, 1.0]], ["4_17.png", [0.9208599925041199, -0.3229309022426605, -0.21847771108150482, 0.5555304823626922, -0.34564268589019775, -0.9354283809661865, -0.07419425249099731, 0.19721679154458083, -0.18041063845157623, 0.14383773505687714, -0.9730172753334045, 2.6348607971387668, 0.0, 0.0, 0.0, 1.0, 4.2647, 0.0, 0.5, 0.0, 4.2647, 0.5, 0.0, 0.0, 1.0]], ["4_17_mirror.png", [0.9208599925041199, 0.3229309022426605, 0.21847771108150482, -0.5555304823626922, 0.34564268589019775, -0.9354283809661865, -0.07419425249099731, 0.19721679154458083, 0.18041063845157623, 0.14383773505687714, -0.9730172753334045, 2.6348607971387668, 0.0, 0.0, 0.0, 1.0, 4.2647, 0.0, 0.5, 0.0, 4.2647, 0.5, 0.0, 0.0, 1.0]], ["4_18.png", [0.9500735402107239, -0.2196958065032959, -0.22157171368598938, 0.5608609756128426, -0.2537577748298645, -0.9572351574897766, -0.13895277678966522, 0.3576043175338022, -0.18156889081001282, 0.1882408857345581, -0.9651932716369629, 2.616783162227202, 0.0, 0.0, 0.0, 1.0, 4.2647, 0.0, 0.5, 0.0, 4.2647, 0.5, 0.0, 0.0, 1.0]], ["4_18_mirror.png", [0.9500735402107239, 0.2196958065032959, 0.22157171368598938, -0.5608609756128426, 0.2537577748298645, -0.9572351574897766, -0.13895277678966522, 0.3576043175338022, 0.18156889081001282, 0.1882408857345581, -0.9651932716369629, 2.616783162227202, 0.0, 0.0, 0.0, 1.0, 4.2647, 0.0, 0.5, 0.0, 4.2647, 0.5, 0.0, 0.0, 1.0]], ["4_19.png", [0.8264645934104919, -0.1217178925871849, -0.5496735572814941, 1.4059681804490438, -0.08214829862117767, -0.9919717311859131, 0.0961444303393364, -0.23834631033894052, -0.5569631457328796, -0.03430521488189697, -0.8298284411430359, 2.2926937239658987, 0.0, 0.0, 0.0, 1.0, 4.2647, 0.0, 0.5, 0.0, 4.2647, 0.5, 0.0, 0.0, 1.0]], ["4_19_mirror.png", [0.8264645934104919, 0.1217178925871849, 0.5496735572814941, -1.4059681804490438, 0.08214829862117767, -0.9919717311859131, 0.0961444303393364, -0.23834631033894052, 0.5569631457328796, -0.03430521488189697, -0.8298284411430359, 2.2926937239658987, 0.0, 0.0, 0.0, 1.0, 4.2647, 0.0, 0.5, 0.0, 4.2647, 0.5, 0.0, 0.0, 1.0]], ["4_2.png", [0.9495726823806763, -0.23379522562026978, -0.2089293748140335, 0.5409804225001659, -0.2641451954841614, -0.955503523349762, -0.13130219280719757, 0.33955737834731536, -0.1689349263906479, 0.1798686534166336, -0.9690759778022766, 2.6233644369933513, 0.0, 0.0, 0.0, 1.0, 4.2647, 0.0, 0.5, 0.0, 4.2647, 0.5, 0.0, 0.0, 1.0]], ["4_2_mirror.png", [0.9495726823806763, 0.23379522562026978, 0.2089293748140335, -0.5409804225001659, 0.2641451954841614, -0.955503523349762, -0.13130219280719757, 0.33955737834731536, 0.1689349263906479, 0.1798686534166336, -0.9690759778022766, 2.6233644369933513, 0.0, 0.0, 0.0, 1.0, 4.2647, 0.0, 0.5, 0.0, 4.2647, 0.5, 0.0, 0.0, 1.0]], ["4_3.png", [0.9014721512794495, -0.08678542077541351, -0.4240475594997406, 1.0774147375609555, -0.044248316437006, -0.9930379390716553, 0.1091683954000473, -0.2691730318667662, -0.4305695593357086, -0.07964886724948883, -0.899036169052124, 2.4610411134725303, 0.0, 0.0, 0.0, 1.0, 4.2647, 0.0, 0.5, 0.0, 4.2647, 0.5, 0.0, 0.0, 1.0]], ["4_3_mirror.png", [0.9014721512794495, 0.08678542077541351, 0.4240475594997406, -1.0774147375609555, 0.044248316437006, -0.9930379390716553, 0.1091683954000473, -0.2691730318667662, 0.4305695593357086, -0.07964886724948883, -0.899036169052124, 2.4610411134725303, 0.0, 0.0, 0.0, 1.0, 4.2647, 0.0, 0.5, 0.0, 4.2647, 0.5, 0.0, 0.0, 1.0]], ["4_4.png", [0.9936966300010681, -0.07962707430124283, -0.07890791445970535, 0.20020603367213727, -0.08374034613370895, -0.9952191114425659, -0.05026258900761604, 0.13557580518469245, -0.07452841103076935, 0.056553542613983154, -0.9956139922142029, 2.689151677598308, 0.0, 0.0, 0.0, 1.0, 4.2647, 0.0, 0.5, 0.0, 4.2647, 0.5, 0.0, 0.0, 1.0]], ["4_4_mirror.png", [0.9936966300010681, 0.07962707430124283, 0.07890791445970535, -0.20020603367213727, 0.08374034613370895, -0.9952191114425659, -0.05026258900761604, 0.13557580518469245, 0.07452841103076935, 0.056553542613983154, -0.9956139922142029, 2.689151677598308, 0.0, 0.0, 0.0, 1.0, 4.2647, 0.0, 0.5, 0.0, 4.2647, 0.5, 0.0, 0.0, 1.0]], ["4_5.png", [0.9694967269897461, -0.16599875688552856, -0.1803341805934906, 0.45606763181143234, -0.1859993040561676, -0.9774245023727417, -0.10022775828838348, 0.2641683763808598, -0.1596253514289856, 0.13071252405643463, -0.9784855246543884, 2.648059173080204, 0.0, 0.0, 0.0, 1.0, 4.2647, 0.0, 0.5, 0.0, 4.2647, 0.5, 0.0, 0.0, 1.0]], ["4_5_mirror.png", [0.9694967269897461, 0.16599875688552856, 0.1803341805934906, -0.45606763181143234, 0.1859993040561676, -0.9774245023727417, -0.10022775828838348, 0.2641683763808598, 0.1596253514289856, 0.13071252405643463, -0.9784855246543884, 2.648059173080204, 0.0, 0.0, 0.0, 1.0, 4.2647, 0.0, 0.5, 0.0, 4.2647, 0.5, 0.0, 0.0, 1.0]], ["4_6.png", [0.9526457190513611, -0.23150691390037537, -0.19715657830238342, 0.4983279425090448, -0.2534915804862976, -0.9627206921577454, -0.09439796954393387, 0.24743754974361637, -0.16795292496681213, 0.13990534842014313, -0.9758167266845703, 2.6420529746187107, 0.0, 0.0, 0.0, 1.0, 4.2647, 0.0, 0.5, 0.0, 4.2647, 0.5, 0.0, 0.0, 1.0]], ["4_6_mirror.png", [0.9526457190513611, 0.23150691390037537, 0.19715657830238342, -0.4983279425090448, 0.2534915804862976, -0.9627206921577454, -0.09439796954393387, 0.24743754974361637, 0.16795292496681213, 0.13990534842014313, -0.9758167266845703, 2.6420529746187107, 0.0, 0.0, 0.0, 1.0, 4.2647, 0.0, 0.5, 0.0, 4.2647, 0.5, 0.0, 0.0, 1.0]], ["4_7.png", [0.861707329750061, -0.06061135232448578, -0.503772497177124, 1.2827857352646463, -0.037800807505846024, -0.9977492094039917, 0.05538550391793251, -0.13543848612642573, -0.5059956312179565, -0.028683088719844818, -0.8620589971542358, 2.3719437543663053, 0.0, 0.0, 0.0, 1.0, 4.2647, 0.0, 0.5, 0.0, 4.2647, 0.5, 0.0, 0.0, 1.0]], ["4_7_mirror.png", [0.861707329750061, 0.06061135232448578, 0.503772497177124, -1.2827857352646463, 0.037800807505846024, -0.9977492094039917, 0.05538550391793251, -0.13543848612642573, 0.5059956312179565, -0.028683088719844818, -0.8620589971542358, 2.3719437543663053, 0.0, 0.0, 0.0, 1.0, 4.2647, 0.0, 0.5, 0.0, 4.2647, 0.5, 0.0, 0.0, 1.0]], ["4_8.png", [0.9778938889503479, -0.12564583122730255, -0.16714227199554443, 0.42168041327012046, -0.15081080794334412, -0.9774914979934692, -0.14753438532352448, 0.3784511069557788, -0.14484307169914246, 0.1694798469543457, -0.974831759929657, 2.6398788587183857, 0.0, 0.0, 0.0, 1.0, 4.2647, 0.0, 0.5, 0.0, 4.2647, 0.5, 0.0, 0.0, 1.0]], ["4_8_mirror.png", [0.9778938889503479, 0.12564583122730255, 0.16714227199554443, -0.42168041327012046, 0.15081080794334412, -0.9774914979934692, -0.14753438532352448, 0.3784511069557788, 0.14484307169914246, 0.1694798469543457, -0.974831759929657, 2.6398788587183857, 0.0, 0.0, 0.0, 1.0, 4.2647, 0.0, 0.5, 0.0, 4.2647, 0.5, 0.0, 0.0, 1.0]], ["4_9.png", [0.9727667570114136, -0.1375298947095871, -0.18657532334327698, 0.4724928192418489, -0.15947362780570984, -0.981260359287262, -0.10814938694238663, 0.27905075017324465, -0.16820518672466278, 0.13495796918869019, -0.9764698147773743, 2.643649223061305, 0.0, 0.0, 0.0, 1.0, 4.2647, 0.0, 0.5, 0.0, 4.2647, 0.5, 0.0, 0.0, 1.0]], ["4_9_mirror.png", [0.9727667570114136, 0.1375298947095871, 0.18657532334327698, -0.4724928192418489, 0.15947362780570984, -0.981260359287262, -0.10814938694238663, 0.27905075017324465, 0.16820518672466278, 0.13495796918869019, -0.9764698147773743, 2.643649223061305, 0.0, 0.0, 0.0, 1.0, 4.2647, 0.0, 0.5, 0.0, 4.2647, 0.5, 0.0, 0.0, 1.0]]]}