{"labels": [["1_19.png", [0.9638829231262207, -0.26622509956359863, -0.007340146228671074, 0.017851278886887326, -0.26043766736984253, -0.9364492893218994, -0.23502103984355927, 0.594136196086772, 0.055694829672575, 0.2284444272518158, -0.971962571144104, 2.633758438494625, 0.0, 0.0, 0.0, 1.0, 4.2647, 0.0, 0.5, 0.0, 4.2647, 0.5, 0.0, 0.0, 1.0]], ["0_13.png", [0.9554028511047363, -0.048143692314624786, -0.2913546562194824, 0.7412026311186241, -0.10731278359889984, -0.9757729768753052, -0.19065983593463898, 0.4907994568331151, -0.2751169204711914, 0.21342304348945618, -0.9374226331710815, 2.5494576977849914, 0.0, 0.0, 0.0, 1.0, 4.2647, 0.0, 0.5, 0.0, 4.2647, 0.5, 0.0, 0.0, 1.0]], ["1_10.png", [0.9960511922836304, -0.07367922365665436, -0.0495317317545414, 0.12723940620073995, -0.08360965549945831, -0.9661028385162354, -0.24424323439598083, 0.6200043453007966, -0.02985709346830845, 0.24742010235786438, -0.9684481620788574, 2.6247675602456333, 0.0, 0.0, 0.0, 1.0, 4.2647, 0.0, 0.5, 0.0, 4.2647, 0.5, 0.0, 0.0, 1.0]]]}