{"labels": [["11_17.png", [0.9777305722236633, 0.024759620428085327, -0.20839829742908478, 0.525505400770652, 0.021976064890623093, -0.9996358156204224, -0.01566198281943798, 0.04326873778863245, -0.2087101936340332, 0.010733425617218018, -0.9779186248779297, 2.6480128190949257, 0.0, 0.0, 0.0, 1.0, 4.2647, 0.0, 0.5, 0.0, 4.2647, 0.5, 0.0, 0.0, 1.0]], ["10_5.png", [0.9491093158721924, 0.003406246891245246, -0.3149283826351166, 0.7976464918663868, -0.04693537577986717, -0.9872456192970276, -0.15212857723236084, 0.39020410072071604, -0.31142985820770264, 0.15916793048381805, -0.9368442296981812, 2.549804077531053, 0.0, 0.0, 0.0, 1.0, 4.2647, 0.0, 0.5, 0.0, 4.2647, 0.5, 0.0, 0.0, 1.0]], ["18_3.png", [0.8528743982315063, -0.035783801227808, 0.5208884477615356, -1.3333657961339378, -0.08103376626968384, -0.9946317672729492, 0.06435143202543259, -0.15820460843173376, 0.5157894492149353, -0.09709323942661285, -0.8511956930160522, 2.3424574607815343, 0.0, 0.0, 0.0, 1.0, 4.2647, 0.0, 0.5, 0.0, 4.2647, 0.5, 0.0, 0.0, 1.0]]]}