{"labels": [["0.png", [0.9986789226531982, 0.001208783476613462, 0.051370538771152496, -0.13537160616006097, 0.004746889695525169, -0.9976186156272888, -0.0688081905245781, 0.1801507798818537, 0.051165033131837845, 0.06896114349365234, -0.9963064193725586, 2.690579904918939, 0.0, 0.0, 0.0, 1.0, 4.2647, 0.0, 0.5, 0.0, 4.2647, 0.5, 0.0, 0.0, 1.0]], ["0_mirror.png", [0.9986789226531982, -0.001208783476613462, -0.051370538771152496, 0.13537160616006097, -0.004746889695525169, -0.9976186156272888, -0.0688081905245781, 0.1801507798818537, -0.051165033131837845, 0.06896114349365234, -0.9963064193725586, 2.690579904918939, 0.0, 0.0, 0.0, 1.0, 4.2647, 0.0, 0.5, 0.0, 4.2647, 0.5, 0.0, 0.0, 1.0]], ["1.png", [0.9991979002952576, 0.016961488872766495, 0.03627495840191841, -0.09410068616966008, 0.018416255712509155, -0.9990237951278687, -0.04015311226248741, 0.12111238924171318, 0.035558488219976425, 0.040788955986499786, -0.9985348582267761, 2.6956403413724472, 0.0, 0.0, 0.0, 1.0, 4.2647, 0.0, 0.5, 0.0, 4.2647, 0.5, 0.0, 0.0, 1.0]], ["1_mirror.png", [0.9991979002952576, -0.016961488872766495, -0.03627495840191841, 0.09410068616966008, -0.018416255712509155, -0.9990237951278687, -0.04015311226248741, 0.12111238924171318, -0.035558488219976425, 0.040788955986499786, -0.9985348582267761, 2.6956403413724472, 0.0, 0.0, 0.0, 1.0, 4.2647, 0.0, 0.5, 0.0, 4.2647, 0.5, 0.0, 0.0, 1.0]], ["10.png", [0.9644466042518616, 0.14418268203735352, 0.22148175537586212, -0.5667567399819933, 0.1530136615037918, -0.9879528284072876, -0.023152276873588562, 0.06636545158498232, 0.21547536551952362, 0.056218862533569336, -0.9748896360397339, 2.6390116378146016, 0.0, 0.0, 0.0, 1.0, 4.2647, 0.0, 0.5, 0.0, 4.2647, 0.5, 0.0, 0.0, 1.0]], ["10_mirror.png", [0.9644466042518616, -0.14418268203735352, -0.22148175537586212, 0.5667567399819933, -0.1530136615037918, -0.9879528284072876, -0.023152276873588562, 0.06636545158498232, -0.21547536551952362, 0.056218862533569336, -0.9748896360397339, 2.6390116378146016, 0.0, 0.0, 0.0, 1.0, 4.2647, 0.0, 0.5, 0.0, 4.2647, 0.5, 0.0, 0.0, 1.0]], ["11.png", [0.991944432258606, 0.11128856241703033, 0.060507480055093765, -0.15924871245142327, 0.11463748663663864, -0.991882860660553, -0.05501459911465645, 0.15601651057215188, 0.053893838077783585, 0.061507850885391235, -0.9966505169868469, 2.6907803135914783, 0.0, 0.0, 0.0, 1.0, 4.2647, 0.0, 0.5, 0.0, 4.2647, 0.5, 0.0, 0.0, 1.0]], ["11_mirror.png", [0.991944432258606, -0.11128856241703033, -0.060507480055093765, 0.15924871245142327, -0.11463748663663864, -0.991882860660553, -0.05501459911465645, 0.15601651057215188, -0.053893838077783585, 0.061507850885391235, -0.9966505169868469, 2.6907803135914783, 0.0, 0.0, 0.0, 1.0, 4.2647, 0.0, 0.5, 0.0, 4.2647, 0.5, 0.0, 0.0, 1.0]], ["12.png", [0.9542936086654663, -0.012956169433891773, 0.298589825630188, -0.7642224437427746, -0.01863427832722664, -0.9996954798698425, 0.01617719978094101, -0.033932862569501454, 0.29828932881355286, -0.021001804620027542, -0.9542444348335266, 2.589365292367545, 0.0, 0.0, 0.0, 1.0, 4.2647, 0.0, 0.5, 0.0, 4.2647, 0.5, 0.0, 0.0, 1.0]], ["12_mirror.png", [0.9542936086654663, 0.012956169433891773, -0.298589825630188, 0.7642224437427746, 0.01863427832722664, -0.9996954798698425, 0.01617719978094101, -0.033932862569501454, -0.29828932881355286, -0.021001804620027542, -0.9542444348335266, 2.589365292367545, 0.0, 0.0, 0.0, 1.0, 4.2647, 0.0, 0.5, 0.0, 4.2647, 0.5, 0.0, 0.0, 1.0]], ["13.png", [0.9991391897201538, 0.030260495841503143, -0.028375545516610146, 0.06813067200977455, 0.03250075504183769, -0.996091365814209, 0.0821327343583107, -0.20836940105559099, -0.025779258459806442, -0.08298426866531372, -0.9962173700332642, 2.6910853580359047, 0.0, 0.0, 0.0, 1.0, 4.2647, 0.0, 0.5, 0.0, 4.2647, 0.5, 0.0, 0.0, 1.0]], ["13_mirror.png", [0.9991391897201538, -0.030260495841503143, 0.028375545516610146, -0.06813067200977455, -0.03250075504183769, -0.996091365814209, 0.0821327343583107, -0.20836940105559099, 0.025779258459806442, -0.08298426866531372, -0.9962173700332642, 2.6910853580359047, 0.0, 0.0, 0.0, 1.0, 4.2647, 0.0, 0.5, 0.0, 4.2647, 0.5, 0.0, 0.0, 1.0]], ["14.png", [0.9976606369018555, -0.04376629367470741, -0.052513089030981064, 0.13168884790568577, -0.04878171160817146, -0.9939530491828918, -0.09837451577186584, 0.25470797976016274, -0.04789005592465401, 0.1007060632109642, -0.9937629699707031, 2.684731251426066, 0.0, 0.0, 0.0, 1.0, 4.2647, 0.0, 0.5, 0.0, 4.2647, 0.5, 0.0, 0.0, 1.0]], ["14_mirror.png", [0.9976606369018555, 0.04376629367470741, 0.052513089030981064, -0.13168884790568577, 0.04878171160817146, -0.9939530491828918, -0.09837451577186584, 0.25470797976016274, 0.04789005592465401, 0.1007060632109642, -0.9937629699707031, 2.684731251426066, 0.0, 0.0, 0.0, 1.0, 4.2647, 0.0, 0.5, 0.0, 4.2647, 0.5, 0.0, 0.0, 1.0]], ["15.png", [0.9995319247245789, -0.026526080444455147, 0.015242920257151127, -0.03795437763890156, -0.02579568326473236, -0.9985960125923157, -0.046266213059425354, 0.11706625957351763, 0.01644878089427948, 0.04585135355591774, -0.9988128542900085, 2.697193904057977, 0.0, 0.0, 0.0, 1.0, 4.2647, 0.0, 0.5, 0.0, 4.2647, 0.5, 0.0, 0.0, 1.0]], ["15_mirror.png", [0.9995319247245789, 0.026526080444455147, -0.015242920257151127, 0.03795437763890156, 0.02579568326473236, -0.9985960125923157, -0.046266213059425354, 0.11706625957351763, -0.01644878089427948, 0.04585135355591774, -0.9988128542900085, 2.697193904057977, 0.0, 0.0, 0.0, 1.0, 4.2647, 0.0, 0.5, 0.0, 4.2647, 0.5, 0.0, 0.0, 1.0]], ["16.png", [0.997448742389679, -0.03717866167426109, 0.0609407052397728, -0.15309028099102576, -0.03182065486907959, -0.9957305192947388, -0.08664906024932861, 0.22394709525589823, 0.06390201300382614, 0.08448881655931473, -0.9943732619285583, 2.68633785373183, 0.0, 0.0, 0.0, 1.0, 4.2647, 0.0, 0.5, 0.0, 4.2647, 0.5, 0.0, 0.0, 1.0]], ["16_mirror.png", [0.997448742389679, 0.03717866167426109, -0.0609407052397728, 0.15309028099102576, 0.03182065486907959, -0.9957305192947388, -0.08664906024932861, 0.22394709525589823, -0.06390201300382614, 0.08448881655931473, -0.9943732619285583, 2.68633785373183, 0.0, 0.0, 0.0, 1.0, 4.2647, 0.0, 0.5, 0.0, 4.2647, 0.5, 0.0, 0.0, 1.0]], ["17.png", [0.9986259341239929, -0.04333078861236572, -0.029474295675754547, 0.07371145977445955, -0.04583309218287468, -0.9948574900627136, -0.09032124280929565, 0.22826313948497293, -0.0254090316593647, 0.09154802560806274, -0.9954764246940613, 2.689323810895665, 0.0, 0.0, 0.0, 1.0, 4.2647, 0.0, 0.5, 0.0, 4.2647, 0.5, 0.0, 0.0, 1.0]], ["17_mirror.png", [0.9986259341239929, 0.04333078861236572, 0.029474295675754547, -0.07371145977445955, 0.04583309218287468, -0.9948574900627136, -0.09032124280929565, 0.22826313948497293, 0.0254090316593647, 0.09154802560806274, -0.9954764246940613, 2.689323810895665, 0.0, 0.0, 0.0, 1.0, 4.2647, 0.0, 0.5, 0.0, 4.2647, 0.5, 0.0, 0.0, 1.0]], ["18.png", [0.9941664338111877, -0.004695570096373558, -0.10775447636842728, 0.27261630291800687, -0.014934488572180271, -0.9954212307929993, -0.09441182762384415, 0.2538977364103937, -0.10681777447462082, 0.09547033160924911, -0.9896844625473022, 2.674175815242707, 0.0, 0.0, 0.0, 1.0, 4.2647, 0.0, 0.5, 0.0, 4.2647, 0.5, 0.0, 0.0, 1.0]], ["18_mirror.png", [0.9941664338111877, 0.004695570096373558, 0.10775447636842728, -0.27261630291800687, 0.014934488572180271, -0.9954212307929993, -0.09441182762384415, 0.2538977364103937, 0.10681777447462082, 0.09547033160924911, -0.9896844625473022, 2.674175815242707, 0.0, 0.0, 0.0, 1.0, 4.2647, 0.0, 0.5, 0.0, 4.2647, 0.5, 0.0, 0.0, 1.0]], ["19.png", [0.9990362524986267, -0.034940849989652634, 0.026564396917819977, -0.0679438088353227, -0.032109584659338, -0.9944272637367249, -0.10041611641645432, 0.2603007123521914, 0.029924985021352768, 0.09946636855602264, -0.9945908188819885, 2.6865641957693644, 0.0, 0.0, 0.0, 1.0, 4.2647, 0.0, 0.5, 0.0, 4.2647, 0.5, 0.0, 0.0, 1.0]], ["19_mirror.png", [0.9990362524986267, 0.034940849989652634, -0.026564396917819977, 0.0679438088353227, 0.032109584659338, -0.9944272637367249, -0.10041611641645432, 0.2603007123521914, -0.029924985021352768, 0.09946636855602264, -0.9945908188819885, 2.6865641957693644, 0.0, 0.0, 0.0, 1.0, 4.2647, 0.0, 0.5, 0.0, 4.2647, 0.5, 0.0, 0.0, 1.0]], ["2.png", [0.9443151950836182, -0.28804320096969604, -0.15905950963497162, 0.40477659724715065, -0.3079351484775543, -0.9439712762832642, -0.11871860921382904, 0.3204428698318359, -0.1159515231847763, 0.16108781099319458, -0.9801050424575806, 2.650183441480034, 0.0, 0.0, 0.0, 1.0, 4.2647, 0.0, 0.5, 0.0, 4.2647, 0.5, 0.0, 0.0, 1.0]], ["2_mirror.png", [0.9443151950836182, 0.28804320096969604, 0.15905950963497162, -0.40477659724715065, 0.3079351484775543, -0.9439712762832642, -0.11871860921382904, 0.3204428698318359, 0.1159515231847763, 0.16108781099319458, -0.9801050424575806, 2.650183441480034, 0.0, 0.0, 0.0, 1.0, 4.2647, 0.0, 0.5, 0.0, 4.2647, 0.5, 0.0, 0.0, 1.0]], ["3.png", [0.9884597063064575, -0.04484094679355621, -0.14469482004642487, 0.37177885337081984, -0.0585515983402729, -0.9940423369407654, -0.09193208813667297, 0.23201845644701818, -0.1397104561328888, 0.09934328496456146, -0.9851963520050049, 2.664197425127166, 0.0, 0.0, 0.0, 1.0, 4.2647, 0.0, 0.5, 0.0, 4.2647, 0.5, 0.0, 0.0, 1.0]], ["3_mirror.png", [0.9884597063064575, 0.04484094679355621, 0.14469482004642487, -0.37177885337081984, 0.0585515983402729, -0.9940423369407654, -0.09193208813667297, 0.23201845644701818, 0.1397104561328888, 0.09934328496456146, -0.9851963520050049, 2.664197425127166, 0.0, 0.0, 0.0, 1.0, 4.2647, 0.0, 0.5, 0.0, 4.2647, 0.5, 0.0, 0.0, 1.0]], ["4.png", [0.9996089935302734, 0.024655118584632874, -0.013186021707952023, 0.03004244827085028, 0.024410884827375412, -0.9995331764221191, -0.01837306283414364, 0.04876218410970356, -0.01363285630941391, 0.01804399862885475, -0.9997442364692688, 2.699392468816409, 0.0, 0.0, 0.0, 1.0, 4.2647, 0.0, 0.5, 0.0, 4.2647, 0.5, 0.0, 0.0, 1.0]], ["4_mirror.png", [0.9996089935302734, -0.024655118584632874, 0.013186021707952023, -0.03004244827085028, -0.024410884827375412, -0.9995331764221191, -0.01837306283414364, 0.04876218410970356, 0.01363285630941391, 0.01804399862885475, -0.9997442364692688, 2.699392468816409, 0.0, 0.0, 0.0, 1.0, 4.2647, 0.0, 0.5, 0.0, 4.2647, 0.5, 0.0, 0.0, 1.0]], ["5.png", [0.9222443699836731, -0.016825398430228233, -0.3862413167953491, 0.9815127792750098, -0.04536885768175125, -0.9968596696853638, -0.06490401178598404, 0.15825096313073383, -0.38393634557724, 0.07738067954778671, -0.9201114773750305, 2.5102966551362096, 0.0, 0.0, 0.0, 1.0, 4.2647, 0.0, 0.5, 0.0, 4.2647, 0.5, 0.0, 0.0, 1.0]], ["5_mirror.png", [0.9222443699836731, 0.016825398430228233, 0.3862413167953491, -0.9815127792750098, 0.04536885768175125, -0.9968596696853638, -0.06490401178598404, 0.15825096313073383, 0.38393634557724, 0.07738067954778671, -0.9201114773750305, 2.5102966551362096, 0.0, 0.0, 0.0, 1.0, 4.2647, 0.0, 0.5, 0.0, 4.2647, 0.5, 0.0, 0.0, 1.0]], ["6.png", [0.9995209574699402, -0.028803149238228798, 0.011321676895022392, -0.02633516095626152, -0.027846544981002808, -0.9966338276863098, -0.07710756361484528, 0.21287519301018482, 0.013504507020115852, 0.0767553523182869, -0.9969584941864014, 2.691466256800981, 0.0, 0.0, 0.0, 1.0, 4.2647, 0.0, 0.5, 0.0, 4.2647, 0.5, 0.0, 0.0, 1.0]], ["6_mirror.png", [0.9995209574699402, 0.028803149238228798, -0.011321676895022392, 0.02633516095626152, 0.027846544981002808, -0.9966338276863098, -0.07710756361484528, 0.21287519301018482, -0.013504507020115852, 0.0767553523182869, -0.9969584941864014, 2.691466256800981, 0.0, 0.0, 0.0, 1.0, 4.2647, 0.0, 0.5, 0.0, 4.2647, 0.5, 0.0, 0.0, 1.0]], ["7.png", [0.9980149269104004, -0.058335594832897186, -0.023731712251901627, 0.06267049351223779, -0.05922149494290352, -0.9975014925003052, -0.03851780295372009, 0.10795661131432746, -0.021425459533929825, 0.03984677046537399, -0.9989761114120483, 2.69711285995163, 0.0, 0.0, 0.0, 1.0, 4.2647, 0.0, 0.5, 0.0, 4.2647, 0.5, 0.0, 0.0, 1.0]], ["7_mirror.png", [0.9980149269104004, 0.058335594832897186, 0.023731712251901627, -0.06267049351223779, 0.05922149494290352, -0.9975014925003052, -0.03851780295372009, 0.10795661131432746, 0.021425459533929825, 0.03984677046537399, -0.9989761114120483, 2.69711285995163, 0.0, 0.0, 0.0, 1.0, 4.2647, 0.0, 0.5, 0.0, 4.2647, 0.5, 0.0, 0.0, 1.0]], ["8.png", [0.9946739077568054, -0.042563170194625854, -0.09387359023094177, 0.23509124425815905, -0.053408119827508926, -0.9917864203453064, -0.11622107028961182, 0.303714937379798, -0.08815581351518631, 0.12061566859483719, -0.9887772798538208, 2.672543609314081, 0.0, 0.0, 0.0, 1.0, 4.2647, 0.0, 0.5, 0.0, 4.2647, 0.5, 0.0, 0.0, 1.0]], ["8_mirror.png", [0.9946739077568054, 0.042563170194625854, 0.09387359023094177, -0.23509124425815905, 0.053408119827508926, -0.9917864203453064, -0.11622107028961182, 0.303714937379798, 0.08815581351518631, 0.12061566859483719, -0.9887772798538208, 2.672543609314081, 0.0, 0.0, 0.0, 1.0, 4.2647, 0.0, 0.5, 0.0, 4.2647, 0.5, 0.0, 0.0, 1.0]], ["9.png", [0.9870281219482422, -0.09532616287469864, -0.12918339669704437, 0.32657884696647455, -0.10893615335226059, -0.9887256026268005, -0.10273477435112, 0.2599461682647228, -0.11793363094329834, 0.11547485738992691, -0.9862845540046692, 2.667540861227535, 0.0, 0.0, 0.0, 1.0, 4.2647, 0.0, 0.5, 0.0, 4.2647, 0.5, 0.0, 0.0, 1.0]], ["9_mirror.png", [0.9870281219482422, 0.09532616287469864, 0.12918339669704437, -0.32657884696647455, 0.10893615335226059, -0.9887256026268005, -0.10273477435112, 0.2599461682647228, 0.11793363094329834, 0.11547485738992691, -0.9862845540046692, 2.667540861227535, 0.0, 0.0, 0.0, 1.0, 4.2647, 0.0, 0.5, 0.0, 4.2647, 0.5, 0.0, 0.0, 1.0]]]}