{"labels": [["2_10.png", [0.8402276635169983, 0.13657499849796295, -0.5247520208358765, 1.3470167039997099, 0.0630209892988205, -0.985798180103302, -0.1556609719991684, 0.4040617917906852, -0.5385589599609375, 0.09772027283906937, -0.8369019627571106, 2.3048384037846685, 0.0, 0.0, 0.0, 1.0, 4.2647, 0.0, 0.5, 0.0, 4.2647, 0.5, 0.0, 0.0, 1.0]], ["2_1.png", [0.847338080406189, 0.20392721891403198, -0.49033862352371216, 1.2615211824112986, 0.06565441191196442, -0.956474781036377, -0.28433361649513245, 0.7299157069727218, -0.5269798636436462, 0.20873381197452545, -0.823846161365509, 2.272836854471106, 0.0, 0.0, 0.0, 1.0, 4.2647, 0.0, 0.5, 0.0, 4.2647, 0.5, 0.0, 0.0, 1.0]], ["2_18.png", [0.9012789130210876, 0.05587282031774521, -0.4296214282512665, 1.1066428034825504, -0.10747954994440079, -0.93181312084198, -0.3466588854789734, 0.9014460806787867, -0.4196957051753998, 0.3586118519306183, -0.8338183760643005, 2.2918849598374558, 0.0, 0.0, 0.0, 1.0, 4.2647, 0.0, 0.5, 0.0, 4.2647, 0.5, 0.0, 0.0, 1.0]]]}