{"labels": [["10_5.png", [0.9491093158721924, 0.003406246891245246, -0.3149283826351166, 0.7976464918663868, -0.04693537577986717, -0.9872456192970276, -0.15212857723236084, 0.39020410072071604, -0.31142985820770264, 0.15916793048381805, -0.9368442296981812, 2.549804077531053, 0.0, 0.0, 0.0, 1.0, 4.2647, 0.0, 0.5, 0.0, 4.2647, 0.5, 0.0, 0.0, 1.0]], ["12_1.png", [0.9459936618804932, -0.11771412938833237, 0.30205875635147095, -0.764409633862405, -0.10229036957025528, -0.9925332069396973, -0.06644117087125778, 0.16547945807627415, 0.3076243996620178, 0.03195521980524063, -0.9509711265563965, 2.5842396291004297, 0.0, 0.0, 0.0, 1.0, 4.2647, 0.0, 0.5, 0.0, 4.2647, 0.5, 0.0, 0.0, 1.0]], ["11_17.png", [0.9777305722236633, 0.024759620428085327, -0.20839829742908478, 0.525505400770652, 0.021976064890623093, -0.9996358156204224, -0.01566198281943798, 0.04326873778863245, -0.2087101936340332, 0.010733425617218018, -0.9779186248779297, 2.6480128190949257, 0.0, 0.0, 0.0, 1.0, 4.2647, 0.0, 0.5, 0.0, 4.2647, 0.5, 0.0, 0.0, 1.0]]]}