{"labels": [["6_0.png", [0.9748972654342651, 0.08314669877290726, 0.20654787123203278, -0.5280495063211731, 0.13115450739860535, -0.96408611536026, -0.2309468686580658, 0.5877756853200105, 0.17992746829986572, 0.2522391378879547, -0.9507899880409241, 2.5817984938063154, 0.0, 0.0, 0.0, 1.0, 4.2647, 0.0, 0.5, 0.0, 4.2647, 0.5, 0.0, 0.0, 1.0]], ["6_2.png", [0.9130688309669495, 0.03455224260687828, 0.4063390791416168, -1.0417445632849307, 0.10032130777835846, -0.9848149418830872, -0.1416863352060318, 0.36988247158799176, 0.39527323842048645, 0.17013384401798248, -0.9026702642440796, 2.4633219891192155, 0.0, 0.0, 0.0, 1.0, 4.2647, 0.0, 0.5, 0.0, 4.2647, 0.5, 0.0, 0.0, 1.0]], ["6_10.png", [0.9833409786224365, 0.10553987324237823, 0.1479928195476532, -0.3821081239202828, 0.12065546214580536, -0.9879276752471924, -0.09716480225324631, 0.25342952883175573, 0.1359514594078064, 0.11340226978063583, -0.9842038154602051, 2.6607831282444345, 0.0, 0.0, 0.0, 1.0, 4.2647, 0.0, 0.5, 0.0, 4.2647, 0.5, 0.0, 0.0, 1.0]]]}