{"labels": [["4_6.png", [0.9986312985420227, 0.006244463846087456, 0.0519280806183815, -0.13441944695813057, 0.009967202320694923, -0.9973733425140381, -0.0717434361577034, 0.1938839457584357, 0.051343679428100586, 0.07216281443834305, -0.9960704445838928, 2.6896729220960327, 0.0, 0.0, 0.0, 1.0, 4.2647, 0.0, 0.5, 0.0, 4.2647, 0.5, 0.0, 0.0, 1.0]], ["3_6.png", [0.996214747428894, -0.061676204204559326, 0.06125444918870926, -0.15949377136751353, -0.05956869199872017, -0.9975871443748474, -0.03565744310617447, 0.09121325948428942, 0.06330586224794388, 0.03187362477183342, -0.9974850416183472, 2.6937412418770332, 0.0, 0.0, 0.0, 1.0, 4.2647, 0.0, 0.5, 0.0, 4.2647, 0.5, 0.0, 0.0, 1.0]], ["4_14.png", [0.9864799976348877, -0.01955568976700306, 0.16271066665649414, -0.41435426068232606, -0.012882726266980171, -0.9990359544754028, -0.041965823620557785, 0.11325707422874164, 0.16337448358535767, 0.0393022857606411, -0.9857809543609619, 2.665611258565575, 0.0, 0.0, 0.0, 1.0, 4.2647, 0.0, 0.5, 0.0, 4.2647, 0.5, 0.0, 0.0, 1.0]]]}