{"labels": [["0.png", [0.9014778137207031, 0.06556377559900284, 0.42783066630363464, -1.0965037764646484, 0.0967625305056572, -0.9939708709716797, -0.05156430974602699, 0.14215587675889996, 0.42187047004699707, 0.08788205683231354, -0.9023868441581726, 2.4632237362654807, 0.0, 0.0, 0.0, 1.0, 4.2647, 0.0, 0.5, 0.0, 4.2647, 0.5, 0.0, 0.0, 1.0]], ["0_mirror.png", [0.9014778137207031, -0.06556377559900284, -0.42783066630363464, 1.0965037764646484, -0.0967625305056572, -0.9939708709716797, -0.05156430974602699, 0.14215587675889996, -0.42187047004699707, 0.08788205683231354, -0.9023868441581726, 2.4632237362654807, 0.0, 0.0, 0.0, 1.0, 4.2647, 0.0, 0.5, 0.0, 4.2647, 0.5, 0.0, 0.0, 1.0]], ["1.png", [0.7179898023605347, -0.05258074402809143, -0.694064736366272, 1.7956629359711302, -0.045979879796504974, -0.9985474944114685, 0.028082797303795815, -0.06527024064724321, -0.6945332288742065, 0.011749852448701859, -0.7193646430969238, 2.015275270543801, 0.0, 0.0, 0.0, 1.0, 4.2647, 0.0, 0.5, 0.0, 4.2647, 0.5, 0.0, 0.0, 1.0]], ["1_mirror.png", [0.7179898023605347, 0.05258074402809143, 0.694064736366272, -1.7956629359711302, 0.045979879796504974, -0.9985474944114685, 0.028082797303795815, -0.06527024064724321, 0.6945332288742065, 0.011749852448701859, -0.7193646430969238, 2.015275270543801, 0.0, 0.0, 0.0, 1.0, 4.2647, 0.0, 0.5, 0.0, 4.2647, 0.5, 0.0, 0.0, 1.0]], ["10.png", [0.9319835901260376, -0.1033397987484932, 0.3474586308002472, -0.8917778748738395, -0.04618891328573227, -0.9845455884933472, -0.16892783343791962, 0.44299105820657586, 0.35954582691192627, 0.14138922095298767, -0.9223534464836121, 2.5096794903402544, 0.0, 0.0, 0.0, 1.0, 4.2647, 0.0, 0.5, 0.0, 4.2647, 0.5, 0.0, 0.0, 1.0]], ["10_mirror.png", [0.9319835901260376, 0.1033397987484932, -0.3474586308002472, 0.8917778748738395, 0.04618891328573227, -0.9845455884933472, -0.16892783343791962, 0.44299105820657586, -0.35954582691192627, 0.14138922095298767, -0.9223534464836121, 2.5096794903402544, 0.0, 0.0, 0.0, 1.0, 4.2647, 0.0, 0.5, 0.0, 4.2647, 0.5, 0.0, 0.0, 1.0]], ["11.png", [0.9681071639060974, -0.24287311732769012, 0.061491772532463074, -0.15277415827990476, -0.23645542562007904, -0.9668723344802856, -0.09616062790155411, 0.258412491393574, 0.08280952274799347, 0.07855372130870819, -0.9934646487236023, 2.683259778861084, 0.0, 0.0, 0.0, 1.0, 4.2647, 0.0, 0.5, 0.0, 4.2647, 0.5, 0.0, 0.0, 1.0]], ["11_mirror.png", [0.9681071639060974, 0.24287311732769012, -0.061491772532463074, 0.15277415827990476, 0.23645542562007904, -0.9668723344802856, -0.09616062790155411, 0.258412491393574, -0.08280952274799347, 0.07855372130870819, -0.9934646487236023, 2.683259778861084, 0.0, 0.0, 0.0, 1.0, 4.2647, 0.0, 0.5, 0.0, 4.2647, 0.5, 0.0, 0.0, 1.0]], ["12.png", [0.8933956623077393, 0.007793240249156952, 0.44920316338539124, -1.146832033909286, 0.020729977637529373, -0.9994996786117554, -0.02388836443424225, 0.07117924275223701, 0.4487922787666321, 0.030653731897473335, -0.8931102156639099, 2.443298958662388, 0.0, 0.0, 0.0, 1.0, 4.2647, 0.0, 0.5, 0.0, 4.2647, 0.5, 0.0, 0.0, 1.0]], ["12_mirror.png", [0.8933956623077393, -0.007793240249156952, -0.44920316338539124, 1.146832033909286, -0.020729977637529373, -0.9994996786117554, -0.02388836443424225, 0.07117924275223701, -0.4487922787666321, 0.030653731897473335, -0.8931102156639099, 2.443298958662388, 0.0, 0.0, 0.0, 1.0, 4.2647, 0.0, 0.5, 0.0, 4.2647, 0.5, 0.0, 0.0, 1.0]], ["13.png", [0.759861946105957, 0.001206770888529718, -0.6500833630561829, 1.675549843207482, -0.0028225660789757967, -0.9999827742576599, -0.00515550933778286, 0.012613181286193128, -0.6500783562660217, 0.005752379074692726, -0.7598454356193542, 2.117161692121135, 0.0, 0.0, 0.0, 1.0, 4.2647, 0.0, 0.5, 0.0, 4.2647, 0.5, 0.0, 0.0, 1.0]], ["13_mirror.png", [0.759861946105957, -0.001206770888529718, 0.6500833630561829, -1.675549843207482, 0.0028225660789757967, -0.9999827742576599, -0.00515550933778286, 0.012613181286193128, 0.6500783562660217, 0.005752379074692726, -0.7598454356193542, 2.117161692121135, 0.0, 0.0, 0.0, 1.0, 4.2647, 0.0, 0.5, 0.0, 4.2647, 0.5, 0.0, 0.0, 1.0]], ["14.png", [0.9858579039573669, -0.16155973076820374, -0.04452646151185036, 0.11723916569074314, -0.1664239913225174, -0.9750462770462036, -0.1469281017780304, 0.38325419595323235, -0.019677696749567986, 0.15226049721240997, -0.9881444573402405, 2.6700882381135607, 0.0, 0.0, 0.0, 1.0, 4.2647, 0.0, 0.5, 0.0, 4.2647, 0.5, 0.0, 0.0, 1.0]], ["14_mirror.png", [0.9858579039573669, 0.16155973076820374, 0.04452646151185036, -0.11723916569074314, 0.1664239913225174, -0.9750462770462036, -0.1469281017780304, 0.38325419595323235, 0.019677696749567986, 0.15226049721240997, -0.9881444573402405, 2.6700882381135607, 0.0, 0.0, 0.0, 1.0, 4.2647, 0.0, 0.5, 0.0, 4.2647, 0.5, 0.0, 0.0, 1.0]], ["15.png", [0.978330135345459, -0.1087464690208435, 0.176193967461586, -0.4486192399995382, -0.08391709625720978, -0.9861987233161926, -0.1427234262228012, 0.37411257624465893, 0.18928292393684387, 0.12484493851661682, -0.9739536643028259, 2.6360539747504834, 0.0, 0.0, 0.0, 1.0, 4.2647, 0.0, 0.5, 0.0, 4.2647, 0.5, 0.0, 0.0, 1.0]], ["15_mirror.png", [0.978330135345459, 0.1087464690208435, -0.176193967461586, 0.4486192399995382, 0.08391709625720978, -0.9861987233161926, -0.1427234262228012, 0.37411257624465893, -0.18928292393684387, 0.12484493851661682, -0.9739536643028259, 2.6360539747504834, 0.0, 0.0, 0.0, 1.0, 4.2647, 0.0, 0.5, 0.0, 4.2647, 0.5, 0.0, 0.0, 1.0]], ["16.png", [0.9474132061004639, -0.22266480326652527, -0.22984476387500763, 0.5882744679044956, -0.2284747213125229, -0.9735488295555115, 0.0013708678307011724, 0.005802805376979828, -0.22407035529613495, 0.05121494457125664, -0.9732263088226318, 2.6351279813059247, 0.0, 0.0, 0.0, 1.0, 4.2647, 0.0, 0.5, 0.0, 4.2647, 0.5, 0.0, 0.0, 1.0]], ["16_mirror.png", [0.9474132061004639, 0.22266480326652527, 0.22984476387500763, -0.5882744679044956, 0.2284747213125229, -0.9735488295555115, 0.0013708678307011724, 0.005802805376979828, 0.22407035529613495, 0.05121494457125664, -0.9732263088226318, 2.6351279813059247, 0.0, 0.0, 0.0, 1.0, 4.2647, 0.0, 0.5, 0.0, 4.2647, 0.5, 0.0, 0.0, 1.0]], ["17.png", [0.9319777488708496, -0.07215863466262817, 0.3552613854408264, -0.9064489749010185, -0.010979034006595612, -0.9851581454277039, -0.17129766941070557, 0.44409975059528783, 0.3623492419719696, 0.15574517846107483, -0.9189376831054688, 2.504221569155193, 0.0, 0.0, 0.0, 1.0, 4.2647, 0.0, 0.5, 0.0, 4.2647, 0.5, 0.0, 0.0, 1.0]], ["17_mirror.png", [0.9319777488708496, 0.07215863466262817, -0.3552613854408264, 0.9064489749010185, 0.010979034006595612, -0.9851581454277039, -0.17129766941070557, 0.44409975059528783, -0.3623492419719696, 0.15574517846107483, -0.9189376831054688, 2.504221569155193, 0.0, 0.0, 0.0, 1.0, 4.2647, 0.0, 0.5, 0.0, 4.2647, 0.5, 0.0, 0.0, 1.0]], ["18.png", [0.9597358703613281, -0.17046105861663818, 0.22327136993408203, -0.5711024026795014, -0.16289934515953064, -0.9852713942527771, -0.05199979990720749, 0.13817485057315732, 0.22884683310985565, 0.013535309582948685, -0.9733683466911316, 2.6352893116928904, 0.0, 0.0, 0.0, 1.0, 4.2647, 0.0, 0.5, 0.0, 4.2647, 0.5, 0.0, 0.0, 1.0]], ["18_mirror.png", [0.9597358703613281, 0.17046105861663818, -0.22327136993408203, 0.5711024026795014, 0.16289934515953064, -0.9852713942527771, -0.05199979990720749, 0.13817485057315732, -0.22884683310985565, 0.013535309582948685, -0.9733683466911316, 2.6352893116928904, 0.0, 0.0, 0.0, 1.0, 4.2647, 0.0, 0.5, 0.0, 4.2647, 0.5, 0.0, 0.0, 1.0]], ["19.png", [0.9881081581115723, -0.05657327175140381, -0.1429746001958847, 0.3696999461261945, -0.06859217584133148, -0.9943852424621582, -0.08057976514101028, 0.21079094853873082, -0.13761316239833832, 0.08942845463752747, -0.9864406585693359, 2.6662500118796872, 0.0, 0.0, 0.0, 1.0, 4.2647, 0.0, 0.5, 0.0, 4.2647, 0.5, 0.0, 0.0, 1.0]], ["19_mirror.png", [0.9881081581115723, 0.05657327175140381, 0.1429746001958847, -0.3696999461261945, 0.06859217584133148, -0.9943852424621582, -0.08057976514101028, 0.21079094853873082, 0.13761316239833832, 0.08942845463752747, -0.9864406585693359, 2.6662500118796872, 0.0, 0.0, 0.0, 1.0, 4.2647, 0.0, 0.5, 0.0, 4.2647, 0.5, 0.0, 0.0, 1.0]], ["2.png", [0.6806483864784241, -0.06515925377607346, -0.7297068238258362, 1.8884129085436534, 0.006533414125442505, -0.9954573512077332, 0.09498364478349686, -0.2399121446754085, -0.7325810790061951, -0.06941793113946915, -0.6771307587623596, 1.9147686151812038, 0.0, 0.0, 0.0, 1.0, 4.2647, 0.0, 0.5, 0.0, 4.2647, 0.5, 0.0, 0.0, 1.0]], ["2_mirror.png", [0.6806483864784241, 0.06515925377607346, 0.7297068238258362, -1.8884129085436534, -0.006533414125442505, -0.9954573512077332, 0.09498364478349686, -0.2399121446754085, 0.7325810790061951, -0.06941793113946915, -0.6771307587623596, 1.9147686151812038, 0.0, 0.0, 0.0, 1.0, 4.2647, 0.0, 0.5, 0.0, 4.2647, 0.5, 0.0, 0.0, 1.0]], ["3.png", [0.933677077293396, 0.1104695200920105, 0.3406517505645752, -0.867141773096536, 0.13569395244121552, -0.9894344210624695, -0.05105504021048546, 0.13661880658225134, 0.33141252398490906, 0.09389330446720123, -0.9388023018836975, 2.553311662731175, 0.0, 0.0, 0.0, 1.0, 4.2647, 0.0, 0.5, 0.0, 4.2647, 0.5, 0.0, 0.0, 1.0]], ["3_mirror.png", [0.933677077293396, -0.1104695200920105, -0.3406517505645752, 0.867141773096536, -0.13569395244121552, -0.9894344210624695, -0.05105504021048546, 0.13661880658225134, -0.33141252398490906, 0.09389330446720123, -0.9388023018836975, 2.553311662731175, 0.0, 0.0, 0.0, 1.0, 4.2647, 0.0, 0.5, 0.0, 4.2647, 0.5, 0.0, 0.0, 1.0]], ["4.png", [0.7748778462409973, -0.24613317847251892, -0.5822222828865051, 1.4943624544268774, -0.22753480076789856, -0.9679427742958069, 0.10637029260396957, -0.26146387323113546, -0.5897391438484192, 0.05005185306072235, -0.8060413002967834, 2.233498936152478, 0.0, 0.0, 0.0, 1.0, 4.2647, 0.0, 0.5, 0.0, 4.2647, 0.5, 0.0, 0.0, 1.0]], ["4_mirror.png", [0.7748778462409973, 0.24613317847251892, 0.5822222828865051, -1.4943624544268774, 0.22753480076789856, -0.9679427742958069, 0.10637029260396957, -0.26146387323113546, 0.5897391438484192, 0.05005185306072235, -0.8060413002967834, 2.233498936152478, 0.0, 0.0, 0.0, 1.0, 4.2647, 0.0, 0.5, 0.0, 4.2647, 0.5, 0.0, 0.0, 1.0]], ["5.png", [0.8190545439720154, 0.022982701659202576, 0.5732550621032715, -1.4715109826646768, 0.02089797332882881, -0.999729335308075, 0.010222155600786209, -0.015805269489978135, 0.5733348727226257, 0.003607364371418953, -0.8193131685256958, 2.263715004445919, 0.0, 0.0, 0.0, 1.0, 4.2647, 0.0, 0.5, 0.0, 4.2647, 0.5, 0.0, 0.0, 1.0]], ["5_mirror.png", [0.8190545439720154, -0.022982701659202576, -0.5732550621032715, 1.4715109826646768, -0.02089797332882881, -0.999729335308075, 0.010222155600786209, -0.015805269489978135, -0.5733348727226257, 0.003607364371418953, -0.8193131685256958, 2.263715004445919, 0.0, 0.0, 0.0, 1.0, 4.2647, 0.0, 0.5, 0.0, 4.2647, 0.5, 0.0, 0.0, 1.0]], ["6.png", [0.9349132776260376, 0.02843775600194931, 0.3537348806858063, -0.9062568380729844, 0.04177367687225342, -0.9986729621887207, -0.030120715498924255, 0.08696119796885288, 0.35240891575813293, 0.04293706640601158, -0.9348606467247009, 2.5418765299466806, 0.0, 0.0, 0.0, 1.0, 4.2647, 0.0, 0.5, 0.0, 4.2647, 0.5, 0.0, 0.0, 1.0]], ["6_mirror.png", [0.9349132776260376, -0.02843775600194931, -0.3537348806858063, 0.9062568380729844, -0.04177367687225342, -0.9986729621887207, -0.030120715498924255, 0.08696119796885288, -0.35240891575813293, 0.04293706640601158, -0.9348606467247009, 2.5418765299466806, 0.0, 0.0, 0.0, 1.0, 4.2647, 0.0, 0.5, 0.0, 4.2647, 0.5, 0.0, 0.0, 1.0]], ["7.png", [0.9693557620048523, -0.2099001109600067, -0.12763763964176178, 0.3267777429647372, -0.20507213473320007, -0.9774684906005859, 0.05000792443752289, -0.12308369139614803, -0.13525843620300293, -0.022300543263554573, -0.9905593991279602, 2.677324543572402, 0.0, 0.0, 0.0, 1.0, 4.2647, 0.0, 0.5, 0.0, 4.2647, 0.5, 0.0, 0.0, 1.0]], ["7_mirror.png", [0.9693557620048523, 0.2099001109600067, 0.12763763964176178, -0.3267777429647372, 0.20507213473320007, -0.9774684906005859, 0.05000792443752289, -0.12308369139614803, 0.13525843620300293, -0.022300543263554573, -0.9905593991279602, 2.677324543572402, 0.0, 0.0, 0.0, 1.0, 4.2647, 0.0, 0.5, 0.0, 4.2647, 0.5, 0.0, 0.0, 1.0]], ["8.png", [0.8226513862609863, -0.07791958749294281, -0.5631812810897827, 1.4519201359972629, -0.08354455232620239, -0.996378481388092, 0.015819692984223366, -0.03272881199089442, -0.5623743534088135, 0.03403663635253906, -0.8261818885803223, 2.2761495433190135, 0.0, 0.0, 0.0, 1.0, 4.2647, 0.0, 0.5, 0.0, 4.2647, 0.5, 0.0, 0.0, 1.0]], ["8_mirror.png", [0.8226513862609863, 0.07791958749294281, 0.5631812810897827, -1.4519201359972629, 0.08354455232620239, -0.996378481388092, 0.015819692984223366, -0.03272881199089442, 0.5623743534088135, 0.03403663635253906, -0.8261818885803223, 2.2761495433190135, 0.0, 0.0, 0.0, 1.0, 4.2647, 0.0, 0.5, 0.0, 4.2647, 0.5, 0.0, 0.0, 1.0]], ["9.png", [0.9996584057807922, -0.006693174131214619, -0.025264399126172066, 0.06789070321796481, -0.008293556049466133, -0.9979293942451477, -0.06378177553415298, 0.1688713461393914, -0.024785183370113373, 0.06396951526403427, -0.9976440072059631, 2.6938584448462843, 0.0, 0.0, 0.0, 1.0, 4.2647, 0.0, 0.5, 0.0, 4.2647, 0.5, 0.0, 0.0, 1.0]], ["9_mirror.png", [0.9996584057807922, 0.006693174131214619, 0.025264399126172066, -0.06789070321796481, 0.008293556049466133, -0.9979293942451477, -0.06378177553415298, 0.1688713461393914, 0.024785183370113373, 0.06396951526403427, -0.9976440072059631, 2.6938584448462843, 0.0, 0.0, 0.0, 1.0, 4.2647, 0.0, 0.5, 0.0, 4.2647, 0.5, 0.0, 0.0, 1.0]]]}