{"labels": [["6_6.png", [0.8877137899398804, -0.1636451929807663, 0.43033066391944885, -1.0984036904772232, -0.18016673624515533, -0.9836331605911255, -0.002394287381321192, 0.014421657516574185, 0.42367932200431824, -0.07540583610534668, -0.9026681780815125, 2.466434947153582, 0.0, 0.0, 0.0, 1.0, 4.2647, 0.0, 0.5, 0.0, 4.2647, 0.5, 0.0, 0.0, 1.0]], ["2_8.png", [0.9814050793647766, -0.17793060839176178, -0.07200590521097183, 0.18529977242527007, -0.17760226130485535, -0.9840409755706787, 0.010988797061145306, -0.01644286287930051, -0.07281200587749481, 0.0020039500668644905, -0.9973437190055847, 2.693583788672533, 0.0, 0.0, 0.0, 1.0, 4.2647, 0.0, 0.5, 0.0, 4.2647, 0.5, 0.0, 0.0, 1.0]], ["4_10.png", [0.9407932162284851, -0.030840136110782623, 0.33757519721984863, -0.8665223867190498, 0.0181221142411232, -0.9898529648780823, -0.14093559980392456, 0.36595267175878027, 0.33849626779556274, 0.13870882987976074, -0.9306879639625549, 2.5308531358708537, 0.0, 0.0, 0.0, 1.0, 4.2647, 0.0, 0.5, 0.0, 4.2647, 0.5, 0.0, 0.0, 1.0]]]}