{"labels": [["0_13.png", [0.9994491338729858, -0.03305289149284363, -0.0029860215727239847, 0.0052058352234883466, -0.03317772224545479, -0.9929189085960388, -0.11406714469194412, 0.2924828035217158, 0.0008053716737776995, 0.11410337686538696, -0.9934685230255127, 2.6841063147579876, 0.0, 0.0, 0.0, 1.0, 4.2647, 0.0, 0.5, 0.0, 4.2647, 0.5, 0.0, 0.0, 1.0]], ["1_13.png", [0.9920929670333862, -0.012557360343635082, 0.1248752549290657, -0.31599504932816064, -0.008081963285803795, -0.9993089437484741, -0.03628120198845863, 0.09322086260015587, 0.12524454295635223, 0.03498509153723717, -0.9915088415145874, 2.679824061310029, 0.0, 0.0, 0.0, 1.0, 4.2647, 0.0, 0.5, 0.0, 4.2647, 0.5, 0.0, 0.0, 1.0]], ["0_10.png", [0.9974795579910278, -0.0628928616642952, 0.03284787759184837, -0.08533879952487018, -0.05851103365421295, -0.9909745454788208, -0.1206064447760582, 0.30708083240363554, 0.04013669490814209, 0.11838050186634064, -0.9921567440032959, 2.6811226476358643, 0.0, 0.0, 0.0, 1.0, 4.2647, 0.0, 0.5, 0.0, 4.2647, 0.5, 0.0, 0.0, 1.0]]]}