{"labels": [["0_0.png", [0.9995988607406616, -0.025663143023848534, 0.011981670744717121, -0.032545831920591295, -0.023981135338544846, -0.9919891357421875, -0.12402632087469101, 0.32969631638451014, 0.015068592503666878, 0.12368924170732498, -0.9922065734863281, 2.6795971913306453, 0.0, 0.0, 0.0, 1.0, 4.2647, 0.0, 0.5, 0.0, 4.2647, 0.5, 0.0, 0.0, 1.0]], ["0_0_mirror.png", [0.9995988607406616, 0.025663143023848534, -0.011981670744717121, 0.032545831920591295, 0.023981135338544846, -0.9919891357421875, -0.12402632087469101, 0.32969631638451014, -0.015068592503666878, 0.12368924170732498, -0.9922065734863281, 2.6795971913306453, 0.0, 0.0, 0.0, 1.0, 4.2647, 0.0, 0.5, 0.0, 4.2647, 0.5, 0.0, 0.0, 1.0]], ["0_1.png", [0.9996391534805298, 0.003539709374308586, -0.026628725230693817, 0.06787652600600004, 0.00014348234981298447, -0.991969883441925, -0.12647448480129242, 0.3270769079747719, -0.026862576603889465, 0.12642502784729004, -0.991612434387207, 2.679256141821274, 0.0, 0.0, 0.0, 1.0, 4.2647, 0.0, 0.5, 0.0, 4.2647, 0.5, 0.0, 0.0, 1.0]], ["0_1_mirror.png", [0.9996391534805298, -0.003539709374308586, 0.026628725230693817, -0.06787652600600004, -0.00014348234981298447, -0.991969883441925, -0.12647448480129242, 0.3270769079747719, 0.026862576603889465, 0.12642502784729004, -0.991612434387207, 2.679256141821274, 0.0, 0.0, 0.0, 1.0, 4.2647, 0.0, 0.5, 0.0, 4.2647, 0.5, 0.0, 0.0, 1.0]], ["0_10.png", [0.9974795579910278, -0.0628928616642952, 0.03284787759184837, -0.08533879952487018, -0.05851103365421295, -0.9909745454788208, -0.1206064447760582, 0.30708083240363554, 0.04013669490814209, 0.11838050186634064, -0.9921567440032959, 2.6811226476358643, 0.0, 0.0, 0.0, 1.0, 4.2647, 0.0, 0.5, 0.0, 4.2647, 0.5, 0.0, 0.0, 1.0]], ["0_10_mirror.png", [0.9974795579910278, 0.0628928616642952, -0.03284787759184837, 0.08533879952487018, 0.05851103365421295, -0.9909745454788208, -0.1206064447760582, 0.30708083240363554, -0.04013669490814209, 0.11838050186634064, -0.9921567440032959, 2.6811226476358643, 0.0, 0.0, 0.0, 1.0, 4.2647, 0.0, 0.5, 0.0, 4.2647, 0.5, 0.0, 0.0, 1.0]], ["0_11.png", [0.9791061878204346, -0.19447097182273865, 0.05943144112825394, -0.15140458665963716, -0.1860281378030777, -0.9746312499046326, -0.12444877624511719, 0.32073031445824873, 0.08212541043758392, 0.11079265922307968, -0.9904444813728333, 2.6766039521240224, 0.0, 0.0, 0.0, 1.0, 4.2647, 0.0, 0.5, 0.0, 4.2647, 0.5, 0.0, 0.0, 1.0]], ["0_11_mirror.png", [0.9791061878204346, 0.19447097182273865, -0.05943144112825394, 0.15140458665963716, 0.1860281378030777, -0.9746312499046326, -0.12444877624511719, 0.32073031445824873, -0.08212541043758392, 0.11079265922307968, -0.9904444813728333, 2.6766039521240224, 0.0, 0.0, 0.0, 1.0, 4.2647, 0.0, 0.5, 0.0, 4.2647, 0.5, 0.0, 0.0, 1.0]], ["0_12.png", [0.9950141310691833, 0.026588154956698418, 0.09612463414669037, -0.2446517854027772, 0.036583490669727325, -0.9939287900924683, -0.1037648618221283, 0.2644446650987769, 0.09278212487697601, 0.10676407814025879, -0.9899458885192871, 2.6758577172562874, 0.0, 0.0, 0.0, 1.0, 4.2647, 0.0, 0.5, 0.0, 4.2647, 0.5, 0.0, 0.0, 1.0]], ["0_12_mirror.png", [0.9950141310691833, -0.026588154956698418, -0.09612463414669037, 0.2446517854027772, -0.036583490669727325, -0.9939287900924683, -0.1037648618221283, 0.2644446650987769, -0.09278212487697601, 0.10676407814025879, -0.9899458885192871, 2.6758577172562874, 0.0, 0.0, 0.0, 1.0, 4.2647, 0.0, 0.5, 0.0, 4.2647, 0.5, 0.0, 0.0, 1.0]], ["0_13.png", [0.9994491338729858, -0.03305289149284363, -0.0029860215727239847, 0.0052058352234883466, -0.03317772224545479, -0.9929189085960388, -0.11406714469194412, 0.2924828035217158, 0.0008053716737776995, 0.11410337686538696, -0.9934685230255127, 2.6841063147579876, 0.0, 0.0, 0.0, 1.0, 4.2647, 0.0, 0.5, 0.0, 4.2647, 0.5, 0.0, 0.0, 1.0]], ["0_13_mirror.png", [0.9994491338729858, 0.03305289149284363, 0.0029860215727239847, -0.0052058352234883466, 0.03317772224545479, -0.9929189085960388, -0.11406714469194412, 0.2924828035217158, -0.0008053716737776995, 0.11410337686538696, -0.9934685230255127, 2.6841063147579876, 0.0, 0.0, 0.0, 1.0, 4.2647, 0.0, 0.5, 0.0, 4.2647, 0.5, 0.0, 0.0, 1.0]], ["0_14.png", [0.9801117181777954, -0.042259301990270615, 0.19389498233795166, -0.49312070480310055, -0.01855851337313652, -0.9922998547554016, -0.12246053665876389, 0.3144496618919769, 0.1975770741701126, 0.11642660200595856, -0.9733489155769348, 2.635897073223936, 0.0, 0.0, 0.0, 1.0, 4.2647, 0.0, 0.5, 0.0, 4.2647, 0.5, 0.0, 0.0, 1.0]], ["0_14_mirror.png", [0.9801117181777954, 0.042259301990270615, -0.19389498233795166, 0.49312070480310055, 0.01855851337313652, -0.9922998547554016, -0.12246053665876389, 0.3144496618919769, -0.1975770741701126, 0.11642660200595856, -0.9733489155769348, 2.635897073223936, 0.0, 0.0, 0.0, 1.0, 4.2647, 0.0, 0.5, 0.0, 4.2647, 0.5, 0.0, 0.0, 1.0]], ["0_15.png", [0.9717395901679993, -0.026239046826958656, 0.23459278047084808, -0.5934064217942493, 0.005358552560210228, -0.9910949468612671, -0.13304971158504486, 0.34267434408054104, 0.23599480092525482, 0.13054673373699188, -0.9629455208778381, 2.611597808331581, 0.0, 0.0, 0.0, 1.0, 4.2647, 0.0, 0.5, 0.0, 4.2647, 0.5, 0.0, 0.0, 1.0]], ["0_15_mirror.png", [0.9717395901679993, 0.026239046826958656, -0.23459278047084808, 0.5934064217942493, -0.005358552560210228, -0.9910949468612671, -0.13304971158504486, 0.34267434408054104, -0.23599480092525482, 0.13054673373699188, -0.9629455208778381, 2.611597808331581, 0.0, 0.0, 0.0, 1.0, 4.2647, 0.0, 0.5, 0.0, 4.2647, 0.5, 0.0, 0.0, 1.0]], ["0_16.png", [0.9976580739021301, -0.03759598359465599, 0.05713905394077301, -0.14505486674155924, -0.0294673889875412, -0.9901358485221863, -0.13697725534439087, 0.35158731300448465, 0.06172522157430649, 0.1349727213382721, -0.9889248609542847, 2.6730778976619587, 0.0, 0.0, 0.0, 1.0, 4.2647, 0.0, 0.5, 0.0, 4.2647, 0.5, 0.0, 0.0, 1.0]], ["0_16_mirror.png", [0.9976580739021301, 0.03759598359465599, -0.05713905394077301, 0.14505486674155924, 0.0294673889875412, -0.9901358485221863, -0.13697725534439087, 0.35158731300448465, -0.06172522157430649, 0.1349727213382721, -0.9889248609542847, 2.6730778976619587, 0.0, 0.0, 0.0, 1.0, 4.2647, 0.0, 0.5, 0.0, 4.2647, 0.5, 0.0, 0.0, 1.0]], ["0_17.png", [0.999943196773529, -0.010136261582374573, -0.003301768098026514, 0.006721978830365607, -0.010377997532486916, -0.996405839920044, -0.08406943827867508, 0.21938023770092982, -0.0024377512745559216, 0.0840989202260971, -0.9964544177055359, 2.6910643110685575, 0.0, 0.0, 0.0, 1.0, 4.2647, 0.0, 0.5, 0.0, 4.2647, 0.5, 0.0, 0.0, 1.0]], ["0_17_mirror.png", [0.999943196773529, 0.010136261582374573, 0.003301768098026514, -0.006721978830365607, 0.010377997532486916, -0.996405839920044, -0.08406943827867508, 0.21938023770092982, 0.0024377512745559216, 0.0840989202260971, -0.9964544177055359, 2.6910643110685575, 0.0, 0.0, 0.0, 1.0, 4.2647, 0.0, 0.5, 0.0, 4.2647, 0.5, 0.0, 0.0, 1.0]], ["0_18.png", [0.9997323751449585, -0.0022761996369808912, 0.02302369847893715, -0.059367252298128594, -0.0008850452722981572, -0.9981827139854431, -0.060253337025642395, 0.15451199673865673, 0.023119006305933, 0.06021683290600777, -0.9979175329208374, 2.69492144082502, 0.0, 0.0, 0.0, 1.0, 4.2647, 0.0, 0.5, 0.0, 4.2647, 0.5, 0.0, 0.0, 1.0]], ["0_18_mirror.png", [0.9997323751449585, 0.0022761996369808912, -0.02302369847893715, 0.059367252298128594, 0.0008850452722981572, -0.9981827139854431, -0.060253337025642395, 0.15451199673865673, -0.023119006305933, 0.06021683290600777, -0.9979175329208374, 2.69492144082502, 0.0, 0.0, 0.0, 1.0, 4.2647, 0.0, 0.5, 0.0, 4.2647, 0.5, 0.0, 0.0, 1.0]], ["0_19.png", [0.9991254806518555, -0.041384708136320114, -0.005960427224636078, 0.013344248591771402, -0.041766274720430374, -0.9944916367530823, -0.09613525867462158, 0.24392597466468852, -0.0019490658305585384, 0.09630013257265091, -0.9953504204750061, 2.6889258171086468, 0.0, 0.0, 0.0, 1.0, 4.2647, 0.0, 0.5, 0.0, 4.2647, 0.5, 0.0, 0.0, 1.0]], ["0_19_mirror.png", [0.9991254806518555, 0.041384708136320114, 0.005960427224636078, -0.013344248591771402, 0.041766274720430374, -0.9944916367530823, -0.09613525867462158, 0.24392597466468852, 0.0019490658305585384, 0.09630013257265091, -0.9953504204750061, 2.6889258171086468, 0.0, 0.0, 0.0, 1.0, 4.2647, 0.0, 0.5, 0.0, 4.2647, 0.5, 0.0, 0.0, 1.0]], ["0_2.png", [0.9975720047950745, -0.06833107024431229, 0.013449840247631073, -0.03624369489867626, -0.0666339248418808, -0.9926601648330688, -0.10092334449291229, 0.26305866788064286, 0.02024732157588005, 0.09978209435939789, -0.994803249835968, 2.686910220277736, 0.0, 0.0, 0.0, 1.0, 4.2647, 0.0, 0.5, 0.0, 4.2647, 0.5, 0.0, 0.0, 1.0]], ["0_2_mirror.png", [0.9975720047950745, 0.06833107024431229, -0.013449840247631073, 0.03624369489867626, 0.0666339248418808, -0.9926601648330688, -0.10092334449291229, 0.26305866788064286, -0.02024732157588005, 0.09978209435939789, -0.994803249835968, 2.686910220277736, 0.0, 0.0, 0.0, 1.0, 4.2647, 0.0, 0.5, 0.0, 4.2647, 0.5, 0.0, 0.0, 1.0]], ["0_3.png", [0.9946375489234924, -0.09395860135555267, 0.04321834444999695, -0.11399862891873788, -0.09272889047861099, -0.9952503442764282, -0.029632896184921265, 0.07906729598015927, 0.04579733684659004, 0.025466404855251312, -0.9986260533332825, 2.6964333248406187, 0.0, 0.0, 0.0, 1.0, 4.2647, 0.0, 0.5, 0.0, 4.2647, 0.5, 0.0, 0.0, 1.0]], ["0_3_mirror.png", [0.9946375489234924, 0.09395860135555267, -0.04321834444999695, 0.11399862891873788, 0.09272889047861099, -0.9952503442764282, -0.029632896184921265, 0.07906729598015927, -0.04579733684659004, 0.025466404855251312, -0.9986260533332825, 2.6964333248406187, 0.0, 0.0, 0.0, 1.0, 4.2647, 0.0, 0.5, 0.0, 4.2647, 0.5, 0.0, 0.0, 1.0]], ["0_4.png", [0.9581064581871033, -0.10517064481973648, 0.2664039433002472, -0.6747343977599346, -0.0729743242263794, -0.9890830516815186, -0.12802107632160187, 0.33254363176303886, 0.2769596576690674, 0.10321718454360962, -0.9553216695785522, 2.5930962622805556, 0.0, 0.0, 0.0, 1.0, 4.2647, 0.0, 0.5, 0.0, 4.2647, 0.5, 0.0, 0.0, 1.0]], ["0_4_mirror.png", [0.9581064581871033, 0.10517064481973648, -0.2664039433002472, 0.6747343977599346, 0.0729743242263794, -0.9890830516815186, -0.12802107632160187, 0.33254363176303886, -0.2769596576690674, 0.10321718454360962, -0.9553216695785522, 2.5930962622805556, 0.0, 0.0, 0.0, 1.0, 4.2647, 0.0, 0.5, 0.0, 4.2647, 0.5, 0.0, 0.0, 1.0]], ["0_5.png", [0.9759148955345154, 0.0017879963852465153, 0.218144491314888, -0.5539376856412026, 0.006399157922714949, -0.9997707605361938, -0.020433459430933, 0.05107228967776905, 0.21805796027183533, 0.021337255835533142, -0.9757025837898254, 2.6420720394519033, 0.0, 0.0, 0.0, 1.0, 4.2647, 0.0, 0.5, 0.0, 4.2647, 0.5, 0.0, 0.0, 1.0]], ["0_5_mirror.png", [0.9759148955345154, -0.0017879963852465153, -0.218144491314888, 0.5539376856412026, -0.006399157922714949, -0.9997707605361938, -0.020433459430933, 0.05107228967776905, -0.21805796027183533, 0.021337255835533142, -0.9757025837898254, 2.6420720394519033, 0.0, 0.0, 0.0, 1.0, 4.2647, 0.0, 0.5, 0.0, 4.2647, 0.5, 0.0, 0.0, 1.0]], ["0_6.png", [0.9771365523338318, -0.10212045162916183, 0.1864820122718811, -0.474549965573564, -0.09117836505174637, -0.9936209917068481, -0.06636190414428711, 0.17484214330453368, 0.19206935167312622, 0.04784151539206505, -0.980214536190033, 2.652212765804962, 0.0, 0.0, 0.0, 1.0, 4.2647, 0.0, 0.5, 0.0, 4.2647, 0.5, 0.0, 0.0, 1.0]], ["0_6_mirror.png", [0.9771365523338318, 0.10212045162916183, -0.1864820122718811, 0.474549965573564, 0.09117836505174637, -0.9936209917068481, -0.06636190414428711, 0.17484214330453368, -0.19206935167312622, 0.04784151539206505, -0.980214536190033, 2.652212765804962, 0.0, 0.0, 0.0, 1.0, 4.2647, 0.0, 0.5, 0.0, 4.2647, 0.5, 0.0, 0.0, 1.0]], ["0_7.png", [0.9653904438018799, 0.16615118086338043, 0.2010350078344345, -0.5129732163493526, 0.1366911381483078, -0.978797197341919, 0.15255051851272583, -0.37950605275155136, 0.22211895883083344, -0.11979110538959503, -0.9676328301429749, 2.623515510766639, 0.0, 0.0, 0.0, 1.0, 4.2647, 0.0, 0.5, 0.0, 4.2647, 0.5, 0.0, 0.0, 1.0]], ["0_7_mirror.png", [0.9653904438018799, -0.16615118086338043, -0.2010350078344345, 0.5129732163493526, -0.1366911381483078, -0.978797197341919, 0.15255051851272583, -0.37950605275155136, -0.22211895883083344, -0.11979110538959503, -0.9676328301429749, 2.623515510766639, 0.0, 0.0, 0.0, 1.0, 4.2647, 0.0, 0.5, 0.0, 4.2647, 0.5, 0.0, 0.0, 1.0]], ["0_8.png", [0.9713655710220337, -0.10321281850337982, 0.21400009095668793, -0.5430336104552316, -0.08155557513237, -0.9908333420753479, -0.10769353061914444, 0.27959606212529814, 0.22315378487110138, 0.08715689182281494, -0.9708790183067322, 2.630007707205434, 0.0, 0.0, 0.0, 1.0, 4.2647, 0.0, 0.5, 0.0, 4.2647, 0.5, 0.0, 0.0, 1.0]], ["0_8_mirror.png", [0.9713655710220337, 0.10321281850337982, -0.21400009095668793, 0.5430336104552316, 0.08155557513237, -0.9908333420753479, -0.10769353061914444, 0.27959606212529814, -0.22315378487110138, 0.08715689182281494, -0.9708790183067322, 2.630007707205434, 0.0, 0.0, 0.0, 1.0, 4.2647, 0.0, 0.5, 0.0, 4.2647, 0.5, 0.0, 0.0, 1.0]], ["0_9.png", [0.9956815242767334, -0.0906975269317627, 0.019807210192084312, -0.05064666962818031, -0.08932168781757355, -0.994081437587738, -0.06183480843901634, 0.15726476729576233, 0.02529824525117874, 0.05979856103658676, -0.9978898167610168, 2.694940204869671, 0.0, 0.0, 0.0, 1.0, 4.2647, 0.0, 0.5, 0.0, 4.2647, 0.5, 0.0, 0.0, 1.0]], ["0_9_mirror.png", [0.9956815242767334, 0.0906975269317627, -0.019807210192084312, 0.05064666962818031, 0.08932168781757355, -0.994081437587738, -0.06183480843901634, 0.15726476729576233, -0.02529824525117874, 0.05979856103658676, -0.9978898167610168, 2.694940204869671, 0.0, 0.0, 0.0, 1.0, 4.2647, 0.0, 0.5, 0.0, 4.2647, 0.5, 0.0, 0.0, 1.0]], ["0_0.png", [0.9995988607406616, -0.025663143023848534, 0.011981670744717121, -0.032545831920591295, -0.023981135338544846, -0.9919891357421875, -0.12402632087469101, 0.32969631638451014, 0.015068592503666878, 0.12368924170732498, -0.9922065734863281, 2.6795971913306453, 0.0, 0.0, 0.0, 1.0, 4.2647, 0.0, 0.5, 0.0, 4.2647, 0.5, 0.0, 0.0, 1.0]], ["0_0_mirror.png", [0.9995988607406616, 0.025663143023848534, -0.011981670744717121, 0.032545831920591295, 0.023981135338544846, -0.9919891357421875, -0.12402632087469101, 0.32969631638451014, -0.015068592503666878, 0.12368924170732498, -0.9922065734863281, 2.6795971913306453, 0.0, 0.0, 0.0, 1.0, 4.2647, 0.0, 0.5, 0.0, 4.2647, 0.5, 0.0, 0.0, 1.0]], ["0_1.png", [0.9996391534805298, 0.003539709374308586, -0.026628725230693817, 0.06787652600600004, 0.00014348234981298447, -0.991969883441925, -0.12647448480129242, 0.3270769079747719, -0.026862576603889465, 0.12642502784729004, -0.991612434387207, 2.679256141821274, 0.0, 0.0, 0.0, 1.0, 4.2647, 0.0, 0.5, 0.0, 4.2647, 0.5, 0.0, 0.0, 1.0]], ["0_1_mirror.png", [0.9996391534805298, -0.003539709374308586, 0.026628725230693817, -0.06787652600600004, -0.00014348234981298447, -0.991969883441925, -0.12647448480129242, 0.3270769079747719, 0.026862576603889465, 0.12642502784729004, -0.991612434387207, 2.679256141821274, 0.0, 0.0, 0.0, 1.0, 4.2647, 0.0, 0.5, 0.0, 4.2647, 0.5, 0.0, 0.0, 1.0]], ["0_10.png", [0.9974795579910278, -0.0628928616642952, 0.03284787759184837, -0.08533879952487018, -0.05851103365421295, -0.9909745454788208, -0.1206064447760582, 0.30708083240363554, 0.04013669490814209, 0.11838050186634064, -0.9921567440032959, 2.6811226476358643, 0.0, 0.0, 0.0, 1.0, 4.2647, 0.0, 0.5, 0.0, 4.2647, 0.5, 0.0, 0.0, 1.0]], ["0_10_mirror.png", [0.9974795579910278, 0.0628928616642952, -0.03284787759184837, 0.08533879952487018, 0.05851103365421295, -0.9909745454788208, -0.1206064447760582, 0.30708083240363554, -0.04013669490814209, 0.11838050186634064, -0.9921567440032959, 2.6811226476358643, 0.0, 0.0, 0.0, 1.0, 4.2647, 0.0, 0.5, 0.0, 4.2647, 0.5, 0.0, 0.0, 1.0]], ["0_11.png", [0.9791061878204346, -0.19447097182273865, 0.05943144112825394, -0.15140458665963716, -0.1860281378030777, -0.9746312499046326, -0.12444877624511719, 0.32073031445824873, 0.08212541043758392, 0.11079265922307968, -0.9904444813728333, 2.6766039521240224, 0.0, 0.0, 0.0, 1.0, 4.2647, 0.0, 0.5, 0.0, 4.2647, 0.5, 0.0, 0.0, 1.0]], ["0_11_mirror.png", [0.9791061878204346, 0.19447097182273865, -0.05943144112825394, 0.15140458665963716, 0.1860281378030777, -0.9746312499046326, -0.12444877624511719, 0.32073031445824873, -0.08212541043758392, 0.11079265922307968, -0.9904444813728333, 2.6766039521240224, 0.0, 0.0, 0.0, 1.0, 4.2647, 0.0, 0.5, 0.0, 4.2647, 0.5, 0.0, 0.0, 1.0]], ["0_12.png", [0.9950141310691833, 0.026588154956698418, 0.09612463414669037, -0.2446517854027772, 0.036583490669727325, -0.9939287900924683, -0.1037648618221283, 0.2644446650987769, 0.09278212487697601, 0.10676407814025879, -0.9899458885192871, 2.6758577172562874, 0.0, 0.0, 0.0, 1.0, 4.2647, 0.0, 0.5, 0.0, 4.2647, 0.5, 0.0, 0.0, 1.0]], ["0_12_mirror.png", [0.9950141310691833, -0.026588154956698418, -0.09612463414669037, 0.2446517854027772, -0.036583490669727325, -0.9939287900924683, -0.1037648618221283, 0.2644446650987769, -0.09278212487697601, 0.10676407814025879, -0.9899458885192871, 2.6758577172562874, 0.0, 0.0, 0.0, 1.0, 4.2647, 0.0, 0.5, 0.0, 4.2647, 0.5, 0.0, 0.0, 1.0]], ["0_13.png", [0.9994491338729858, -0.03305289149284363, -0.0029860215727239847, 0.0052058352234883466, -0.03317772224545479, -0.9929189085960388, -0.11406714469194412, 0.2924828035217158, 0.0008053716737776995, 0.11410337686538696, -0.9934685230255127, 2.6841063147579876, 0.0, 0.0, 0.0, 1.0, 4.2647, 0.0, 0.5, 0.0, 4.2647, 0.5, 0.0, 0.0, 1.0]], ["0_13_mirror.png", [0.9994491338729858, 0.03305289149284363, 0.0029860215727239847, -0.0052058352234883466, 0.03317772224545479, -0.9929189085960388, -0.11406714469194412, 0.2924828035217158, -0.0008053716737776995, 0.11410337686538696, -0.9934685230255127, 2.6841063147579876, 0.0, 0.0, 0.0, 1.0, 4.2647, 0.0, 0.5, 0.0, 4.2647, 0.5, 0.0, 0.0, 1.0]], ["0_14.png", [0.9801117181777954, -0.042259301990270615, 0.19389498233795166, -0.49312070480310055, -0.01855851337313652, -0.9922998547554016, -0.12246053665876389, 0.3144496618919769, 0.1975770741701126, 0.11642660200595856, -0.9733489155769348, 2.635897073223936, 0.0, 0.0, 0.0, 1.0, 4.2647, 0.0, 0.5, 0.0, 4.2647, 0.5, 0.0, 0.0, 1.0]], ["0_14_mirror.png", [0.9801117181777954, 0.042259301990270615, -0.19389498233795166, 0.49312070480310055, 0.01855851337313652, -0.9922998547554016, -0.12246053665876389, 0.3144496618919769, -0.1975770741701126, 0.11642660200595856, -0.9733489155769348, 2.635897073223936, 0.0, 0.0, 0.0, 1.0, 4.2647, 0.0, 0.5, 0.0, 4.2647, 0.5, 0.0, 0.0, 1.0]], ["0_15.png", [0.9717395901679993, -0.026239046826958656, 0.23459278047084808, -0.5934064217942493, 0.005358552560210228, -0.9910949468612671, -0.13304971158504486, 0.34267434408054104, 0.23599480092525482, 0.13054673373699188, -0.9629455208778381, 2.611597808331581, 0.0, 0.0, 0.0, 1.0, 4.2647, 0.0, 0.5, 0.0, 4.2647, 0.5, 0.0, 0.0, 1.0]], ["0_15_mirror.png", [0.9717395901679993, 0.026239046826958656, -0.23459278047084808, 0.5934064217942493, -0.005358552560210228, -0.9910949468612671, -0.13304971158504486, 0.34267434408054104, -0.23599480092525482, 0.13054673373699188, -0.9629455208778381, 2.611597808331581, 0.0, 0.0, 0.0, 1.0, 4.2647, 0.0, 0.5, 0.0, 4.2647, 0.5, 0.0, 0.0, 1.0]], ["0_16.png", [0.9976580739021301, -0.03759598359465599, 0.05713905394077301, -0.14505486674155924, -0.0294673889875412, -0.9901358485221863, -0.13697725534439087, 0.35158731300448465, 0.06172522157430649, 0.1349727213382721, -0.9889248609542847, 2.6730778976619587, 0.0, 0.0, 0.0, 1.0, 4.2647, 0.0, 0.5, 0.0, 4.2647, 0.5, 0.0, 0.0, 1.0]], ["0_16_mirror.png", [0.9976580739021301, 0.03759598359465599, -0.05713905394077301, 0.14505486674155924, 0.0294673889875412, -0.9901358485221863, -0.13697725534439087, 0.35158731300448465, -0.06172522157430649, 0.1349727213382721, -0.9889248609542847, 2.6730778976619587, 0.0, 0.0, 0.0, 1.0, 4.2647, 0.0, 0.5, 0.0, 4.2647, 0.5, 0.0, 0.0, 1.0]], ["0_17.png", [0.999943196773529, -0.010136261582374573, -0.003301768098026514, 0.006721978830365607, -0.010377997532486916, -0.996405839920044, -0.08406943827867508, 0.21938023770092982, -0.0024377512745559216, 0.0840989202260971, -0.9964544177055359, 2.6910643110685575, 0.0, 0.0, 0.0, 1.0, 4.2647, 0.0, 0.5, 0.0, 4.2647, 0.5, 0.0, 0.0, 1.0]], ["0_17_mirror.png", [0.999943196773529, 0.010136261582374573, 0.003301768098026514, -0.006721978830365607, 0.010377997532486916, -0.996405839920044, -0.08406943827867508, 0.21938023770092982, 0.0024377512745559216, 0.0840989202260971, -0.9964544177055359, 2.6910643110685575, 0.0, 0.0, 0.0, 1.0, 4.2647, 0.0, 0.5, 0.0, 4.2647, 0.5, 0.0, 0.0, 1.0]], ["0_18.png", [0.9997323751449585, -0.0022761996369808912, 0.02302369847893715, -0.059367252298128594, -0.0008850452722981572, -0.9981827139854431, -0.060253337025642395, 0.15451199673865673, 0.023119006305933, 0.06021683290600777, -0.9979175329208374, 2.69492144082502, 0.0, 0.0, 0.0, 1.0, 4.2647, 0.0, 0.5, 0.0, 4.2647, 0.5, 0.0, 0.0, 1.0]], ["0_18_mirror.png", [0.9997323751449585, 0.0022761996369808912, -0.02302369847893715, 0.059367252298128594, 0.0008850452722981572, -0.9981827139854431, -0.060253337025642395, 0.15451199673865673, -0.023119006305933, 0.06021683290600777, -0.9979175329208374, 2.69492144082502, 0.0, 0.0, 0.0, 1.0, 4.2647, 0.0, 0.5, 0.0, 4.2647, 0.5, 0.0, 0.0, 1.0]], ["0_19.png", [0.9991254806518555, -0.041384708136320114, -0.005960427224636078, 0.013344248591771402, -0.041766274720430374, -0.9944916367530823, -0.09613525867462158, 0.24392597466468852, -0.0019490658305585384, 0.09630013257265091, -0.9953504204750061, 2.6889258171086468, 0.0, 0.0, 0.0, 1.0, 4.2647, 0.0, 0.5, 0.0, 4.2647, 0.5, 0.0, 0.0, 1.0]], ["0_19_mirror.png", [0.9991254806518555, 0.041384708136320114, 0.005960427224636078, -0.013344248591771402, 0.041766274720430374, -0.9944916367530823, -0.09613525867462158, 0.24392597466468852, 0.0019490658305585384, 0.09630013257265091, -0.9953504204750061, 2.6889258171086468, 0.0, 0.0, 0.0, 1.0, 4.2647, 0.0, 0.5, 0.0, 4.2647, 0.5, 0.0, 0.0, 1.0]], ["0_2.png", [0.9975720047950745, -0.06833107024431229, 0.013449840247631073, -0.03624369489867626, -0.0666339248418808, -0.9926601648330688, -0.10092334449291229, 0.26305866788064286, 0.02024732157588005, 0.09978209435939789, -0.994803249835968, 2.686910220277736, 0.0, 0.0, 0.0, 1.0, 4.2647, 0.0, 0.5, 0.0, 4.2647, 0.5, 0.0, 0.0, 1.0]], ["0_2_mirror.png", [0.9975720047950745, 0.06833107024431229, -0.013449840247631073, 0.03624369489867626, 0.0666339248418808, -0.9926601648330688, -0.10092334449291229, 0.26305866788064286, -0.02024732157588005, 0.09978209435939789, -0.994803249835968, 2.686910220277736, 0.0, 0.0, 0.0, 1.0, 4.2647, 0.0, 0.5, 0.0, 4.2647, 0.5, 0.0, 0.0, 1.0]], ["0_3.png", [0.9946375489234924, -0.09395860135555267, 0.04321834444999695, -0.11399862891873788, -0.09272889047861099, -0.9952503442764282, -0.029632896184921265, 0.07906729598015927, 0.04579733684659004, 0.025466404855251312, -0.9986260533332825, 2.6964333248406187, 0.0, 0.0, 0.0, 1.0, 4.2647, 0.0, 0.5, 0.0, 4.2647, 0.5, 0.0, 0.0, 1.0]], ["0_3_mirror.png", [0.9946375489234924, 0.09395860135555267, -0.04321834444999695, 0.11399862891873788, 0.09272889047861099, -0.9952503442764282, -0.029632896184921265, 0.07906729598015927, -0.04579733684659004, 0.025466404855251312, -0.9986260533332825, 2.6964333248406187, 0.0, 0.0, 0.0, 1.0, 4.2647, 0.0, 0.5, 0.0, 4.2647, 0.5, 0.0, 0.0, 1.0]], ["0_4.png", [0.9581064581871033, -0.10517064481973648, 0.2664039433002472, -0.6747343977599346, -0.0729743242263794, -0.9890830516815186, -0.12802107632160187, 0.33254363176303886, 0.2769596576690674, 0.10321718454360962, -0.9553216695785522, 2.5930962622805556, 0.0, 0.0, 0.0, 1.0, 4.2647, 0.0, 0.5, 0.0, 4.2647, 0.5, 0.0, 0.0, 1.0]], ["0_4_mirror.png", [0.9581064581871033, 0.10517064481973648, -0.2664039433002472, 0.6747343977599346, 0.0729743242263794, -0.9890830516815186, -0.12802107632160187, 0.33254363176303886, -0.2769596576690674, 0.10321718454360962, -0.9553216695785522, 2.5930962622805556, 0.0, 0.0, 0.0, 1.0, 4.2647, 0.0, 0.5, 0.0, 4.2647, 0.5, 0.0, 0.0, 1.0]], ["0_5.png", [0.9759148955345154, 0.0017879963852465153, 0.218144491314888, -0.5539376856412026, 0.006399157922714949, -0.9997707605361938, -0.020433459430933, 0.05107228967776905, 0.21805796027183533, 0.021337255835533142, -0.9757025837898254, 2.6420720394519033, 0.0, 0.0, 0.0, 1.0, 4.2647, 0.0, 0.5, 0.0, 4.2647, 0.5, 0.0, 0.0, 1.0]], ["0_5_mirror.png", [0.9759148955345154, -0.0017879963852465153, -0.218144491314888, 0.5539376856412026, -0.006399157922714949, -0.9997707605361938, -0.020433459430933, 0.05107228967776905, -0.21805796027183533, 0.021337255835533142, -0.9757025837898254, 2.6420720394519033, 0.0, 0.0, 0.0, 1.0, 4.2647, 0.0, 0.5, 0.0, 4.2647, 0.5, 0.0, 0.0, 1.0]], ["0_6.png", [0.9771365523338318, -0.10212045162916183, 0.1864820122718811, -0.474549965573564, -0.09117836505174637, -0.9936209917068481, -0.06636190414428711, 0.17484214330453368, 0.19206935167312622, 0.04784151539206505, -0.980214536190033, 2.652212765804962, 0.0, 0.0, 0.0, 1.0, 4.2647, 0.0, 0.5, 0.0, 4.2647, 0.5, 0.0, 0.0, 1.0]], ["0_6_mirror.png", [0.9771365523338318, 0.10212045162916183, -0.1864820122718811, 0.474549965573564, 0.09117836505174637, -0.9936209917068481, -0.06636190414428711, 0.17484214330453368, -0.19206935167312622, 0.04784151539206505, -0.980214536190033, 2.652212765804962, 0.0, 0.0, 0.0, 1.0, 4.2647, 0.0, 0.5, 0.0, 4.2647, 0.5, 0.0, 0.0, 1.0]], ["0_7.png", [0.9653904438018799, 0.16615118086338043, 0.2010350078344345, -0.5129732163493526, 0.1366911381483078, -0.978797197341919, 0.15255051851272583, -0.37950605275155136, 0.22211895883083344, -0.11979110538959503, -0.9676328301429749, 2.623515510766639, 0.0, 0.0, 0.0, 1.0, 4.2647, 0.0, 0.5, 0.0, 4.2647, 0.5, 0.0, 0.0, 1.0]], ["0_7_mirror.png", [0.9653904438018799, -0.16615118086338043, -0.2010350078344345, 0.5129732163493526, -0.1366911381483078, -0.978797197341919, 0.15255051851272583, -0.37950605275155136, -0.22211895883083344, -0.11979110538959503, -0.9676328301429749, 2.623515510766639, 0.0, 0.0, 0.0, 1.0, 4.2647, 0.0, 0.5, 0.0, 4.2647, 0.5, 0.0, 0.0, 1.0]], ["0_8.png", [0.9713655710220337, -0.10321281850337982, 0.21400009095668793, -0.5430336104552316, -0.08155557513237, -0.9908333420753479, -0.10769353061914444, 0.27959606212529814, 0.22315378487110138, 0.08715689182281494, -0.9708790183067322, 2.630007707205434, 0.0, 0.0, 0.0, 1.0, 4.2647, 0.0, 0.5, 0.0, 4.2647, 0.5, 0.0, 0.0, 1.0]], ["0_8_mirror.png", [0.9713655710220337, 0.10321281850337982, -0.21400009095668793, 0.5430336104552316, 0.08155557513237, -0.9908333420753479, -0.10769353061914444, 0.27959606212529814, -0.22315378487110138, 0.08715689182281494, -0.9708790183067322, 2.630007707205434, 0.0, 0.0, 0.0, 1.0, 4.2647, 0.0, 0.5, 0.0, 4.2647, 0.5, 0.0, 0.0, 1.0]], ["0_9.png", [0.9956815242767334, -0.0906975269317627, 0.019807210192084312, -0.05064666962818031, -0.08932168781757355, -0.994081437587738, -0.06183480843901634, 0.15726476729576233, 0.02529824525117874, 0.05979856103658676, -0.9978898167610168, 2.694940204869671, 0.0, 0.0, 0.0, 1.0, 4.2647, 0.0, 0.5, 0.0, 4.2647, 0.5, 0.0, 0.0, 1.0]], ["0_9_mirror.png", [0.9956815242767334, 0.0906975269317627, -0.019807210192084312, 0.05064666962818031, 0.08932168781757355, -0.994081437587738, -0.06183480843901634, 0.15726476729576233, -0.02529824525117874, 0.05979856103658676, -0.9978898167610168, 2.694940204869671, 0.0, 0.0, 0.0, 1.0, 4.2647, 0.0, 0.5, 0.0, 4.2647, 0.5, 0.0, 0.0, 1.0]], ["0_0.png", [0.9995988607406616, -0.025663143023848534, 0.011981670744717121, -0.032545831920591295, -0.023981135338544846, -0.9919891357421875, -0.12402632087469101, 0.32969631638451014, 0.015068592503666878, 0.12368924170732498, -0.9922065734863281, 2.6795971913306453, 0.0, 0.0, 0.0, 1.0, 4.2647, 0.0, 0.5, 0.0, 4.2647, 0.5, 0.0, 0.0, 1.0]], ["0_0_mirror.png", [0.9995988607406616, 0.025663143023848534, -0.011981670744717121, 0.032545831920591295, 0.023981135338544846, -0.9919891357421875, -0.12402632087469101, 0.32969631638451014, -0.015068592503666878, 0.12368924170732498, -0.9922065734863281, 2.6795971913306453, 0.0, 0.0, 0.0, 1.0, 4.2647, 0.0, 0.5, 0.0, 4.2647, 0.5, 0.0, 0.0, 1.0]], ["0_1.png", [0.9996391534805298, 0.003539709374308586, -0.026628725230693817, 0.06787652600600004, 0.00014348234981298447, -0.991969883441925, -0.12647448480129242, 0.3270769079747719, -0.026862576603889465, 0.12642502784729004, -0.991612434387207, 2.679256141821274, 0.0, 0.0, 0.0, 1.0, 4.2647, 0.0, 0.5, 0.0, 4.2647, 0.5, 0.0, 0.0, 1.0]], ["0_1_mirror.png", [0.9996391534805298, -0.003539709374308586, 0.026628725230693817, -0.06787652600600004, -0.00014348234981298447, -0.991969883441925, -0.12647448480129242, 0.3270769079747719, 0.026862576603889465, 0.12642502784729004, -0.991612434387207, 2.679256141821274, 0.0, 0.0, 0.0, 1.0, 4.2647, 0.0, 0.5, 0.0, 4.2647, 0.5, 0.0, 0.0, 1.0]], ["0_10.png", [0.9974795579910278, -0.0628928616642952, 0.03284787759184837, -0.08533879952487018, -0.05851103365421295, -0.9909745454788208, -0.1206064447760582, 0.30708083240363554, 0.04013669490814209, 0.11838050186634064, -0.9921567440032959, 2.6811226476358643, 0.0, 0.0, 0.0, 1.0, 4.2647, 0.0, 0.5, 0.0, 4.2647, 0.5, 0.0, 0.0, 1.0]], ["0_10_mirror.png", [0.9974795579910278, 0.0628928616642952, -0.03284787759184837, 0.08533879952487018, 0.05851103365421295, -0.9909745454788208, -0.1206064447760582, 0.30708083240363554, -0.04013669490814209, 0.11838050186634064, -0.9921567440032959, 2.6811226476358643, 0.0, 0.0, 0.0, 1.0, 4.2647, 0.0, 0.5, 0.0, 4.2647, 0.5, 0.0, 0.0, 1.0]], ["0_11.png", [0.9791061878204346, -0.19447097182273865, 0.05943144112825394, -0.15140458665963716, -0.1860281378030777, -0.9746312499046326, -0.12444877624511719, 0.32073031445824873, 0.08212541043758392, 0.11079265922307968, -0.9904444813728333, 2.6766039521240224, 0.0, 0.0, 0.0, 1.0, 4.2647, 0.0, 0.5, 0.0, 4.2647, 0.5, 0.0, 0.0, 1.0]], ["0_11_mirror.png", [0.9791061878204346, 0.19447097182273865, -0.05943144112825394, 0.15140458665963716, 0.1860281378030777, -0.9746312499046326, -0.12444877624511719, 0.32073031445824873, -0.08212541043758392, 0.11079265922307968, -0.9904444813728333, 2.6766039521240224, 0.0, 0.0, 0.0, 1.0, 4.2647, 0.0, 0.5, 0.0, 4.2647, 0.5, 0.0, 0.0, 1.0]], ["0_12.png", [0.9950141310691833, 0.026588154956698418, 0.09612463414669037, -0.2446517854027772, 0.036583490669727325, -0.9939287900924683, -0.1037648618221283, 0.2644446650987769, 0.09278212487697601, 0.10676407814025879, -0.9899458885192871, 2.6758577172562874, 0.0, 0.0, 0.0, 1.0, 4.2647, 0.0, 0.5, 0.0, 4.2647, 0.5, 0.0, 0.0, 1.0]], ["0_12_mirror.png", [0.9950141310691833, -0.026588154956698418, -0.09612463414669037, 0.2446517854027772, -0.036583490669727325, -0.9939287900924683, -0.1037648618221283, 0.2644446650987769, -0.09278212487697601, 0.10676407814025879, -0.9899458885192871, 2.6758577172562874, 0.0, 0.0, 0.0, 1.0, 4.2647, 0.0, 0.5, 0.0, 4.2647, 0.5, 0.0, 0.0, 1.0]], ["0_13.png", [0.9994491338729858, -0.03305289149284363, -0.0029860215727239847, 0.0052058352234883466, -0.03317772224545479, -0.9929189085960388, -0.11406714469194412, 0.2924828035217158, 0.0008053716737776995, 0.11410337686538696, -0.9934685230255127, 2.6841063147579876, 0.0, 0.0, 0.0, 1.0, 4.2647, 0.0, 0.5, 0.0, 4.2647, 0.5, 0.0, 0.0, 1.0]], ["0_13_mirror.png", [0.9994491338729858, 0.03305289149284363, 0.0029860215727239847, -0.0052058352234883466, 0.03317772224545479, -0.9929189085960388, -0.11406714469194412, 0.2924828035217158, -0.0008053716737776995, 0.11410337686538696, -0.9934685230255127, 2.6841063147579876, 0.0, 0.0, 0.0, 1.0, 4.2647, 0.0, 0.5, 0.0, 4.2647, 0.5, 0.0, 0.0, 1.0]], ["0_14.png", [0.9801117181777954, -0.042259301990270615, 0.19389498233795166, -0.49312070480310055, -0.01855851337313652, -0.9922998547554016, -0.12246053665876389, 0.3144496618919769, 0.1975770741701126, 0.11642660200595856, -0.9733489155769348, 2.635897073223936, 0.0, 0.0, 0.0, 1.0, 4.2647, 0.0, 0.5, 0.0, 4.2647, 0.5, 0.0, 0.0, 1.0]], ["0_14_mirror.png", [0.9801117181777954, 0.042259301990270615, -0.19389498233795166, 0.49312070480310055, 0.01855851337313652, -0.9922998547554016, -0.12246053665876389, 0.3144496618919769, -0.1975770741701126, 0.11642660200595856, -0.9733489155769348, 2.635897073223936, 0.0, 0.0, 0.0, 1.0, 4.2647, 0.0, 0.5, 0.0, 4.2647, 0.5, 0.0, 0.0, 1.0]], ["0_15.png", [0.9717395901679993, -0.026239046826958656, 0.23459278047084808, -0.5934064217942493, 0.005358552560210228, -0.9910949468612671, -0.13304971158504486, 0.34267434408054104, 0.23599480092525482, 0.13054673373699188, -0.9629455208778381, 2.611597808331581, 0.0, 0.0, 0.0, 1.0, 4.2647, 0.0, 0.5, 0.0, 4.2647, 0.5, 0.0, 0.0, 1.0]], ["0_15_mirror.png", [0.9717395901679993, 0.026239046826958656, -0.23459278047084808, 0.5934064217942493, -0.005358552560210228, -0.9910949468612671, -0.13304971158504486, 0.34267434408054104, -0.23599480092525482, 0.13054673373699188, -0.9629455208778381, 2.611597808331581, 0.0, 0.0, 0.0, 1.0, 4.2647, 0.0, 0.5, 0.0, 4.2647, 0.5, 0.0, 0.0, 1.0]], ["0_16.png", [0.9976580739021301, -0.03759598359465599, 0.05713905394077301, -0.14505486674155924, -0.0294673889875412, -0.9901358485221863, -0.13697725534439087, 0.35158731300448465, 0.06172522157430649, 0.1349727213382721, -0.9889248609542847, 2.6730778976619587, 0.0, 0.0, 0.0, 1.0, 4.2647, 0.0, 0.5, 0.0, 4.2647, 0.5, 0.0, 0.0, 1.0]], ["0_16_mirror.png", [0.9976580739021301, 0.03759598359465599, -0.05713905394077301, 0.14505486674155924, 0.0294673889875412, -0.9901358485221863, -0.13697725534439087, 0.35158731300448465, -0.06172522157430649, 0.1349727213382721, -0.9889248609542847, 2.6730778976619587, 0.0, 0.0, 0.0, 1.0, 4.2647, 0.0, 0.5, 0.0, 4.2647, 0.5, 0.0, 0.0, 1.0]], ["0_17.png", [0.999943196773529, -0.010136261582374573, -0.003301768098026514, 0.006721978830365607, -0.010377997532486916, -0.996405839920044, -0.08406943827867508, 0.21938023770092982, -0.0024377512745559216, 0.0840989202260971, -0.9964544177055359, 2.6910643110685575, 0.0, 0.0, 0.0, 1.0, 4.2647, 0.0, 0.5, 0.0, 4.2647, 0.5, 0.0, 0.0, 1.0]], ["0_17_mirror.png", [0.999943196773529, 0.010136261582374573, 0.003301768098026514, -0.006721978830365607, 0.010377997532486916, -0.996405839920044, -0.08406943827867508, 0.21938023770092982, 0.0024377512745559216, 0.0840989202260971, -0.9964544177055359, 2.6910643110685575, 0.0, 0.0, 0.0, 1.0, 4.2647, 0.0, 0.5, 0.0, 4.2647, 0.5, 0.0, 0.0, 1.0]], ["0_18.png", [0.9997323751449585, -0.0022761996369808912, 0.02302369847893715, -0.059367252298128594, -0.0008850452722981572, -0.9981827139854431, -0.060253337025642395, 0.15451199673865673, 0.023119006305933, 0.06021683290600777, -0.9979175329208374, 2.69492144082502, 0.0, 0.0, 0.0, 1.0, 4.2647, 0.0, 0.5, 0.0, 4.2647, 0.5, 0.0, 0.0, 1.0]], ["0_18_mirror.png", [0.9997323751449585, 0.0022761996369808912, -0.02302369847893715, 0.059367252298128594, 0.0008850452722981572, -0.9981827139854431, -0.060253337025642395, 0.15451199673865673, -0.023119006305933, 0.06021683290600777, -0.9979175329208374, 2.69492144082502, 0.0, 0.0, 0.0, 1.0, 4.2647, 0.0, 0.5, 0.0, 4.2647, 0.5, 0.0, 0.0, 1.0]], ["0_19.png", [0.9991254806518555, -0.041384708136320114, -0.005960427224636078, 0.013344248591771402, -0.041766274720430374, -0.9944916367530823, -0.09613525867462158, 0.24392597466468852, -0.0019490658305585384, 0.09630013257265091, -0.9953504204750061, 2.6889258171086468, 0.0, 0.0, 0.0, 1.0, 4.2647, 0.0, 0.5, 0.0, 4.2647, 0.5, 0.0, 0.0, 1.0]], ["0_19_mirror.png", [0.9991254806518555, 0.041384708136320114, 0.005960427224636078, -0.013344248591771402, 0.041766274720430374, -0.9944916367530823, -0.09613525867462158, 0.24392597466468852, 0.0019490658305585384, 0.09630013257265091, -0.9953504204750061, 2.6889258171086468, 0.0, 0.0, 0.0, 1.0, 4.2647, 0.0, 0.5, 0.0, 4.2647, 0.5, 0.0, 0.0, 1.0]], ["0_2.png", [0.9975720047950745, -0.06833107024431229, 0.013449840247631073, -0.03624369489867626, -0.0666339248418808, -0.9926601648330688, -0.10092334449291229, 0.26305866788064286, 0.02024732157588005, 0.09978209435939789, -0.994803249835968, 2.686910220277736, 0.0, 0.0, 0.0, 1.0, 4.2647, 0.0, 0.5, 0.0, 4.2647, 0.5, 0.0, 0.0, 1.0]], ["0_2_mirror.png", [0.9975720047950745, 0.06833107024431229, -0.013449840247631073, 0.03624369489867626, 0.0666339248418808, -0.9926601648330688, -0.10092334449291229, 0.26305866788064286, -0.02024732157588005, 0.09978209435939789, -0.994803249835968, 2.686910220277736, 0.0, 0.0, 0.0, 1.0, 4.2647, 0.0, 0.5, 0.0, 4.2647, 0.5, 0.0, 0.0, 1.0]], ["0_3.png", [0.9946375489234924, -0.09395860135555267, 0.04321834444999695, -0.11399862891873788, -0.09272889047861099, -0.9952503442764282, -0.029632896184921265, 0.07906729598015927, 0.04579733684659004, 0.025466404855251312, -0.9986260533332825, 2.6964333248406187, 0.0, 0.0, 0.0, 1.0, 4.2647, 0.0, 0.5, 0.0, 4.2647, 0.5, 0.0, 0.0, 1.0]], ["0_3_mirror.png", [0.9946375489234924, 0.09395860135555267, -0.04321834444999695, 0.11399862891873788, 0.09272889047861099, -0.9952503442764282, -0.029632896184921265, 0.07906729598015927, -0.04579733684659004, 0.025466404855251312, -0.9986260533332825, 2.6964333248406187, 0.0, 0.0, 0.0, 1.0, 4.2647, 0.0, 0.5, 0.0, 4.2647, 0.5, 0.0, 0.0, 1.0]], ["0_4.png", [0.9581064581871033, -0.10517064481973648, 0.2664039433002472, -0.6747343977599346, -0.0729743242263794, -0.9890830516815186, -0.12802107632160187, 0.33254363176303886, 0.2769596576690674, 0.10321718454360962, -0.9553216695785522, 2.5930962622805556, 0.0, 0.0, 0.0, 1.0, 4.2647, 0.0, 0.5, 0.0, 4.2647, 0.5, 0.0, 0.0, 1.0]], ["0_4_mirror.png", [0.9581064581871033, 0.10517064481973648, -0.2664039433002472, 0.6747343977599346, 0.0729743242263794, -0.9890830516815186, -0.12802107632160187, 0.33254363176303886, -0.2769596576690674, 0.10321718454360962, -0.9553216695785522, 2.5930962622805556, 0.0, 0.0, 0.0, 1.0, 4.2647, 0.0, 0.5, 0.0, 4.2647, 0.5, 0.0, 0.0, 1.0]], ["0_5.png", [0.9759148955345154, 0.0017879963852465153, 0.218144491314888, -0.5539376856412026, 0.006399157922714949, -0.9997707605361938, -0.020433459430933, 0.05107228967776905, 0.21805796027183533, 0.021337255835533142, -0.9757025837898254, 2.6420720394519033, 0.0, 0.0, 0.0, 1.0, 4.2647, 0.0, 0.5, 0.0, 4.2647, 0.5, 0.0, 0.0, 1.0]], ["0_5_mirror.png", [0.9759148955345154, -0.0017879963852465153, -0.218144491314888, 0.5539376856412026, -0.006399157922714949, -0.9997707605361938, -0.020433459430933, 0.05107228967776905, -0.21805796027183533, 0.021337255835533142, -0.9757025837898254, 2.6420720394519033, 0.0, 0.0, 0.0, 1.0, 4.2647, 0.0, 0.5, 0.0, 4.2647, 0.5, 0.0, 0.0, 1.0]], ["0_6.png", [0.9771365523338318, -0.10212045162916183, 0.1864820122718811, -0.474549965573564, -0.09117836505174637, -0.9936209917068481, -0.06636190414428711, 0.17484214330453368, 0.19206935167312622, 0.04784151539206505, -0.980214536190033, 2.652212765804962, 0.0, 0.0, 0.0, 1.0, 4.2647, 0.0, 0.5, 0.0, 4.2647, 0.5, 0.0, 0.0, 1.0]], ["0_6_mirror.png", [0.9771365523338318, 0.10212045162916183, -0.1864820122718811, 0.474549965573564, 0.09117836505174637, -0.9936209917068481, -0.06636190414428711, 0.17484214330453368, -0.19206935167312622, 0.04784151539206505, -0.980214536190033, 2.652212765804962, 0.0, 0.0, 0.0, 1.0, 4.2647, 0.0, 0.5, 0.0, 4.2647, 0.5, 0.0, 0.0, 1.0]], ["0_7.png", [0.9653904438018799, 0.16615118086338043, 0.2010350078344345, -0.5129732163493526, 0.1366911381483078, -0.978797197341919, 0.15255051851272583, -0.37950605275155136, 0.22211895883083344, -0.11979110538959503, -0.9676328301429749, 2.623515510766639, 0.0, 0.0, 0.0, 1.0, 4.2647, 0.0, 0.5, 0.0, 4.2647, 0.5, 0.0, 0.0, 1.0]], ["0_7_mirror.png", [0.9653904438018799, -0.16615118086338043, -0.2010350078344345, 0.5129732163493526, -0.1366911381483078, -0.978797197341919, 0.15255051851272583, -0.37950605275155136, -0.22211895883083344, -0.11979110538959503, -0.9676328301429749, 2.623515510766639, 0.0, 0.0, 0.0, 1.0, 4.2647, 0.0, 0.5, 0.0, 4.2647, 0.5, 0.0, 0.0, 1.0]], ["0_8.png", [0.9713655710220337, -0.10321281850337982, 0.21400009095668793, -0.5430336104552316, -0.08155557513237, -0.9908333420753479, -0.10769353061914444, 0.2