{"labels": [["7_3.png", [0.9946375489234924, -0.09395860135555267, 0.04321834444999695, -0.11399862891873788, -0.09272889047861099, -0.9952503442764282, -0.029632896184921265, 0.07906729598015927, 0.04579733684659004, 0.025466404855251312, -0.9986260533332825, 2.6964333248406187, 0.0, 0.0, 0.0, 1.0, 4.2647, 0.0, 0.5, 0.0, 4.2647, 0.5, 0.0, 0.0, 1.0]], ["6_1.png", [0.8979676961898804, 0.01353952381759882, -0.43985292315483093, 1.1237762310401664, -0.01729121059179306, -0.9976691007614136, -0.06601051241159439, 0.17448108762844158, -0.43972140550613403, 0.06688090413808823, -0.8956405520439148, 2.4488126373018324, 0.0, 0.0, 0.0, 1.0, 4.2647, 0.0, 0.5, 0.0, 4.2647, 0.5, 0.0, 0.0, 1.0]], ["7_6.png", [0.9771365523338318, -0.10212045162916183, 0.1864820122718811, -0.474549965573564, -0.09117836505174637, -0.9936209917068481, -0.06636190414428711, 0.17484214330453368, 0.19206935167312622, 0.04784151539206505, -0.980214536190033, 2.652212765804962, 0.0, 0.0, 0.0, 1.0, 4.2647, 0.0, 0.5, 0.0, 4.2647, 0.5, 0.0, 0.0, 1.0]]]}