{"labels": [["7_2.png", [0.9844962954521179, -0.08012807369232178, 0.15603391826152802, -0.40107605079936237, -0.05555363744497299, -0.9862046837806702, -0.15592974424362183, 0.394058206470138, 0.16637572646141052, 0.14484399557113647, -0.9753662943840027, 2.6408059624646274, 0.0, 0.0, 0.0, 1.0, 4.2647, 0.0, 0.5, 0.0, 4.2647, 0.5, 0.0, 0.0, 1.0]], ["8_1.png", [0.9610015749931335, -0.03233207389712334, 0.2746464014053345, -0.694587189797475, 9.548291563987732e-05, -0.9931030869483948, -0.11724472045898438, 0.3043913942727432, 0.2765429615974426, 0.11269859224557877, -0.9543704986572266, 2.5913113504289567, 0.0, 0.0, 0.0, 1.0, 4.2647, 0.0, 0.5, 0.0, 4.2647, 0.5, 0.0, 0.0, 1.0]], ["5_4.png", [0.896896243095398, 0.26399460434913635, -0.3548012971878052, 0.9052702682712701, 0.2007390260696411, -0.9578937292098999, -0.20528869330883026, 0.51978755798337, -0.3940570652484894, 0.11290019750595093, -0.912125289440155, 2.4900414928168866, 0.0, 0.0, 0.0, 1.0, 4.2647, 0.0, 0.5, 0.0, 4.2647, 0.5, 0.0, 0.0, 1.0]]]}