{"labels": [["7_2.png", [0.9844962954521179, -0.08012807369232178, 0.15603391826152802, -0.40107605079936237, -0.05555363744497299, -0.9862046837806702, -0.15592974424362183, 0.394058206470138, 0.16637572646141052, 0.14484399557113647, -0.9753662943840027, 2.6408059624646274, 0.0, 0.0, 0.0, 1.0, 4.2647, 0.0, 0.5, 0.0, 4.2647, 0.5, 0.0, 0.0, 1.0]], ["7_7.png", [0.891944408416748, 0.07728035748004913, 0.445491760969162, -1.14640370508017, 0.10138364136219025, -0.9943801164627075, -0.030488820746541023, 0.08128986402421477, 0.4406319856643677, 0.07235991954803467, -0.8947667479515076, 2.4431845003980732, 0.0, 0.0, 0.0, 1.0, 4.2647, 0.0, 0.5, 0.0, 4.2647, 0.5, 0.0, 0.0, 1.0]], ["7_15.png", [0.9722782969474792, -0.011549749411642551, -0.2335413098335266, 0.5928086623993402, -0.04044171795248985, -0.9920334815979004, -0.11930593848228455, 0.2979862049904804, -0.2303028553724289, 0.12544338405132294, -0.964999794960022, 2.6172088398558637, 0.0, 0.0, 0.0, 1.0, 4.2647, 0.0, 0.5, 0.0, 4.2647, 0.5, 0.0, 0.0, 1.0]]]}