{"labels": [["1_0.png", [0.9745528697967529, 0.003981048706918955, -0.22412244975566864, 0.5660616029827854, -0.009454691782593727, -0.9982224106788635, -0.05884314700961113, 0.154739599752296, -0.2239583134651184, 0.05946476757526398, -0.9727829098701477, 2.6354563016481722, 0.0, 0.0, 0.0, 1.0, 4.2647, 0.0, 0.5, 0.0, 4.2647, 0.5, 0.0, 0.0, 1.0]], ["1_0_mirror.png", [0.9745528697967529, -0.003981048706918955, 0.22412244975566864, -0.5660616029827854, 0.009454691782593727, -0.9982224106788635, -0.05884314700961113, 0.154739599752296, 0.2239583134651184, 0.05946476757526398, -0.9727829098701477, 2.6354563016481722, 0.0, 0.0, 0.0, 1.0, 4.2647, 0.0, 0.5, 0.0, 4.2647, 0.5, 0.0, 0.0, 1.0]], ["1_1.png", [0.9786736369132996, 0.020770832896232605, -0.20436854660511017, 0.5169572788124297, 0.005454858765006065, -0.9971518516540527, -0.0752226784825325, 0.1938264008503308, -0.2053489089012146, 0.07250364869832993, -0.9759994745254517, 2.642950339718144, 0.0, 0.0, 0.0, 1.0, 4.2647, 0.0, 0.5, 0.0, 4.2647, 0.5, 0.0, 0.0, 1.0]], ["1_1_mirror.png", [0.9786736369132996, -0.020770832896232605, 0.20436854660511017, -0.5169572788124297, -0.005454858765006065, -0.9971518516540527, -0.0752226784825325, 0.1938264008503308, 0.2053489089012146, 0.07250364869832993, -0.9759994745254517, 2.642950339718144, 0.0, 0.0, 0.0, 1.0, 4.2647, 0.0, 0.5, 0.0, 4.2647, 0.5, 0.0, 0.0, 1.0]], ["1_10.png", [0.992361307144165, -0.10294461250305176, -0.06798088550567627, 0.18009970424637226, -0.08918429911136627, -0.979389488697052, 0.1812247335910797, -0.4463816479473076, -0.08523587137460709, -0.17377758026123047, -0.9810892939567566, 2.6567475455726344, 0.0, 0.0, 0.0, 1.0, 4.2647, 0.0, 0.5, 0.0, 4.2647, 0.5, 0.0, 0.0, 1.0]], ["1_10_mirror.png", [0.992361307144165, 0.10294461250305176, 0.06798088550567627, -0.18009970424637226, 0.08918429911136627, -0.979389488697052, 0.1812247335910797, -0.4463816479473076, 0.08523587137460709, -0.17377758026123047, -0.9810892939567566, 2.6567475455726344, 0.0, 0.0, 0.0, 1.0, 4.2647, 0.0, 0.5, 0.0, 4.2647, 0.5, 0.0, 0.0, 1.0]], ["1_11.png", [0.9997017979621887, 0.005518758669495583, -0.02378670684993267, 0.06081539904329757, 0.004055111203342676, -0.9981204867362976, -0.061146922409534454, 0.15548643526074254, -0.024079453200101852, 0.06103223189711571, -0.9978452920913696, 2.694833103494373, 0.0, 0.0, 0.0, 1.0, 4.2647, 0.0, 0.5, 0.0, 4.2647, 0.5, 0.0, 0.0, 1.0]], ["1_11_mirror.png", [0.9997017979621887, -0.005518758669495583, 0.02378670684993267, -0.06081539904329757, -0.004055111203342676, -0.9981204867362976, -0.061146922409534454, 0.15548643526074254, 0.024079453200101852, 0.06103223189711571, -0.9978452920913696, 2.694833103494373, 0.0, 0.0, 0.0, 1.0, 4.2647, 0.0, 0.5, 0.0, 4.2647, 0.5, 0.0, 0.0, 1.0]], ["1_12.png", [0.916047215461731, 0.26675495505332947, -0.29949843883514404, 0.7666824338806338, 0.2346271574497223, -0.9620602130889893, -0.13924871385097504, 0.3661888870066315, -0.3252808153629303, 0.05728790909051895, -0.9438804984092712, 2.562831197057604, 0.0, 0.0, 0.0, 1.0, 4.2647, 0.0, 0.5, 0.0, 4.2647, 0.5, 0.0, 0.0, 1.0]], ["1_12_mirror.png", [0.916047215461731, -0.26675495505332947, 0.29949843883514404, -0.7666824338806338, -0.2346271574497223, -0.9620602130889893, -0.13924871385097504, 0.3661888870066315, 0.3252808153629303, 0.05728790909051895, -0.9438804984092712, 2.562831197057604, 0.0, 0.0, 0.0, 1.0, 4.2647, 0.0, 0.5, 0.0, 4.2647, 0.5, 0.0, 0.0, 1.0]], ["1_13.png", [0.9948613047599792, -0.0028225239366292953, -0.10120786726474762, 0.2535680106387959, -0.014593493193387985, -0.9931706190109253, -0.1157543733716011, 0.2956172730619112, -0.10018996894359589, 0.11663652956485748, -0.988108217716217, 2.6717622820618083, 0.0, 0.0, 0.0, 1.0, 4.2647, 0.0, 0.5, 0.0, 4.2647, 0.5, 0.0, 0.0, 1.0]], ["1_13_mirror.png", [0.9948613047599792, 0.0028225239366292953, 0.10120786726474762, -0.2535680106387959, 0.014593493193387985, -0.9931706190109253, -0.1157543733716011, 0.2956172730619112, 0.10018996894359589, 0.11663652956485748, -0.988108217716217, 2.6717622820618083, 0.0, 0.0, 0.0, 1.0, 4.2647, 0.0, 0.5, 0.0, 4.2647, 0.5, 0.0, 0.0, 1.0]], ["1_14.png", [0.9914442896842957, -0.019679846242070198, -0.12903885543346405, 0.32172431102320115, -0.026583999395370483, -0.9982931017875671, -0.05200215056538582, 0.13169155575591662, -0.12779520452022552, 0.054987601935863495, -0.9902750849723816, 2.6775269936714423, 0.0, 0.0, 0.0, 1.0, 4.2647, 0.0, 0.5, 0.0, 4.2647, 0.5, 0.0, 0.0, 1.0]], ["1_14_mirror.png", [0.9914442896842957, 0.019679846242070198, 0.12903885543346405, -0.32172431102320115, 0.026583999395370483, -0.9982931017875671, -0.05200215056538582, 0.13169155575591662, 0.12779520452022552, 0.054987601935863495, -0.9902750849723816, 2.6775269936714423, 0.0, 0.0, 0.0, 1.0, 4.2647, 0.0, 0.5, 0.0, 4.2647, 0.5, 0.0, 0.0, 1.0]], ["1_15.png", [0.9970294237136841, 0.036197222769260406, 0.0679863914847374, -0.1696062121667641, 0.035623788833618164, -0.9993188977241516, 0.009628484956920147, -0.017655389473267124, 0.06828860938549042, -0.007177948951721191, -0.9976398348808289, 2.694609808491202, 0.0, 0.0, 0.0, 1.0, 4.2647, 0.0, 0.5, 0.0, 4.2647, 0.5, 0.0, 0.0, 1.0]], ["1_15_mirror.png", [0.9970294237136841, -0.036197222769260406, -0.0679863914847374, 0.1696062121667641, -0.035623788833618164, -0.9993188977241516, 0.009628484956920147, -0.017655389473267124, -0.06828860938549042, -0.007177948951721191, -0.9976398348808289, 2.694609808491202, 0.0, 0.0, 0.0, 1.0, 4.2647, 0.0, 0.5, 0.0, 4.2647, 0.5, 0.0, 0.0, 1.0]], ["1_16.png", [0.9710409641265869, -0.08219123631715775, -0.22433023154735565, 0.5732133202909467, -0.10552024096250534, -0.9899595379829407, -0.09405097365379333, 0.2526891023095987, -0.2143476903438568, 0.1149987205862999, -0.9699640870094299, 2.6263234201093737, 0.0, 0.0, 0.0, 1.0, 4.2647, 0.0, 0.5, 0.0, 4.2647, 0.5, 0.0, 0.0, 1.0]], ["1_16_mirror.png", [0.9710409641265869, 0.08219123631715775, 0.22433023154735565, -0.5732133202909467, 0.10552024096250534, -0.9899595379829407, -0.09405097365379333, 0.2526891023095987, 0.2143476903438568, 0.1149987205862999, -0.9699640870094299, 2.6263234201093737, 0.0, 0.0, 0.0, 1.0, 4.2647, 0.0, 0.5, 0.0, 4.2647, 0.5, 0.0, 0.0, 1.0]], ["1_17.png", [0.9977529048919678, 0.008837978355586529, -0.066414974629879, 0.164701584569564, 0.0022948887199163437, -0.9951881170272827, -0.0979556143283844, 0.24909489673975932, -0.06696111708879471, 0.0975830927491188, -0.9929721355438232, 2.683435320714566, 0.0, 0.0, 0.0, 1.0, 4.2647, 0.0, 0.5, 0.0, 4.2647, 0.5, 0.0, 0.0, 1.0]], ["1_17_mirror.png", [0.9977529048919678, -0.008837978355586529, 0.066414974629879, -0.164701584569564, -0.0022948887199163437, -0.9951881170272827, -0.0979556143283844, 0.24909489673975932, 0.06696111708879471, 0.0975830927491188, -0.9929721355438232, 2.683435320714566, 0.0, 0.0, 0.0, 1.0, 4.2647, 0.0, 0.5, 0.0, 4.2647, 0.5, 0.0, 0.0, 1.0]], ["1_18.png", [0.9943417906761169, -0.011950818821787834, -0.10555345565080643, 0.2653644879895454, -0.022501002997159958, -0.9947996735572815, -0.09933371841907501, 0.25350927603711393, -0.1038174256682396, 0.10114672780036926, -0.989439845085144, 2.674942006002595, 0.0, 0.0, 0.0, 1.0, 4.2647, 0.0, 0.5, 0.0, 4.2647, 0.5, 0.0, 0.0, 1.0]], ["1_18_mirror.png", [0.9943417906761169, 0.011950818821787834, 0.10555345565080643, -0.2653644879895454, 0.022501002997159958, -0.9947996735572815, -0.09933371841907501, 0.25350927603711393, 0.1038174256682396, 0.10114672780036926, -0.989439845085144, 2.674942006002595, 0.0, 0.0, 0.0, 1.0, 4.2647, 0.0, 0.5, 0.0, 4.2647, 0.5, 0.0, 0.0, 1.0]], ["1_19.png", [0.9748980402946472, -0.0297305379062891, -0.22065800428390503, 0.5588633888798049, -0.03754661977291107, -0.9988041520118713, -0.03131154179573059, 0.08668729805308947, -0.21946322917938232, 0.038810521364212036, -0.9748485088348389, 2.640105495037279, 0.0, 0.0, 0.0, 1.0, 4.2647, 0.0, 0.5, 0.0, 4.2647, 0.5, 0.0, 0.0, 1.0]], ["1_19_mirror.png", [0.9748980402946472, 0.0297305379062891, 0.22065800428390503, -0.5588633888798049, 0.03754661977291107, -0.9988041520118713, -0.03131154179573059, 0.08668729805308947, 0.21946322917938232, 0.038810521364212036, -0.9748485088348389, 2.640105495037279, 0.0, 0.0, 0.0, 1.0, 4.2647, 0.0, 0.5, 0.0, 4.2647, 0.5, 0.0, 0.0, 1.0]], ["1_2.png", [0.9267618060112, 0.19914276897907257, -0.318519651889801, 0.8172269275526631, 0.1793040633201599, -0.9795985221862793, -0.09075675904750824, 0.24141072366336666, -0.33009496331214905, 0.026998035609722137, -0.9435615539550781, 2.562003319939919, 0.0, 0.0, 0.0, 1.0, 4.2647, 0.0, 0.5, 0.0, 4.2647, 0.5, 0.0, 0.0, 1.0]], ["1_2_mirror.png", [0.9267618060112, -0.19914276897907257, 0.318519651889801, -0.8172269275526631, -0.1793040633201599, -0.9795985221862793, -0.09075675904750824, 0.24141072366336666, 0.33009496331214905, 0.026998035609722137, -0.9435615539550781, 2.562003319939919, 0.0, 0.0, 0.0, 1.0, 4.2647, 0.0, 0.5, 0.0, 4.2647, 0.5, 0.0, 0.0, 1.0]], ["1_3.png", [0.9960650205612183, 0.005154491402208805, -0.08847502619028091, 0.2229733364092519, -0.004839207511395216, -0.9936546087265015, -0.11237012594938278, 0.2850262799431503, -0.08849283307790756, 0.11235610395669937, -0.9897196888923645, 2.6756387855972448, 0.0, 0.0, 0.0, 1.0, 4.2647, 0.0, 0.5, 0.0, 4.2647, 0.5, 0.0, 0.0, 1.0]], ["1_3_mirror.png", [0.9960650205612183, -0.005154491402208805, 0.08847502619028091, -0.2229733364092519, 0.004839207511395216, -0.9936546087265015, -0.11237012594938278, 0.2850262799431503, 0.08849283307790756, 0.11235610395669937, -0.9897196888923645, 2.6756387855972448, 0.0, 0.0, 0.0, 1.0, 4.2647, 0.0, 0.5, 0.0, 4.2647, 0.5, 0.0, 0.0, 1.0]], ["1_4.png", [0.878572940826416, -0.2532239854335785, 0.4049532115459442, -1.0280905636280855, -0.3816145062446594, -0.8820313215255737, 0.27638930082321167, -0.6992249098155128, 0.28719305992126465, -0.39736419916152954, -0.8715628385543823, 2.396688198008321, 0.0, 0.0, 0.0, 1.0, 4.2647, 0.0, 0.5, 0.0, 4.2647, 0.5, 0.0, 0.0, 1.0]], ["1_4_mirror.png", [0.878572940826416, 0.2532239854335785, -0.4049532115459442, 1.0280905636280855, 0.3816145062446594, -0.8820313215255737, 0.27638930082321167, -0.6992249098155128, -0.28719305992126465, -0.39736419916152954, -0.8715628385543823, 2.396688198008321, 0.0, 0.0, 0.0, 1.0, 4.2647, 0.0, 0.5, 0.0, 4.2647, 0.5, 0.0, 0.0, 1.0]], ["1_5.png", [0.9342644810676575, -0.020410193130373955, -0.35599616169929504, 0.9075513072393553, -0.07012942433357239, -0.9893791079521179, -0.12732164561748505, 0.3393487565337488, -0.34961652755737305, 0.14391790330410004, -0.9257731437683105, 2.520157345517763, 0.0, 0.0, 0.0, 1.0, 4.2647, 0.0, 0.5, 0.0, 4.2647, 0.5, 0.0, 0.0, 1.0]], ["1_5_mirror.png", [0.9342644810676575, 0.020410193130373955, 0.35599616169929504, -0.9075513072393553, 0.07012942433357239, -0.9893791079521179, -0.12732164561748505, 0.3393487565337488, 0.34961652755737305, 0.14391790330410004, -0.9257731437683105, 2.520157345517763, 0.0, 0.0, 0.0, 1.0, 4.2647, 0.0, 0.5, 0.0, 4.2647, 0.5, 0.0, 0.0, 1.0]], ["1_6.png", [0.9157474637031555, 0.24179649353027344, -0.3208441734313965, 0.818548800679109, 0.21274171769618988, -0.9692995548248291, -0.12328583002090454, 0.3236714608430049, -0.34080418944358826, 0.044641755521297455, -0.9390738010406494, 2.552491850396892, 0.0, 0.0, 0.0, 1.0, 4.2647, 0.0, 0.5, 0.0, 4.2647, 0.5, 0.0, 0.0, 1.0]], ["1_6_mirror.png", [0.9157474637031555, -0.24179649353027344, 0.3208441734313965, -0.818548800679109, -0.21274171769618988, -0.9692995548248291, -0.12328583002090454, 0.3236714608430049, 0.34080418944358826, 0.044641755521297455, -0.9390738010406494, 2.552491850396892, 0.0, 0.0, 0.0, 1.0, 4.2647, 0.0, 0.5, 0.0, 4.2647, 0.5, 0.0, 0.0, 1.0]], ["1_7.png", [0.9748457074165344, 0.02480700984597206, -0.22149619460105896, 0.5550165026683094, 0.006460316479206085, -0.9965141415596008, -0.08317400515079498, 0.22256877855301166, -0.22278738021850586, 0.0796508863568306, -0.9716077446937561, 2.6329488830167707, 0.0, 0.0, 0.0, 1.0, 4.2647, 0.0, 0.5, 0.0, 4.2647, 0.5, 0.0, 0.0, 1.0]], ["1_7_mirror.png", [0.9748457074165344, -0.02480700984597206, 0.22149619460105896, -0.5550165026683094, -0.006460316479206085, -0.9965141415596008, -0.08317400515079498, 0.22256877855301166, 0.22278738021850586, 0.0796508863568306, -0.9716077446937561, 2.6329488830167707, 0.0, 0.0, 0.0, 1.0, 4.2647, 0.0, 0.5, 0.0, 4.2647, 0.5, 0.0, 0.0, 1.0]], ["1_8.png", [0.9992389678955078, 0.004827758762985468, -0.038706421852111816, 0.09684185092168392, 0.0011086971499025822, -0.9954254627227783, -0.09553506970405579, 0.24437835667187993, -0.038990579545497894, 0.09541945159435272, -0.9946733117103577, 2.6871733987036297, 0.0, 0.0, 0.0, 1.0, 4.2647, 0.0, 0.5, 0.0, 4.2647, 0.5, 0.0, 0.0, 1.0]], ["1_8_mirror.png", [0.9992389678955078, -0.004827758762985468, 0.038706421852111816, -0.09684185092168392, -0.0011086971499025822, -0.9954254627227783, -0.09553506970405579, 0.24437835667187993, 0.038990579545497894, 0.09541945159435272, -0.9946733117103577, 2.6871733987036297, 0.0, 0.0, 0.0, 1.0, 4.2647, 0.0, 0.5, 0.0, 4.2647, 0.5, 0.0, 0.0, 1.0]], ["1_9.png", [0.9203289151191711, 0.2626310884952545, -0.2898613214492798, 0.7441922463223166, 0.23554900288581848, -0.9637477993965149, -0.12532736361026764, 0.3264176896728378, -0.31226804852485657, 0.0470658540725708, -0.9488274455070496, 2.5748066708749984, 0.0, 0.0, 0.0, 1.0, 4.2647, 0.0, 0.5, 0.0, 4.2647, 0.5, 0.0, 0.0, 1.0]], ["1_9_mirror.png", [0.9203289151191711, -0.2626310884952545, 0.2898613214492798, -0.7441922463223166, -0.23554900288581848, -0.9637477993965149, -0.12532736361026764, 0.3264176896728378, 0.31226804852485657, 0.0470658540725708, -0.9488274455070496, 2.5748066708749984, 0.0, 0.0, 0.0, 1.0, 4.2647, 0.0, 0.5, 0.0, 4.2647, 0.5, 0.0, 0.0, 1.0]]]}