{"labels": [["5_19.png", [0.9302201867103577, -0.20843051373958588, 0.3020714521408081, -0.7761986975343124, -0.1859305053949356, -0.9772793650627136, -0.10175912827253342, 0.2691972603511394, 0.316417932510376, 0.03849410265684128, -0.947838544845581, 2.5719736423543456, 0.0, 0.0, 0.0, 1.0, 4.2647, 0.0, 0.5, 0.0, 4.2647, 0.5, 0.0, 0.0, 1.0]], ["0_16.png", [0.9931808710098267, -0.10261107236146927, 0.0553411990404129, -0.13833296791440466, -0.09573161602020264, -0.988719642162323, -0.1151903048157692, 0.29808749115352273, 0.06653673201799393, 0.10910691320896149, -0.9918006658554077, 2.6799268343754816, 0.0, 0.0, 0.0, 1.0, 4.2647, 0.0, 0.5, 0.0, 4.2647, 0.5, 0.0, 0.0, 1.0]], ["6_18.png", [0.9805647134780884, -0.020358862355351448, 0.19513650238513947, -0.49934659618472615, 0.028428738936781883, -0.9693610668182373, -0.2439897656440735, 0.6404417132514192, 0.19412508606910706, 0.24479526281356812, -0.9499424695968628, 2.5749732792412265, 0.0, 0.0, 0.0, 1.0, 4.2647, 0.0, 0.5, 0.0, 4.2647, 0.5, 0.0, 0.0, 1.0]]]}