{"labels": [["7_2.png", [0.6806483864784241, -0.06515925377607346, -0.7297068238258362, 1.8884129085436534, 0.006533414125442505, -0.9954573512077332, 0.09498364478349686, -0.2399121446754085, -0.7325810790061951, -0.06941793113946915, -0.6771307587623596, 1.9147686151812038, 0.0, 0.0, 0.0, 1.0, 4.2647, 0.0, 0.5, 0.0, 4.2647, 0.5, 0.0, 0.0, 1.0]], ["16_6.png", [0.8644301891326904, -0.22715410590171814, 0.4485103189945221, -1.1490466438187092, -0.19537998735904694, -0.9737697243690491, -0.11661586910486221, 0.3081393062201033, 0.4632355272769928, 0.013176344335079193, -0.8861372470855713, 2.423786702309251, 0.0, 0.0, 0.0, 1.0, 4.2647, 0.0, 0.5, 0.0, 4.2647, 0.5, 0.0, 0.0, 1.0]], ["11_13.png", [0.9803850650787354, -0.031230730935931206, -0.1946018636226654, 0.4968766169650088, -0.05783991143107414, -0.9894812703132629, -0.13259461522102356, 0.3604867074149908, -0.18841387331485748, 0.14124953746795654, -0.9718790054321289, 2.6292894403793787, 0.0, 0.0, 0.0, 1.0, 4.2647, 0.0, 0.5, 0.0, 4.2647, 0.5, 0.0, 0.0, 1.0]]]}