{"labels": [["2_0.png", [0.9942483305931091, -0.09831608086824417, -0.042474303394556046, 0.10469137710931457, -0.09881189465522766, -0.995058536529541, -0.009730770252645016, 0.027678337646093374, -0.0413077287375927, 0.013871770352125168, -0.9990501403808594, 2.697827575139691, 0.0, 0.0, 0.0, 1.0, 4.2647, 0.0, 0.5, 0.0, 4.2647, 0.5, 0.0, 0.0, 1.0]], ["2_0_mirror.png", [0.9942483305931091, 0.09831608086824417, 0.042474303394556046, -0.10469137710931457, 0.09881189465522766, -0.995058536529541, -0.009730770252645016, 0.027678337646093374, 0.0413077287375927, 0.013871770352125168, -0.9990501403808594, 2.697827575139691, 0.0, 0.0, 0.0, 1.0, 4.2647, 0.0, 0.5, 0.0, 4.2647, 0.5, 0.0, 0.0, 1.0]], ["2_1.png", [0.9986162781715393, -0.038424406200647354, -0.03590404987335205, 0.08985512878980124, -0.036161795258522034, -0.9974410533905029, 0.06167329102754593, -0.15152195709822636, -0.038181934505701065, -0.060289595276117325, -0.9974504113197327, 2.6942470473858355, 0.0, 0.0, 0.0, 1.0, 4.2647, 0.0, 0.5, 0.0, 4.2647, 0.5, 0.0, 0.0, 1.0]], ["2_1_mirror.png", [0.9986162781715393, 0.038424406200647354, 0.03590404987335205, -0.08985512878980124, 0.036161795258522034, -0.9974410533905029, 0.06167329102754593, -0.15152195709822636, 0.038181934505701065, -0.060289595276117325, -0.9974504113197327, 2.6942470473858355, 0.0, 0.0, 0.0, 1.0, 4.2647, 0.0, 0.5, 0.0, 4.2647, 0.5, 0.0, 0.0, 1.0]], ["2_10.png", [0.9991429448127747, -0.008743330836296082, 0.040459830313920975, -0.10830949673619254, 0.0005573295056819916, -0.974507749080658, -0.22435328364372253, 0.5780610218114814, 0.041390012949705124, 0.22418354451656342, -0.9736676216125488, 2.635168781687242, 0.0, 0.0, 0.0, 1.0, 4.2647, 0.0, 0.5, 0.0, 4.2647, 0.5, 0.0, 0.0, 1.0]], ["2_10_mirror.png", [0.9991429448127747, 0.008743330836296082, -0.040459830313920975, 0.10830949673619254, -0.0005573295056819916, -0.974507749080658, -0.22435328364372253, 0.5780610218114814, -0.041390012949705124, 0.22418354451656342, -0.9736676216125488, 2.635168781687242, 0.0, 0.0, 0.0, 1.0, 4.2647, 0.0, 0.5, 0.0, 4.2647, 0.5, 0.0, 0.0, 1.0]], ["2_11.png", [0.9952681660652161, -0.08374973386526108, -0.04926757514476776, 0.11910426589902579, -0.08707178384065628, -0.9937629103660583, -0.06966842710971832, 0.17935083681545025, -0.04312557354569435, 0.07362858206033707, -0.9963528513908386, 2.6914025063483638, 0.0, 0.0, 0.0, 1.0, 4.2647, 0.0, 0.5, 0.0, 4.2647, 0.5, 0.0, 0.0, 1.0]], ["2_11_mirror.png", [0.9952681660652161, 0.08374973386526108, 0.04926757514476776, -0.11910426589902579, 0.08707178384065628, -0.9937629103660583, -0.06966842710971832, 0.17935083681545025, 0.04312557354569435, 0.07362858206033707, -0.9963528513908386, 2.6914025063483638, 0.0, 0.0, 0.0, 1.0, 4.2647, 0.0, 0.5, 0.0, 4.2647, 0.5, 0.0, 0.0, 1.0]], ["2_12.png", [0.9979816675186157, -0.04394993931055069, -0.04583684727549553, 0.11312871947020892, -0.04569318890571594, -0.9982438087463379, -0.03770357370376587, 0.09893130881308679, -0.04409927874803543, 0.039721909910440445, -0.9982371926307678, 2.695814253424661, 0.0, 0.0, 0.0, 1.0, 4.2647, 0.0, 0.5, 0.0, 4.2647, 0.5, 0.0, 0.0, 1.0]], ["2_12_mirror.png", [0.9979816675186157, 0.04394993931055069, 0.04583684727549553, -0.11312871947020892, 0.04569318890571594, -0.9982438087463379, -0.03770357370376587, 0.09893130881308679, 0.04409927874803543, 0.039721909910440445, -0.9982371926307678, 2.695814253424661, 0.0, 0.0, 0.0, 1.0, 4.2647, 0.0, 0.5, 0.0, 4.2647, 0.5, 0.0, 0.0, 1.0]], ["2_13.png", [0.9864732623100281, -0.15680024027824402, -0.04779280349612236, 0.11535418758530996, -0.15326128900051117, -0.9856732487678528, 0.07042152434587479, -0.1786830249769882, -0.05815019831061363, -0.062144163995981216, -0.9963717460632324, 2.691610259304197, 0.0, 0.0, 0.0, 1.0, 4.2647, 0.0, 0.5, 0.0, 4.2647, 0.5, 0.0, 0.0, 1.0]], ["2_13_mirror.png", [0.9864732623100281, 0.15680024027824402, 0.04779280349612236, -0.11535418758530996, 0.15326128900051117, -0.9856732487678528, 0.07042152434587479, -0.1786830249769882, 0.05815019831061363, -0.062144163995981216, -0.9963717460632324, 2.691610259304197, 0.0, 0.0, 0.0, 1.0, 4.2647, 0.0, 0.5, 0.0, 4.2647, 0.5, 0.0, 0.0, 1.0]], ["2_14.png", [0.9990499019622803, -0.04187367856502533, -0.012077463790774345, 0.026610569022490704, -0.042544037103652954, -0.9971711039543152, -0.06196603178977966, 0.16771190585248985, -0.009448552504181862, 0.06242098659276962, -0.9980051517486572, 2.6946548191283473, 0.0, 0.0, 0.0, 1.0, 4.2647, 0.0, 0.5, 0.0, 4.2647, 0.5, 0.0, 0.0, 1.0]], ["2_14_mirror.png", [0.9990499019622803, 0.04187367856502533, 0.012077463790774345, -0.026610569022490704, 0.042544037103652954, -0.9971711039543152, -0.06196603178977966, 0.16771190585248985, 0.009448552504181862, 0.06242098659276962, -0.9980051517486572, 2.6946548191283473, 0.0, 0.0, 0.0, 1.0, 4.2647, 0.0, 0.5, 0.0, 4.2647, 0.5, 0.0, 0.0, 1.0]], ["2_15.png", [0.9970424771308899, -0.06056054309010506, -0.04731563478708267, 0.11660895866854869, -0.06013044714927673, -0.9981357455253601, 0.010462408885359764, -0.02935030123385272, -0.04786103591322899, -0.007586355321109295, -0.998825192451477, 2.6973210618270347, 0.0, 0.0, 0.0, 1.0, 4.2647, 0.0, 0.5, 0.0, 4.2647, 0.5, 0.0, 0.0, 1.0]], ["2_15_mirror.png", [0.9970424771308899, 0.06056054309010506, 0.04731563478708267, -0.11660895866854869, 0.06013044714927673, -0.9981357455253601, 0.010462408885359764, -0.02935030123385272, 0.04786103591322899, -0.007586355321109295, -0.998825192451477, 2.6973210618270347, 0.0, 0.0, 0.0, 1.0, 4.2647, 0.0, 0.5, 0.0, 4.2647, 0.5, 0.0, 0.0, 1.0]], ["2_16.png", [0.9993576407432556, -0.03370749577879906, 0.012174300849437714, -0.03350583501716311, -0.032721731811761856, -0.9967446327209473, -0.07368423044681549, 0.19133670546302395, 0.01461837999522686, 0.07323852926492691, -0.9972072839736938, 2.6930034578816193, 0.0, 0.0, 0.0, 1.0, 4.2647, 0.0, 0.5, 0.0, 4.2647, 0.5, 0.0, 0.0, 1.0]], ["2_16_mirror.png", [0.9993576407432556, 0.03370749577879906, -0.012174300849437714, 0.03350583501716311, 0.032721731811761856, -0.9967446327209473, -0.07368423044681549, 0.19133670546302395, -0.01461837999522686, 0.07323852926492691, -0.9972072839736938, 2.6930034578816193, 0.0, 0.0, 0.0, 1.0, 4.2647, 0.0, 0.5, 0.0, 4.2647, 0.5, 0.0, 0.0, 1.0]], ["2_17.png", [0.9950786828994751, -0.09710439294576645, 0.019725961610674858, -0.055038707476119345, -0.09423907846212387, -0.9889551997184753, -0.1143968254327774, 0.2898324809552318, 0.030616525560617447, 0.11197488754987717, -0.9932392835617065, 2.683834546625908, 0.0, 0.0, 0.0, 1.0, 4.2647, 0.0, 0.5, 0.0, 4.2647, 0.5, 0.0, 0.0, 1.0]], ["2_17_mirror.png", [0.9950786828994751, 0.09710439294576645, -0.019725961610674858, 0.055038707476119345, 0.09423907846212387, -0.9889551997184753, -0.1143968254327774, 0.2898324809552318, -0.030616525560617447, 0.11197488754987717, -0.9932392835617065, 2.683834546625908, 0.0, 0.0, 0.0, 1.0, 4.2647, 0.0, 0.5, 0.0, 4.2647, 0.5, 0.0, 0.0, 1.0]], ["2_18.png", [0.9953717589378357, -0.09367892891168594, -0.021430952474474907, 0.0525068658033293, -0.0932924747467041, -0.9954690933227539, 0.018374839797616005, -0.04787575232060508, -0.0230551864951849, -0.01629044860601425, -0.9996014833450317, 2.6990648271916786, 0.0, 0.0, 0.0, 1.0, 4.2647, 0.0, 0.5, 0.0, 4.2647, 0.5, 0.0, 0.0, 1.0]], ["2_18_mirror.png", [0.9953717589378357, 0.09367892891168594, 0.021430952474474907, -0.0525068658033293, 0.0932924747467041, -0.9954690933227539, 0.018374839797616005, -0.04787575232060508, 0.0230551864951849, -0.01629044860601425, -0.9996014833450317, 2.6990648271916786, 0.0, 0.0, 0.0, 1.0, 4.2647, 0.0, 0.5, 0.0, 4.2647, 0.5, 0.0, 0.0, 1.0]], ["2_19.png", [0.9732832908630371, -0.16494862735271454, -0.1597234308719635, 0.3999506702891822, -0.19832511246204376, -0.9544767737388611, -0.22280308604240417, 0.5702873989743358, -0.11570124328136444, 0.24852769076824188, -0.961689829826355, 2.608603408704804, 0.0, 0.0, 0.0, 1.0, 4.2647, 0.0, 0.5, 0.0, 4.2647, 0.5, 0.0, 0.0, 1.0]], ["2_19_mirror.png", [0.9732832908630371, 0.16494862735271454, 0.1597234308719635, -0.3999506702891822, 0.19832511246204376, -0.9544767737388611, -0.22280308604240417, 0.5702873989743358, 0.11570124328136444, 0.24852769076824188, -0.961689829826355, 2.608603408704804, 0.0, 0.0, 0.0, 1.0, 4.2647, 0.0, 0.5, 0.0, 4.2647, 0.5, 0.0, 0.0, 1.0]], ["2_2.png", [0.9916247129440308, -0.04056399315595627, 0.1226169541478157, -0.3134946157273269, -0.06439652293920517, -0.9782537817955017, 0.19716118276119232, -0.5065590940937345, 0.11195285618305206, -0.20340602099895477, -0.9726728796958923, 2.6334614123052784, 0.0, 0.0, 0.0, 1.0, 4.2647, 0.0, 0.5, 0.0, 4.2647, 0.5, 0.0, 0.0, 1.0]], ["2_2_mirror.png", [0.9916247129440308, 0.04056399315595627, -0.1226169541478157, 0.3134946157273269, 0.06439652293920517, -0.9782537817955017, 0.19716118276119232, -0.5065590940937345, -0.11195285618305206, -0.20340602099895477, -0.9726728796958923, 2.6334614123052784, 0.0, 0.0, 0.0, 1.0, 4.2647, 0.0, 0.5, 0.0, 4.2647, 0.5, 0.0, 0.0, 1.0]], ["2_3.png", [0.9976755976676941, -0.030433006584644318, -0.06096942350268364, 0.15187919556712473, -0.033121783286333084, -0.9985004663467407, -0.04358614608645439, 0.11823262041159247, -0.05955154076218605, 0.04550424963235855, -0.9971875548362732, 2.6931308466958104, 0.0, 0.0, 0.0, 1.0, 4.2647, 0.0, 0.5, 0.0, 4.2647, 0.5, 0.0, 0.0, 1.0]], ["2_3_mirror.png", [0.9976755976676941, 0.030433006584644318, 0.06096942350268364, -0.15187919556712473, 0.033121783286333084, -0.9985004663467407, -0.04358614608645439, 0.11823262041159247, 0.05955154076218605, 0.04550424963235855, -0.9971875548362732, 2.6931308466958104, 0.0, 0.0, 0.0, 1.0, 4.2647, 0.0, 0.5, 0.0, 4.2647, 0.5, 0.0, 0.0, 1.0]], ["2_4.png", [0.995358943939209, -0.09245932102203369, -0.026681281626224518, 0.06406149706315283, -0.09253912419080734, -0.9957075119018555, -0.0017689117230474949, 0.010203418398390347, -0.02640319988131523, 0.004229764454066753, -0.9996424317359924, 2.6992206310057387, 0.0, 0.0, 0.0, 1.0, 4.2647, 0.0, 0.5, 0.0, 4.2647, 0.5, 0.0, 0.0, 1.0]], ["2_4_mirror.png", [0.995358943939209, 0.09245932102203369, 0.026681281626224518, -0.06406149706315283, 0.09253912419080734, -0.9957075119018555, -0.0017689117230474949, 0.010203418398390347, 0.02640319988131523, 0.004229764454066753, -0.9996424317359924, 2.6992206310057387, 0.0, 0.0, 0.0, 1.0, 4.2647, 0.0, 0.5, 0.0, 4.2647, 0.5, 0.0, 0.0, 1.0]], ["2_5.png", [0.9976114630699158, -0.05353451892733574, -0.043650686740875244, 0.10736033165570406, -0.05518657714128494, -0.9977692365646362, -0.03756340965628624, 0.10074977835615374, -0.04154237359762192, 0.03988261893391609, -0.9983404278755188, 2.6959827969310126, 0.0, 0.0, 0.0, 1.0, 4.2647, 0.0, 0.5, 0.0, 4.2647, 0.5, 0.0, 0.0, 1.0]], ["2_5_mirror.png", [0.9976114630699158, 0.05353451892733574, 0.043650686740875244, -0.10736033165570406, 0.05518657714128494, -0.9977692365646362, -0.03756340965628624, 0.10074977835615374, 0.04154237359762192, 0.03988261893391609, -0.9983404278755188, 2.6959827969310126, 0.0, 0.0, 0.0, 1.0, 4.2647, 0.0, 0.5, 0.0, 4.2647, 0.5, 0.0, 0.0, 1.0]], ["2_6.png", [0.9756189584732056, -0.12640053033828735, -0.17941735684871674, 0.4493701651443553, -0.15111590921878815, -0.9797306656837463, -0.13149820268154144, 0.3446248725147411, -0.15915925800800323, 0.1554049551486969, -0.9749449491500854, 2.6399432099805358, 0.0, 0.0, 0.0, 1.0, 4.2647, 0.0, 0.5, 0.0, 4.2647, 0.5, 0.0, 0.0, 1.0]], ["2_6_mirror.png", [0.9756189584732056, 0.12640053033828735, 0.17941735684871674, -0.4493701651443553, 0.15111590921878815, -0.9797306656837463, -0.13149820268154144, 0.3446248725147411, 0.15915925800800323, 0.1554049551486969, -0.9749449491500854, 2.6399432099805358, 0.0, 0.0, 0.0, 1.0, 4.2647, 0.0, 0.5, 0.0, 4.2647, 0.5, 0.0, 0.0, 1.0]], ["2_7.png", [0.9999764561653137, -0.0029421872459352016, -0.006198145914822817, 0.013412508917075867, -0.0027873737271875143, -0.9996875524520874, 0.024839678779244423, -0.06007309870066741, -0.006269292440265417, -0.024821816012263298, -0.9996722340583801, 2.6992983027848276, 0.0, 0.0, 0.0, 1.0, 4.2647, 0.0, 0.5, 0.0, 4.2647, 0.5, 0.0, 0.0, 1.0]], ["2_7_mirror.png", [0.9999764561653137, 0.0029421872459352016, 0.006198145914822817, -0.013412508917075867, 0.0027873737271875143, -0.9996875524520874, 0.024839678779244423, -0.06007309870066741, 0.006269292440265417, -0.024821816012263298, -0.9996722340583801, 2.6992983027848276, 0.0, 0.0, 0.0, 1.0, 4.2647, 0.0, 0.5, 0.0, 4.2647, 0.5, 0.0, 0.0, 1.0]], ["2_8.png", [0.9876202940940857, 0.0158153735101223, -0.15606386959552765, 0.3970078458295215, -0.03345469385385513, -0.9507776498794556, -0.3080626130104065, 0.7868438691463195, -0.1532541662454605, 0.30946996808052063, -0.9384782910346985, 2.5521092249229174, 0.0, 0.0, 0.0, 1.0, 4.2647, 0.0, 0.5, 0.0, 4.2647, 0.5, 0.0, 0.0, 1.0]], ["2_8_mirror.png", [0.9876202940940857, -0.0158153735101223, 0.15606386959552765, -0.3970078458295215, 0.03345469385385513, -0.9507776498794556, -0.3080626130104065, 0.7868438691463195, 0.1532541662454605, 0.30946996808052063, -0.9384782910346985, 2.5521092249229174, 0.0, 0.0, 0.0, 1.0, 4.2647, 0.0, 0.5, 0.0, 4.2647, 0.5, 0.0, 0.0, 1.0]], ["2_9.png", [0.9300317764282227, -0.027244290336966515, 0.3664676547050476, -0.9401415984846192, -0.03006317839026451, -0.9995460510253906, 0.001985963201150298, -0.006557329810820375, 0.36624717712402344, -0.012864191085100174, -0.930428683757782, 2.531025637212025, 0.0, 0.0, 0.0, 1.0, 4.2647, 0.0, 0.5, 0.0, 4.2647, 0.5, 0.0, 0.0, 1.0]], ["2_9_mirror.png", [0.9300317764282227, 0.027244290336966515, -0.3664676547050476, 0.9401415984846192, 0.03006317839026451, -0.9995460510253906, 0.001985963201150298, -0.006557329810820375, -0.36624717712402344, -0.012864191085100174, -0.930428683757782, 2.531025637212025, 0.0, 0.0, 0.0, 1.0, 4.2647, 0.0, 0.5, 0.0, 4.2647, 0.5, 0.0, 0.0, 1.0]]]}