{"labels": [["1_6.png", [0.9655084013938904, -0.26018163561820984, -0.009953114204108715, 0.027999532250734784, -0.25346919894218445, -0.9304810166358948, -0.26449644565582275, 0.672023544597304, 0.05955593287944794, 0.2578963339328766, -0.9643353223800659, 2.61488056738747, 0.0, 0.0, 0.0, 1.0, 4.2647, 0.0, 0.5, 0.0, 4.2647, 0.5, 0.0, 0.0, 1.0]], ["1_2.png", [0.9844538569450378, -0.17562741041183472, 0.0023777862079441547, -0.009020766556640527, -0.1696671098470688, -0.9543713331222534, -0.24574078619480133, 0.6246855841160812, 0.04542810842394829, 0.24151700735092163, -0.9693326950073242, 2.6267254418321455, 0.0, 0.0, 0.0, 1.0, 4.2647, 0.0, 0.5, 0.0, 4.2647, 0.5, 0.0, 0.0, 1.0]], ["1_16.png", [0.9802898168563843, -0.19756478071212769, -0.00015990156680345535, -0.0009986031602693339, -0.18986208736896515, -0.9418455958366394, -0.2772708833217621, 0.706532380231139, 0.05462835729122162, 0.27183616161346436, -0.9607917666435242, 2.6059184558379127, 0.0, 0.0, 0.0, 1.0, 4.2647, 0.0, 0.5, 0.0, 4.2647, 0.5, 0.0, 0.0, 1.0]]]}