{"labels": [["4_10.png", [0.9407932162284851, -0.030840136110782623, 0.33757519721984863, -0.8665223867190498, 0.0181221142411232, -0.9898529648780823, -0.14093559980392456, 0.36595267175878027, 0.33849626779556274, 0.13870882987976074, -0.9306879639625549, 2.5308531358708537, 0.0, 0.0, 0.0, 1.0, 4.2647, 0.0, 0.5, 0.0, 4.2647, 0.5, 0.0, 0.0, 1.0]], ["8_15.png", [0.9995319247245789, -0.026526080444455147, 0.015242920257151127, -0.03795437763890156, -0.02579568326473236, -0.9985960125923157, -0.046266213059425354, 0.11706625957351763, 0.01644878089427948, 0.04585135355591774, -0.9988128542900085, 2.697193904057977, 0.0, 0.0, 0.0, 1.0, 4.2647, 0.0, 0.5, 0.0, 4.2647, 0.5, 0.0, 0.0, 1.0]], ["9_9.png", [0.9564103484153748, 0.0435565710067749, -0.2887595593929291, 0.7428072389039098, 0.021016687154769897, -0.9965164661407471, -0.0807047188282013, 0.224942833107758, -0.29126888513565063, 0.07111806422472, -0.9539940357208252, 2.5860468146701066, 0.0, 0.0, 0.0, 1.0, 4.2647, 0.0, 0.5, 0.0, 4.2647, 0.5, 0.0, 0.0, 1.0]]]}