{"labels": [["2_13.png", [0.8413655161857605, 0.13888293504714966, -0.5223175883293152, 1.3387390667006553, 0.06698062270879745, -0.9857639670372009, -0.1542176604270935, 0.4005855179457634, -0.536300003528595, 0.09476824104785919, -0.8386902213096619, 2.3102616635570925, 0.0, 0.0, 0.0, 1.0, 4.2647, 0.0, 0.5, 0.0, 4.2647, 0.5, 0.0, 0.0, 1.0]], ["0_18.png", [0.9552445411682129, -0.0063744038343429565, -0.29574885964393616, 0.7561577114328878, -0.08442472666501999, -0.9640621542930603, -0.25190606713294983, 0.647041583408769, -0.28351449966430664, 0.26560038328170776, -0.9214531779289246, 2.509892966797678, 0.0, 0.0, 0.0, 1.0, 4.2647, 0.0, 0.5, 0.0, 4.2647, 0.5, 0.0, 0.0, 1.0]], ["3_3.png", [0.9713184237480164, -0.10446662455797195, -0.21360519528388977, 0.5407259020526765, -0.12684056162834167, -0.9874743819236755, -0.09383883327245712, 0.23969593650255838, -0.20112663507461548, 0.11824119091033936, -0.9724027514457703, 2.634418599401675, 0.0, 0.0, 0.0, 1.0, 4.2647, 0.0, 0.5, 0.0, 4.2647, 0.5, 0.0, 0.0, 1.0]]]}