{"labels": [["2_0.png", [0.9942483305931091, -0.09831608086824417, -0.042474303394556046, 0.10469137710931457, -0.09881189465522766, -0.995058536529541, -0.009730770252645016, 0.027678337646093374, -0.0413077287375927, 0.013871770352125168, -0.9990501403808594, 2.697827575139691, 0.0, 0.0, 0.0, 1.0, 4.2647, 0.0, 0.5, 0.0, 4.2647, 0.5, 0.0, 0.0, 1.0]], ["0_15.png", [0.9991363286972046, -0.030419327318668365, -0.02830633521080017, 0.06864840935612956, -0.02780180610716343, -0.9956730604171753, 0.08866949379444122, -0.2191154554192809, -0.0308811217546463, -0.08780594915151596, -0.995658814907074, 2.6902185437412474, 0.0, 0.0, 0.0, 1.0, 4.2647, 0.0, 0.5, 0.0, 4.2647, 0.5, 0.0, 0.0, 1.0]], ["8_9.png", [0.9441677331924438, -0.10927949100732803, 0.3108140230178833, -0.7951381457218709, -0.07033182680606842, -0.9884963035583496, -0.13389787077903748, 0.3402783740315134, 0.3218708038330078, 0.1045619323849678, -0.9409920573234558, 2.5577267167124123, 0.0, 0.0, 0.0, 1.0, 4.2647, 0.0, 0.5, 0.0, 4.2647, 0.5, 0.0, 0.0, 1.0]]]}