{"labels": [["3_0.png", [0.948502779006958, -0.12429143488407135, 0.29136595129966736, -0.7417151285764597, -0.11722789704799652, -0.9922313690185547, -0.04164818301796913, 0.11501595561177412, 0.29427894949913025, 0.005347199738025665, -0.9557046294212341, 2.5935747527294284, 0.0, 0.0, 0.0, 1.0, 4.2647, 0.0, 0.5, 0.0, 4.2647, 0.5, 0.0, 0.0, 1.0]], ["3_18.png", [0.8426182866096497, 0.17965513467788696, -0.5076597929000854, 1.3053331958596504, 0.13525941967964172, -0.9830955862998962, -0.12340174615383148, 0.3157316727245746, -0.5212478637695312, 0.03531479835510254, -0.8526743054389954, 2.342310559815964, 0.0, 0.0, 0.0, 1.0, 4.2647, 0.0, 0.5, 0.0, 4.2647, 0.5, 0.0, 0.0, 1.0]], ["2_12.png", [0.9900555610656738, -0.12765751779079437, -0.05910605564713478, 0.14942691193149116, -0.13139024376869202, -0.9892447590827942, -0.06427635252475739, 0.17168457008595006, -0.05026499554514885, 0.0714031234383583, -0.9961801767349243, 2.690389564056667, 0.0, 0.0, 0.0, 1.0, 4.2647, 0.0, 0.5, 0.0, 4.2647, 0.5, 0.0, 0.0, 1.0]]]}