{"labels": [["1_9.png", [0.7932955026626587, -0.013830619864165783, -0.6086797714233398, 1.560601767624432, -0.06890563666820526, -0.9953581094741821, -0.06718821823596954, 0.17809587123028417, -0.6049250364303589, 0.09524156898260117, -0.790566086769104, 2.1960883369159414, 0.0, 0.0, 0.0, 1.0, 4.2647, 0.0, 0.5, 0.0, 4.2647, 0.5, 0.0, 0.0, 1.0]], ["0_16.png", [0.9931808710098267, -0.10261107236146927, 0.0553411990404129, -0.13833296791440466, -0.09573161602020264, -0.988719642162323, -0.1151903048157692, 0.29808749115352273, 0.06653673201799393, 0.10910691320896149, -0.9918006658554077, 2.6799268343754816, 0.0, 0.0, 0.0, 1.0, 4.2647, 0.0, 0.5, 0.0, 4.2647, 0.5, 0.0, 0.0, 1.0]], ["1_14.png", [0.991249680519104, -0.07121157646179199, -0.11114399135112762, 0.2845034385268979, -0.07053614407777786, -0.9974590539932251, 0.010002309456467628, -0.020059260721583587, -0.11157386004924774, -0.0020751170814037323, -0.993753969669342, 2.6848939307774664, 0.0, 0.0, 0.0, 1.0, 4.2647, 0.0, 0.5, 0.0, 4.2647, 0.5, 0.0, 0.0, 1.0]]]}