{"labels": [["0.png", [0.9984433650970459, -0.04722723737359047, -0.029670752584934235, 0.07433136080245749, -0.04923860728740692, -0.9962474703788757, -0.07117939740419388, 0.1782606409797411, -0.026197806000709534, 0.07252954691648483, -0.9970220923423767, 2.6930833616282186, 0.0, 0.0, 0.0, 1.0, 4.2647, 0.0, 0.5, 0.0, 4.2647, 0.5, 0.0, 0.0, 1.0]], ["0_mirror.png", [0.9984433650970459, 0.04722723737359047, 0.029670752584934235, -0.07433136080245749, 0.04923860728740692, -0.9962474703788757, -0.07117939740419388, 0.1782606409797411, 0.026197806000709534, 0.07252954691648483, -0.9970220923423767, 2.6930833616282186, 0.0, 0.0, 0.0, 1.0, 4.2647, 0.0, 0.5, 0.0, 4.2647, 0.5, 0.0, 0.0, 1.0]], ["1.png", [0.993748128414154, -0.09228575974702835, -0.06283268332481384, 0.1587014655317964, -0.10373030602931976, -0.9713236093521118, -0.21394062042236328, 0.5439387375550893, -0.041287194937467575, 0.21912077069282532, -0.9748238325119019, 2.639875848335493, 0.0, 0.0, 0.0, 1.0, 4.2647, 0.0, 0.5, 0.0, 4.2647, 0.5, 0.0, 0.0, 1.0]], ["1_mirror.png", [0.993748128414154, 0.09228575974702835, 0.06283268332481384, -0.1587014655317964, 0.10373030602931976, -0.9713236093521118, -0.21394062042236328, 0.5439387375550893, 0.041287194937467575, 0.21912077069282532, -0.9748238325119019, 2.639875848335493, 0.0, 0.0, 0.0, 1.0, 4.2647, 0.0, 0.5, 0.0, 4.2647, 0.5, 0.0, 0.0, 1.0]], ["10.png", [0.9858042597770691, -0.1664305329322815, 0.022155886515975, -0.058112150501715955, -0.16771641373634338, -0.9822708964347839, 0.08375626057386398, -0.21134257465921677, 0.00782348308712244, -0.08628318458795547, -0.9962399005889893, 2.69108849614807, 0.0, 0.0, 0.0, 1.0, 4.2647, 0.0, 0.5, 0.0, 4.2647, 0.5, 0.0, 0.0, 1.0]], ["10_mirror.png", [0.9858042597770691, 0.1664305329322815, -0.022155886515975, 0.058112150501715955, 0.16771641373634338, -0.9822708964347839, 0.08375626057386398, -0.21134257465921677, -0.00782348308712244, -0.08628318458795547, -0.9962399005889893, 2.69108849614807, 0.0, 0.0, 0.0, 1.0, 4.2647, 0.0, 0.5, 0.0, 4.2647, 0.5, 0.0, 0.0, 1.0]], ["11.png", [0.9758644104003906, 0.10813534259796143, -0.1897246092557907, 0.4820638470474477, 0.10441942512989044, -0.9940956234931946, -0.029504181817173958, 0.0702368846055905, -0.19179485738277435, 0.008981144055724144, -0.9813939332962036, 2.6556884658051887, 0.0, 0.0, 0.0, 1.0, 4.2647, 0.0, 0.5, 0.0, 4.2647, 0.5, 0.0, 0.0, 1.0]], ["11_mirror.png", [0.9758644104003906, -0.10813534259796143, 0.1897246092557907, -0.4820638470474477, -0.10441942512989044, -0.9940956234931946, -0.029504181817173958, 0.0702368846055905, 0.19179485738277435, 0.008981144055724144, -0.9813939332962036, 2.6556884658051887, 0.0, 0.0, 0.0, 1.0, 4.2647, 0.0, 0.5, 0.0, 4.2647, 0.5, 0.0, 0.0, 1.0]], ["12.png", [0.9042107462882996, -0.2636381685733795, -0.3360027074813843, 0.8524261626972699, -0.30084869265556335, -0.9515913724899292, -0.06296024471521378, 0.16360359913828856, -0.30313852429389954, 0.15801529586315155, -0.9397543668746948, 2.556678215868827, 0.0, 0.0, 0.0, 1.0, 4.2647, 0.0, 0.5, 0.0, 4.2647, 0.5, 0.0, 0.0, 1.0]], ["12_mirror.png", [0.9042107462882996, 0.2636381685733795, 0.3360027074813843, -0.8524261626972699, 0.30084869265556335, -0.9515913724899292, -0.06296024471521378, 0.16360359913828856, 0.30313852429389954, 0.15801529586315155, -0.9397543668746948, 2.556678215868827, 0.0, 0.0, 0.0, 1.0, 4.2647, 0.0, 0.5, 0.0, 4.2647, 0.5, 0.0, 0.0, 1.0]], ["13.png", [0.9871001243591309, -0.03725242242217064, -0.15570992231369019, 0.39485941893421234, -0.0702238529920578, -0.9747493267059326, -0.2119724005460739, 0.536056947238874, -0.1438816487789154, 0.22017252445220947, -0.9647911787033081, 2.616625496435414, 0.0, 0.0, 0.0, 1.0, 4.2647, 0.0, 0.5, 0.0, 4.2647, 0.5, 0.0, 0.0, 1.0]], ["13_mirror.png", [0.9871001243591309, 0.03725242242217064, 0.15570992231369019, -0.39485941893421234, 0.0702238529920578, -0.9747493267059326, -0.2119724005460739, 0.536056947238874, 0.1438816487789154, 0.22017252445220947, -0.9647911787033081, 2.616625496435414, 0.0, 0.0, 0.0, 1.0, 4.2647, 0.0, 0.5, 0.0, 4.2647, 0.5, 0.0, 0.0, 1.0]], ["14.png", [0.9887597560882568, -0.11898910999298096, -0.09052995592355728, 0.2309973474781226, -0.13170091807842255, -0.9797759652137756, -0.1506451517343521, 0.39499259081419563, -0.07077393680810928, 0.16087475419044495, -0.9844340085983276, 2.6609436443975962, 0.0, 0.0, 0.0, 1.0, 4.2647, 0.0, 0.5, 0.0, 4.2647, 0.5, 0.0, 0.0, 1.0]], ["14_mirror.png", [0.9887597560882568, 0.11898910999298096, 0.09052995592355728, -0.2309973474781226, 0.13170091807842255, -0.9797759652137756, -0.1506451517343521, 0.39499259081419563, 0.07077393680810928, 0.16087475419044495, -0.9844340085983276, 2.6609436443975962, 0.0, 0.0, 0.0, 1.0, 4.2647, 0.0, 0.5, 0.0, 4.2647, 0.5, 0.0, 0.0, 1.0]], ["15.png", [0.9743686318397522, -0.17988967895507812, -0.13507559895515442, 0.3381537733986995, -0.2066429853439331, -0.9530398845672607, -0.22139021754264832, 0.555268802036564, -0.08890663087368011, 0.2436280995607376, -0.9657851457595825, 2.6205588302919476, 0.0, 0.0, 0.0, 1.0, 4.2647, 0.0, 0.5, 0.0, 4.2647, 0.5, 0.0, 0.0, 1.0]], ["15_mirror.png", [0.9743686318397522, 0.17988967895507812, 0.13507559895515442, -0.3381537733986995, 0.2066429853439331, -0.9530398845672607, -0.22139021754264832, 0.555268802036564, 0.08890663087368011, 0.2436280995607376, -0.9657851457595825, 2.6205588302919476, 0.0, 0.0, 0.0, 1.0, 4.2647, 0.0, 0.5, 0.0, 4.2647, 0.5, 0.0, 0.0, 1.0]], ["16.png", [0.995441198348999, -0.07700765132904053, -0.056272026151418686, 0.14034308902887732, -0.0753706619143486, -0.9966841340065002, 0.03065890073776245, -0.0752941868903048, -0.058446403592824936, -0.026277875527739525, -0.9979446530342102, 2.6952986110600734, 0.0, 0.0, 0.0, 1.0, 4.2647, 0.0, 0.5, 0.0, 4.2647, 0.5, 0.0, 0.0, 1.0]], ["16_mirror.png", [0.995441198348999, 0.07700765132904053, 0.056272026151418686, -0.14034308902887732, 0.0753706619143486, -0.9966841340065002, 0.03065890073776245, -0.0752941868903048, 0.058446403592824936, -0.026277875527739525, -0.9979446530342102, 2.6952986110600734, 0.0, 0.0, 0.0, 1.0, 4.2647, 0.0, 0.5, 0.0, 4.2647, 0.5, 0.0, 0.0, 1.0]], ["17.png", [0.9926823973655701, -0.12040925770998001, -0.009122083894908428, 0.019177974695415097, -0.12038811296224594, -0.9927228093147278, 0.002834304701536894, -0.008919715709186813, -0.009396976791322231, -0.0017153738299384713, -0.9999544024467468, 2.699917155017585, 0.0, 0.0, 0.0, 1.0, 4.2647, 0.0, 0.5, 0.0, 4.2647, 0.5, 0.0, 0.0, 1.0]], ["17_mirror.png", [0.9926823973655701, 0.12040925770998001, 0.009122083894908428, -0.019177974695415097, 0.12038811296224594, -0.9927228093147278, 0.002834304701536894, -0.008919715709186813, 0.009396976791322231, -0.0017153738299384713, -0.9999544024467468, 2.699917155017585, 0.0, 0.0, 0.0, 1.0, 4.2647, 0.0, 0.5, 0.0, 4.2647, 0.5, 0.0, 0.0, 1.0]], ["18.png", [0.9921197295188904, -0.04320645332336426, 0.1176077127456665, -0.2962966039908449, -0.038870833814144135, -0.9984862208366394, -0.038913484662771225, 0.10084128095146543, 0.11911100149154663, 0.034035325050354004, -0.992297351360321, 2.6817977847927983, 0.0, 0.0, 0.0, 1.0, 4.2647, 0.0, 0.5, 0.0, 4.2647, 0.5, 0.0, 0.0, 1.0]], ["18_mirror.png", [0.9921197295188904, 0.04320645332336426, -0.1176077127456665, 0.2962966039908449, 0.038870833814144135, -0.9984862208366394, -0.038913484662771225, 0.10084128095146543, -0.11911100149154663, 0.034035325050354004, -0.992297351360321, 2.6817977847927983, 0.0, 0.0, 0.0, 1.0, 4.2647, 0.0, 0.5, 0.0, 4.2647, 0.5, 0.0, 0.0, 1.0]], ["19.png", [0.9596753716468811, -0.12600183486938477, -0.2512899339199066, 0.6414996994213085, -0.17796696722507477, -0.9642907381057739, -0.19614039361476898, 0.4955390093077357, -0.21760249137878418, 0.23295241594314575, -0.9478302597999573, 2.5754454422287183, 0.0, 0.0, 0.0, 1.0, 4.2647, 0.0, 0.5, 0.0, 4.2647, 0.5, 0.0, 0.0, 1.0]], ["19_mirror.png", [0.9596753716468811, 0.12600183486938477, 0.2512899339199066, -0.6414996994213085, 0.17796696722507477, -0.9642907381057739, -0.19614039361476898, 0.4955390093077357, 0.21760249137878418, 0.23295241594314575, -0.9478302597999573, 2.5754454422287183, 0.0, 0.0, 0.0, 1.0, 4.2647, 0.0, 0.5, 0.0, 4.2647, 0.5, 0.0, 0.0, 1.0]], ["2.png", [0.9793655872344971, -0.10657870024442673, -0.17170938849449158, 0.43532235947449444, -0.12828925251960754, -0.984360933303833, -0.12072820216417313, 0.30236048853394465, -0.1561569720506668, 0.14026550948619843, -0.9777221083641052, 2.6474653120135634, 0.0, 0.0, 0.0, 1.0, 4.2647, 0.0, 0.5, 0.0, 4.2647, 0.5, 0.0, 0.0, 1.0]], ["2_mirror.png", [0.9793655872344971, 0.10657870024442673, 0.17170938849449158, -0.43532235947449444, 0.12828925251960754, -0.984360933303833, -0.12072820216417313, 0.30236048853394465, 0.1561569720506668, 0.14026550948619843, -0.9777221083641052, 2.6474653120135634, 0.0, 0.0, 0.0, 1.0, 4.2647, 0.0, 0.5, 0.0, 4.2647, 0.5, 0.0, 0.0, 1.0]], ["3.png", [0.9982847571372986, -0.01708597131073475, 0.05599610507488251, -0.14708363914259115, -0.010952180251479149, -0.9940829277038574, -0.10806963592767715, 0.27674616137271885, 0.05751124769449234, 0.1072709858417511, -0.9925650358200073, 2.6817490496431686, 0.0, 0.0, 0.0, 1.0, 4.2647, 0.0, 0.5, 0.0, 4.2647, 0.5, 0.0, 0.0, 1.0]], ["3_mirror.png", [0.9982847571372986, 0.01708597131073475, -0.05599610507488251, 0.14708363914259115, 0.010952180251479149, -0.9940829277038574, -0.10806963592767715, 0.27674616137271885, -0.05751124769449234, 0.1072709858417511, -0.9925650358200073, 2.6817490496431686, 0.0, 0.0, 0.0, 1.0, 4.2647, 0.0, 0.5, 0.0, 4.2647, 0.5, 0.0, 0.0, 1.0]], ["4.png", [0.9973901510238647, -0.07079343497753143, -0.01417927909642458, 0.033971682892497856, -0.07207941263914108, -0.9876615405082703, -0.13902948796749115, 0.348602168049156, -0.004161952994763851, 0.1396886706352234, -0.9901866912841797, 2.677185547023755, 0.0, 0.0, 0.0, 1.0, 4.2647, 0.0, 0.5, 0.0, 4.2647, 0.5, 0.0, 0.0, 1.0]], ["4_mirror.png", [0.9973901510238647, 0.07079343497753143, 0.01417927909642458, -0.033971682892497856, 0.07207941263914108, -0.9876615405082703, -0.13902948796749115, 0.348602168049156, 0.004161952994763851, 0.1396886706352234, -0.9901866912841797, 2.677185547023755, 0.0, 0.0, 0.0, 1.0, 4.2647, 0.0, 0.5, 0.0, 4.2647, 0.5, 0.0, 0.0, 1.0]], ["5.png", [0.9953808188438416, -0.07327200472354889, -0.06203392520546913, 0.15831420759907536, -0.08845079690217972, -0.9511443376541138, -0.2958054840564728, 0.7508079453442698, -0.03732895851135254, 0.2999260425567627, -0.9532318711280823, 2.5886722544347314, 0.0, 0.0, 0.0, 1.0, 4.2647, 0.0, 0.5, 0.0, 4.2647, 0.5, 0.0, 0.0, 1.0]], ["5_mirror.png", [0.9953808188438416, 0.07327200472354889, 0.06203392520546913, -0.15831420759907536, 0.08845079690217972, -0.9511443376541138, -0.2958054840564728, 0.7508079453442698, 0.03732895851135254, 0.2999260425567627, -0.9532318711280823, 2.5886722544347314, 0.0, 0.0, 0.0, 1.0, 4.2647, 0.0, 0.5, 0.0, 4.2647, 0.5, 0.0, 0.0, 1.0]], ["6.png", [0.9979518055915833, 0.02705446630716324, 0.057966746389865875, -0.15033790210700176, 0.031705573201179504, -0.996219277381897, -0.08088179677724838, 0.20522821131829028, 0.05555937439203262, 0.08255401253700256, -0.9950366616249084, 2.687988075953679, 0.0, 0.0, 0.0, 1.0, 4.2647, 0.0, 0.5, 0.0, 4.2647, 0.5, 0.0, 0.0, 1.0]], ["6_mirror.png", [0.9979518055915833, -0.02705446630716324, -0.057966746389865875, 0.15033790210700176, -0.031705573201179504, -0.996219277381897, -0.08088179677724838, 0.20522821131829028, -0.05555937439203262, 0.08255401253700256, -0.9950366616249084, 2.687988075953679, 0.0, 0.0, 0.0, 1.0, 4.2647, 0.0, 0.5, 0.0, 4.2647, 0.5, 0.0, 0.0, 1.0]], ["7.png", [0.9828125238418579, -0.0990786924958229, -0.1557656228542328, 0.3921882604626156, -0.0847693681716919, -0.9917669296264648, 0.09598119556903839, -0.24595204637564475, -0.16399288177490234, -0.08112736791372299, -0.9831198453903198, 2.6600180373897735, 0.0, 0.0, 0.0, 1.0, 4.2647, 0.0, 0.5, 0.0, 4.2647, 0.5, 0.0, 0.0, 1.0]], ["7_mirror.png", [0.9828125238418579, 0.0990786924958229, 0.1557656228542328, -0.3921882604626156, 0.0847693681716919, -0.9917669296264648, 0.09598119556903839, -0.24595204637564475, 0.16399288177490234, -0.08112736791372299, -0.9831198453903198, 2.6600180373897735, 0.0, 0.0, 0.0, 1.0, 4.2647, 0.0, 0.5, 0.0, 4.2647, 0.5, 0.0, 0.0, 1.0]], ["8.png", [0.9615113735198975, -0.044732168316841125, -0.2710994780063629, 0.6860798051841773, -0.11943869292736053, -0.9566085934638977, -0.26577138900756836, 0.6690846824206736, -0.24744756519794464, 0.2879219651222229, -0.9251328110694885, 2.5242068434794462, 0.0, 0.0, 0.0, 1.0, 4.2647, 0.0, 0.5, 0.0, 4.2647, 0.5, 0.0, 0.0, 1.0]], ["8_mirror.png", [0.9615113735198975, 0.044732168316841125, 0.2710994780063629, -0.6860798051841773, 0.11943869292736053, -0.9566085934638977, -0.26577138900756836, 0.6690846824206736, 0.24744756519794464, 0.2879219651222229, -0.9251328110694885, 2.5242068434794462, 0.0, 0.0, 0.0, 1.0, 4.2647, 0.0, 0.5, 0.0, 4.2647, 0.5, 0.0, 0.0, 1.0]], ["9.png", [0.990394115447998, -0.12007500231266022, -0.06856708228588104, 0.17396179918412927, -0.13069291412830353, -0.9748309254646301, -0.18062108755111694, 0.45473792325040735, -0.04515323042869568, 0.1878472864627838, -0.9811598658561707, 2.655739202855304, 0.0, 0.0, 0.0, 1.0, 4.2647, 0.0, 0.5, 0.0, 4.2647, 0.5, 0.0, 0.0, 1.0]], ["9_mirror.png", [0.990394115447998, 0.12007500231266022, 0.06856708228588104, -0.17396179918412927, 0.13069291412830353, -0.9748309254646301, -0.18062108755111694, 0.45473792325040735, 0.04515323042869568, 0.1878472864627838, -0.9811598658561707, 2.655739202855304, 0.0, 0.0, 0.0, 1.0, 4.2647, 0.0, 0.5, 0.0, 4.2647, 0.5, 0.0, 0.0, 1.0]]]}