{"labels": [["0_0.png", [0.9985443353652954, -0.020061291754245758, -0.05006745085120201, 0.12400801844817161, -0.029745005071163177, -0.9791603088378906, -0.20089872181415558, 0.5078270421824439, -0.044993773102760315, 0.20209552347660065, -0.9783317446708679, 2.6489117966796836, 0.0, 0.0, 0.0, 1.0, 4.2647, 0.0, 0.5, 0.0, 4.2647, 0.5, 0.0, 0.0, 1.0]], ["0_0_mirror.png", [0.9985443353652954, 0.020061291754245758, 0.05006745085120201, -0.12400801844817161, 0.029745005071163177, -0.9791603088378906, -0.20089872181415558, 0.5078270421824439, 0.044993773102760315, 0.20209552347660065, -0.9783317446708679, 2.6489117966796836, 0.0, 0.0, 0.0, 1.0, 4.2647, 0.0, 0.5, 0.0, 4.2647, 0.5, 0.0, 0.0, 1.0]], ["0_1.png", [0.9897412657737732, -0.11825393885374069, -0.08017521351575851, 0.20383125679383476, -0.13661187887191772, -0.9475976228713989, -0.2887832820415497, 0.7545248631177894, -0.04182408004999161, 0.29677364230155945, -0.9540314674377441, 2.584404196268635, 0.0, 0.0, 0.0, 1.0, 4.2647, 0.0, 0.5, 0.0, 4.2647, 0.5, 0.0, 0.0, 1.0]], ["0_1_mirror.png", [0.9897412657737732, 0.11825393885374069, 0.08017521351575851, -0.20383125679383476, 0.13661187887191772, -0.9475976228713989, -0.2887832820415497, 0.7545248631177894, 0.04182408004999161, 0.29677364230155945, -0.9540314674377441, 2.584404196268635, 0.0, 0.0, 0.0, 1.0, 4.2647, 0.0, 0.5, 0.0, 4.2647, 0.5, 0.0, 0.0, 1.0]], ["0_10.png", [0.9747275710105896, -0.22289781272411346, -0.014926215633749962, 0.035629048369282296, -0.22314868867397308, -0.9683188199996948, -0.11208626627922058, 0.2846059924788817, 0.010530448518693447, 0.11258433759212494, -0.9935863614082336, 2.6847215870472327, 0.0, 0.0, 0.0, 1.0, 4.2647, 0.0, 0.5, 0.0, 4.2647, 0.5, 0.0, 0.0, 1.0]], ["0_10_mirror.png", [0.9747275710105896, 0.22289781272411346, 0.014926215633749962, -0.035629048369282296, 0.22314868867397308, -0.9683188199996948, -0.11208626627922058, 0.2846059924788817, -0.010530448518693447, 0.11258433759212494, -0.9935863614082336, 2.6847215870472327, 0.0, 0.0, 0.0, 1.0, 4.2647, 0.0, 0.5, 0.0, 4.2647, 0.5, 0.0, 0.0, 1.0]], ["0_11.png", [0.9928355813026428, -0.1116831824183464, -0.042477283626794815, 0.1059230001838749, -0.118124820291996, -0.9709440469741821, -0.20812076330184937, 0.5307185863015605, -0.017999473959207535, 0.21164733171463013, -0.9771803021430969, 2.6452066271250194, 0.0, 0.0, 0.0, 1.0, 4.2647, 0.0, 0.5, 0.0, 4.2647, 0.5, 0.0, 0.0, 1.0]], ["0_11_mirror.png", [0.9928355813026428, 0.1116831824183464, 0.042477283626794815, -0.1059230001838749, 0.118124820291996, -0.9709440469741821, -0.20812076330184937, 0.5307185863015605, 0.017999473959207535, 0.21164733171463013, -0.9771803021430969, 2.6452066271250194, 0.0, 0.0, 0.0, 1.0, 4.2647, 0.0, 0.5, 0.0, 4.2647, 0.5, 0.0, 0.0, 1.0]], ["0_12.png", [0.9160487055778503, -0.0906376987695694, -0.39069122076034546, 0.996043361405027, -0.14287982881069183, -0.9839680194854736, -0.10673462599515915, 0.2746379292444225, -0.374753475189209, 0.15359601378440857, -0.9143128991127014, 2.4944882501269294, 0.0, 0.0, 0.0, 1.0, 4.2647, 0.0, 0.5, 0.0, 4.2647, 0.5, 0.0, 0.0, 1.0]], ["0_12_mirror.png", [0.9160487055778503, 0.0906376987695694, 0.39069122076034546, -0.996043361405027, 0.14287982881069183, -0.9839680194854736, -0.10673462599515915, 0.2746379292444225, 0.374753475189209, 0.15359601378440857, -0.9143128991127014, 2.4944882501269294, 0.0, 0.0, 0.0, 1.0, 4.2647, 0.0, 0.5, 0.0, 4.2647, 0.5, 0.0, 0.0, 1.0]], ["0_13.png", [0.9554028511047363, -0.048143692314624786, -0.2913546562194824, 0.7412026311186241, -0.10731278359889984, -0.9757729768753052, -0.19065983593463898, 0.4907994568331151, -0.2751169204711914, 0.21342304348945618, -0.9374226331710815, 2.5494576977849914, 0.0, 0.0, 0.0, 1.0, 4.2647, 0.0, 0.5, 0.0, 4.2647, 0.5, 0.0, 0.0, 1.0]], ["0_13_mirror.png", [0.9554028511047363, 0.048143692314624786, 0.2913546562194824, -0.7412026311186241, 0.10731278359889984, -0.9757729768753052, -0.19065983593463898, 0.4907994568331151, 0.2751169204711914, 0.21342304348945618, -0.9374226331710815, 2.5494576977849914, 0.0, 0.0, 0.0, 1.0, 4.2647, 0.0, 0.5, 0.0, 4.2647, 0.5, 0.0, 0.0, 1.0]], ["0_14.png", [0.9521602988243103, -0.05759039893746376, -0.30012351274490356, 0.7662130147212667, -0.1330510973930359, -0.9622399210929871, -0.23746952414512634, 0.6124176878410756, -0.27511486411094666, 0.2660408318042755, -0.9238690733909607, 2.5155242379454705, 0.0, 0.0, 0.0, 1.0, 4.2647, 0.0, 0.5, 0.0, 4.2647, 0.5, 0.0, 0.0, 1.0]], ["0_14_mirror.png", [0.9521602988243103, 0.05759039893746376, 0.30012351274490356, -0.7662130147212667, 0.1330510973930359, -0.9622399210929871, -0.23746952414512634, 0.6124176878410756, 0.27511486411094666, 0.2660408318042755, -0.9238690733909607, 2.5155242379454705, 0.0, 0.0, 0.0, 1.0, 4.2647, 0.0, 0.5, 0.0, 4.2647, 0.5, 0.0, 0.0, 1.0]], ["0_15.png", [0.9835677742958069, -0.1804877072572708, 0.0043333848007023335, -0.015366511823019803, -0.1772380769252777, -0.9698718190193176, -0.16713862121105194, 0.4218006669037792, 0.03436928987503052, 0.1636240929365158, -0.9859238862991333, 2.6668048424498405, 0.0, 0.0, 0.0, 1.0, 4.2647, 0.0, 0.5, 0.0, 4.2647, 0.5, 0.0, 0.0, 1.0]], ["0_15_mirror.png", [0.9835677742958069, 0.1804877072572708, -0.0043333848007023335, 0.015366511823019803, 0.1772380769252777, -0.9698718190193176, -0.16713862121105194, 0.4218006669037792, -0.03436928987503052, 0.1636240929365158, -0.9859238862991333, 2.6668048424498405, 0.0, 0.0, 0.0, 1.0, 4.2647, 0.0, 0.5, 0.0, 4.2647, 0.5, 0.0, 0.0, 1.0]], ["0_16.png", [0.9228177666664124, 0.03681237995624542, -0.38347381353378296, 0.9770750042934576, -0.042835988104343414, -0.9794456362724304, -0.1971074342727661, 0.5064318725963755, -0.38284772634506226, 0.19832073152065277, -0.9022729396820068, 2.4655326390870327, 0.0, 0.0, 0.0, 1.0, 4.2647, 0.0, 0.5, 0.0, 4.2647, 0.5, 0.0, 0.0, 1.0]], ["0_16_mirror.png", [0.9228177666664124, -0.03681237995624542, 0.38347381353378296, -0.9770750042934576, 0.042835988104343414, -0.9794456362724304, -0.1971074342727661, 0.5064318725963755, 0.38284772634506226, 0.19832073152065277, -0.9022729396820068, 2.4655326390870327, 0.0, 0.0, 0.0, 1.0, 4.2647, 0.0, 0.5, 0.0, 4.2647, 0.5, 0.0, 0.0, 1.0]], ["0_17.png", [0.9432485699653625, -0.06377846002578735, -0.3259056508541107, 0.8295115357193061, -0.14279240369796753, -0.9639230370521545, -0.22463925182819366, 0.5747869117480514, -0.29982078075408936, 0.2584275007247925, -0.9183260798454285, 2.5043024214722425, 0.0, 0.0, 0.0, 1.0, 4.2647, 0.0, 0.5, 0.0, 4.2647, 0.5, 0.0, 0.0, 1.0]], ["0_17_mirror.png", [0.9432485699653625, 0.06377846002578735, 0.3259056508541107, -0.8295115357193061, 0.14279240369796753, -0.9639230370521545, -0.22463925182819366, 0.5747869117480514, 0.29982078075408936, 0.2584275007247925, -0.9183260798454285, 2.5043024214722425, 0.0, 0.0, 0.0, 1.0, 4.2647, 0.0, 0.5, 0.0, 4.2647, 0.5, 0.0, 0.0, 1.0]], ["0_18.png", [0.9552445411682129, -0.0063744038343429565, -0.29574885964393616, 0.7561577114328878, -0.08442472666501999, -0.9640621542930603, -0.25190606713294983, 0.647041583408769, -0.28351449966430664, 0.26560038328170776, -0.9214531779289246, 2.509892966797678, 0.0, 0.0, 0.0, 1.0, 4.2647, 0.0, 0.5, 0.0, 4.2647, 0.5, 0.0, 0.0, 1.0]], ["0_18_mirror.png", [0.9552445411682129, 0.0063744038343429565, 0.29574885964393616, -0.7561577114328878, 0.08442472666501999, -0.9640621542930603, -0.25190606713294983, 0.647041583408769, 0.28351449966430664, 0.26560038328170776, -0.9214531779289246, 2.509892966797678, 0.0, 0.0, 0.0, 1.0, 4.2647, 0.0, 0.5, 0.0, 4.2647, 0.5, 0.0, 0.0, 1.0]], ["0_19.png", [0.9498029351234436, -0.039456699043512344, -0.3103507459163666, 0.79112801138934, -0.11303415894508362, -0.9682824015617371, -0.22282838821411133, 0.5730897742997558, -0.2917150855064392, 0.24672327935695648, -0.9241374135017395, 2.5170785804555655, 0.0, 0.0, 0.0, 1.0, 4.2647, 0.0, 0.5, 0.0, 4.2647, 0.5, 0.0, 0.0, 1.0]], ["0_19_mirror.png", [0.9498029351234436, 0.039456699043512344, 0.3103507459163666, -0.79112801138934, 0.11303415894508362, -0.9682824015617371, -0.22282838821411133, 0.5730897742997558, 0.2917150855064392, 0.24672327935695648, -0.9241374135017395, 2.5170785804555655, 0.0, 0.0, 0.0, 1.0, 4.2647, 0.0, 0.5, 0.0, 4.2647, 0.5, 0.0, 0.0, 1.0]], ["0_2.png", [0.9082533717155457, -0.08823393285274506, -0.4090116620063782, 1.0426735208916558, -0.13983504474163055, -0.985317051410675, -0.09796113520860672, 0.2577523973464012, -0.3943626880645752, 0.14616769552230835, -0.9072558283805847, 2.477174929328484, 0.0, 0.0, 0.0, 1.0, 4.2647, 0.0, 0.5, 0.0, 4.2647, 0.5, 0.0, 0.0, 1.0]], ["0_2_mirror.png", [0.9082533717155457, 0.08823393285274506, 0.4090116620063782, -1.0426735208916558, 0.13983504474163055, -0.985317051410675, -0.09796113520860672, 0.2577523973464012, 0.3943626880645752, 0.14616769552230835, -0.9072558283805847, 2.477174929328484, 0.0, 0.0, 0.0, 1.0, 4.2647, 0.0, 0.5, 0.0, 4.2647, 0.5, 0.0, 0.0, 1.0]], ["0_3.png", [0.9498617053031921, -0.03781527280807495, -0.3103751242160797, 0.7912608967111475, -0.11112171411514282, -0.9686821103096008, -0.22205159068107605, 0.5730735880122, -0.2922578752040863, 0.24540771543979645, -0.9243161678314209, 2.517040495514265, 0.0, 0.0, 0.0, 1.0, 4.2647, 0.0, 0.5, 0.0, 4.2647, 0.5, 0.0, 0.0, 1.0]], ["0_3_mirror.png", [0.9498617053031921, 0.03781527280807495, 0.3103751242160797, -0.7912608967111475, 0.11112171411514282, -0.9686821103096008, -0.22205159068107605, 0.5730735880122, 0.2922578752040863, 0.24540771543979645, -0.9243161678314209, 2.517040495514265, 0.0, 0.0, 0.0, 1.0, 4.2647, 0.0, 0.5, 0.0, 4.2647, 0.5, 0.0, 0.0, 1.0]], ["0_4.png", [0.955472469329834, -0.02586490474641323, -0.2939442992210388, 0.7503851738914505, -0.097087062895298, -0.9682440757751465, -0.2303854078054428, 0.5897378105614909, -0.2786509394645691, 0.24866512417793274, -0.927641749382019, 2.5256942423021114, 0.0, 0.0, 0.0, 1.0, 4.2647, 0.0, 0.5, 0.0, 4.2647, 0.5, 0.0, 0.0, 1.0]], ["0_4_mirror.png", [0.955472469329834, 0.02586490474641323, 0.2939442992210388, -0.7503851738914505, 0.097087062895298, -0.9682440757751465, -0.2303854078054428, 0.5897378105614909, 0.2786509394645691, 0.24866512417793274, -0.927641749382019, 2.5256942423021114, 0.0, 0.0, 0.0, 1.0, 4.2647, 0.0, 0.5, 0.0, 4.2647, 0.5, 0.0, 0.0, 1.0]], ["0_5.png", [0.9450252652168274, -0.0931391716003418, -0.3134523630142212, 0.8010233064400983, -0.16011109948158264, -0.9676052927970886, -0.1952037811279297, 0.5020571006390241, -0.2851170301437378, 0.23465971648693085, -0.9293240308761597, 2.529090810990722, 0.0, 0.0, 0.0, 1.0, 4.2647, 0.0, 0.5, 0.0, 4.2647, 0.5, 0.0, 0.0, 1.0]], ["0_5_mirror.png", [0.9450252652168274, 0.0931391716003418, 0.3134523630142212, -0.8010233064400983, 0.16011109948158264, -0.9676052927970886, -0.1952037811279297, 0.5020571006390241, 0.2851170301437378, 0.23465971648693085, -0.9293240308761597, 2.529090810990722, 0.0, 0.0, 0.0, 1.0, 4.2647, 0.0, 0.5, 0.0, 4.2647, 0.5, 0.0, 0.0, 1.0]], ["0_6.png", [0.9478710889816284, -0.07235319167375565, -0.31033116579055786, 0.7922456531522932, -0.1439705789089203, -0.9660531878471375, -0.21450801193714142, 0.5526203809672029, -0.2842760682106018, 0.2480044811964035, -0.9261106252670288, 2.5213007634157734, 0.0, 0.0, 0.0, 1.0, 4.2647, 0.0, 0.5, 0.0, 4.2647, 0.5, 0.0, 0.0, 1.0]], ["0_6_mirror.png", [0.9478710889816284, 0.07235319167375565, 0.31033116579055786, -0.7922456531522932, 0.1439705789089203, -0.9660531878471375, -0.21450801193714142, 0.5526203809672029, 0.2842760682106018, 0.2480044811964035, -0.9261106252670288, 2.5213007634157734, 0.0, 0.0, 0.0, 1.0, 4.2647, 0.0, 0.5, 0.0, 4.2647, 0.5, 0.0, 0.0, 1.0]], ["0_7.png", [0.9929758310317993, -0.1080852672457695, -0.04813075065612793, 0.12221808628464584, -0.11583130806684494, -0.9709953665733337, -0.2091677039861679, 0.531871800340685, -0.024126792326569557, 0.2132735252380371, -0.9766945838928223, 2.644272135652319, 0.0, 0.0, 0.0, 1.0, 4.2647, 0.0, 0.5, 0.0, 4.2647, 0.5, 0.0, 0.0, 1.0]], ["0_7_mirror.png", [0.9929758310317993, 0.1080852672457695, 0.04813075065612793, -0.12221808628464584, 0.11583130806684494, -0.9709953665733337, -0.2091677039861679, 0.531871800340685, 0.024126792326569557, 0.2132735252380371, -0.9766945838928223, 2.644272135652319, 0.0, 0.0, 0.0, 1.0, 4.2647, 0.0, 0.5, 0.0, 4.2647, 0.5, 0.0, 0.0, 1.0]], ["0_8.png", [0.9738070964813232, -0.22281229496002197, 0.04532451927661896, -0.11288337382274123, -0.2153497338294983, -0.9677620530128479, -0.1306176632642746, 0.33449248480198396, 0.0729665756225586, 0.11743579804897308, -0.9903962016105652, 2.6768212718680697, 0.0, 0.0, 0.0, 1.0, 4.2647, 0.0, 0.5, 0.0, 4.2647, 0.5, 0.0, 0.0, 1.0]], ["0_8_mirror.png", [0.9738070964813232, 0.22281229496002197, -0.04532451927661896, 0.11288337382274123, 0.2153497338294983, -0.9677620530128479, -0.1306176632642746, 0.33449248480198396, -0.0729665756225586, 0.11743579804897308, -0.9903962016105652, 2.6768212718680697, 0.0, 0.0, 0.0, 1.0, 4.2647, 0.0, 0.5, 0.0, 4.2647, 0.5, 0.0, 0.0, 1.0]], ["0_9.png", [0.8640180826187134, -0.003217682708054781, -0.5034505724906921, 1.2904898782516074, -0.039939574897289276, -0.9972661137580872, -0.062170207500457764, 0.1535867291054778, -0.5018741488456726, 0.07382377982139587, -0.8617843985557556, 2.3666531200775562, 0.0, 0.0, 0.0, 1.0, 4.2647, 0.0, 0.5, 0.0, 4.2647, 0.5, 0.0, 0.0, 1.0]], ["0_9_mirror.png", [0.8640180826187134, 0.003217682708054781, 0.5034505724906921, -1.2904898782516074, 0.039939574897289276, -0.9972661137580872, -0.062170207500457764, 0.1535867291054778, 0.5018741488456726, 0.07382377982139587, -0.8617843985557556, 2.3666531200775562, 0.0, 0.0, 0.0, 1.0, 4.2647, 0.0, 0.5, 0.0, 4.2647, 0.5, 0.0, 0.0, 1.0]]]}