{"labels": [["7_6.png", [0.9349132776260376, 0.02843775600194931, 0.3537348806858063, -0.9062568380729844, 0.04177367687225342, -0.9986729621887207, -0.030120715498924255, 0.08696119796885288, 0.35240891575813293, 0.04293706640601158, -0.9348606467247009, 2.5418765299466806, 0.0, 0.0, 0.0, 1.0, 4.2647, 0.0, 0.5, 0.0, 4.2647, 0.5, 0.0, 0.0, 1.0]], ["7_14.png", [0.9858579039573669, -0.16155973076820374, -0.04452646151185036, 0.11723916569074314, -0.1664239913225174, -0.9750462770462036, -0.1469281017780304, 0.38325419595323235, -0.019677696749567986, 0.15226049721240997, -0.9881444573402405, 2.6700882381135607, 0.0, 0.0, 0.0, 1.0, 4.2647, 0.0, 0.5, 0.0, 4.2647, 0.5, 0.0, 0.0, 1.0]], ["6_15.png", [0.915867269039154, -0.03363100066781044, 0.40007010102272034, -1.0283606969917052, -0.041375886648893356, -0.9990859627723694, 0.010734518989920616, -0.018295917532165074, 0.3993434011936188, -0.02638464979827404, -0.91642165184021, 2.496425351634691, 0.0, 0.0, 0.0, 1.0, 4.2647, 0.0, 0.5, 0.0, 4.2647, 0.5, 0.0, 0.0, 1.0]]]}