{"labels": [["6_15.png", [0.915867269039154, -0.03363100066781044, 0.40007010102272034, -1.0283606969917052, -0.041375886648893356, -0.9990859627723694, 0.010734518989920616, -0.018295917532165074, 0.3993434011936188, -0.02638464979827404, -0.91642165184021, 2.496425351634691, 0.0, 0.0, 0.0, 1.0, 4.2647, 0.0, 0.5, 0.0, 4.2647, 0.5, 0.0, 0.0, 1.0]], ["5_15.png", [0.9882744550704956, 0.0777212604880333, 0.1314271092414856, -0.33328419165597817, 0.09924641996622086, -0.9811016321182251, -0.16610148549079895, 0.4249297278721564, 0.11603372544050217, 0.17719753086566925, -0.9773111939430237, 2.645440676704492, 0.0, 0.0, 0.0, 1.0, 4.2647, 0.0, 0.5, 0.0, 4.2647, 0.5, 0.0, 0.0, 1.0]], ["6_12.png", [0.9946908354759216, -0.10253863036632538, -0.008712525479495525, 0.02041571488922242, -0.10138395428657532, -0.9619230031967163, -0.25382164120674133, 0.663363954323266, 0.01764574460685253, 0.2533573806285858, -0.9672117829322815, 2.6171609546778285, 0.0, 0.0, 0.0, 1.0, 4.2647, 0.0, 0.5, 0.0, 4.2647, 0.5, 0.0, 0.0, 1.0]]]}