{"labels": [["3_3.png", [0.9908953309059143, -0.11093372851610184, 0.07629051059484482, -0.1943999937570467, -0.10284144431352615, -0.9893632531166077, -0.10287848860025406, 0.2673116105781108, 0.08689172565937042, 0.09409599006175995, -0.9917639493942261, 2.6796927333702643, 0.0, 0.0, 0.0, 1.0, 4.2647, 0.0, 0.5, 0.0, 4.2647, 0.5, 0.0, 0.0, 1.0]], ["3_11.png", [0.9964967966079712, -0.057490743696689606, 0.06073600798845291, -0.15614479531636274, -0.05424782633781433, -0.9970793128013611, -0.053757987916469574, 0.13906567936452194, 0.06364920735359192, 0.050274867564439774, -0.996705174446106, 2.6918914427811713, 0.0, 0.0, 0.0, 1.0, 4.2647, 0.0, 0.5, 0.0, 4.2647, 0.5, 0.0, 0.0, 1.0]], ["3_6.png", [0.996214747428894, -0.061676204204559326, 0.06125444918870926, -0.15949377136751353, -0.05956869199872017, -0.9975871443748474, -0.03565744310617447, 0.09121325948428942, 0.06330586224794388, 0.03187362477183342, -0.9974850416183472, 2.6937412418770332, 0.0, 0.0, 0.0, 1.0, 4.2647, 0.0, 0.5, 0.0, 4.2647, 0.5, 0.0, 0.0, 1.0]]]}