{"labels": [["0_17.png", [0.9432485699653625, -0.06377846002578735, -0.3259056508541107, 0.8295115357193061, -0.14279240369796753, -0.9639230370521545, -0.22463925182819366, 0.5747869117480514, -0.29982078075408936, 0.2584275007247925, -0.9183260798454285, 2.5043024214722425, 0.0, 0.0, 0.0, 1.0, 4.2647, 0.0, 0.5, 0.0, 4.2647, 0.5, 0.0, 0.0, 1.0]], ["0_2.png", [0.9082533717155457, -0.08823393285274506, -0.4090116620063782, 1.0426735208916558, -0.13983504474163055, -0.985317051410675, -0.09796113520860672, 0.2577523973464012, -0.3943626880645752, 0.14616769552230835, -0.9072558283805847, 2.477174929328484, 0.0, 0.0, 0.0, 1.0, 4.2647, 0.0, 0.5, 0.0, 4.2647, 0.5, 0.0, 0.0, 1.0]], ["0_15.png", [0.9835677742958069, -0.1804877072572708, 0.0043333848007023335, -0.015366511823019803, -0.1772380769252777, -0.9698718190193176, -0.16713862121105194, 0.4218006669037792, 0.03436928987503052, 0.1636240929365158, -0.9859238862991333, 2.6668048424498405, 0.0, 0.0, 0.0, 1.0, 4.2647, 0.0, 0.5, 0.0, 4.2647, 0.5, 0.0, 0.0, 1.0]]]}