{"labels": [["1_2.png", [0.9844538569450378, -0.17562741041183472, 0.0023777862079441547, -0.009020766556640527, -0.1696671098470688, -0.9543713331222534, -0.24574078619480133, 0.6246855841160812, 0.04542810842394829, 0.24151700735092163, -0.9693326950073242, 2.6267254418321455, 0.0, 0.0, 0.0, 1.0, 4.2647, 0.0, 0.5, 0.0, 4.2647, 0.5, 0.0, 0.0, 1.0]], ["1_14.png", [0.9945175051689148, -0.08914725482463837, -0.05465904623270035, 0.13472060543316966, -0.09982667863368988, -0.9650227427482605, -0.24241651594638824, 0.6168885728372211, -0.03113645315170288, 0.24654391407966614, -0.9686312675476074, 2.625128348704988, 0.0, 0.0, 0.0, 1.0, 4.2647, 0.0, 0.5, 0.0, 4.2647, 0.5, 0.0, 0.0, 1.0]], ["0_18.png", [0.9552445411682129, -0.0063744038343429565, -0.29574885964393616, 0.7561577114328878, -0.08442472666501999, -0.9640621542930603, -0.25190606713294983, 0.647041583408769, -0.28351449966430664, 0.26560038328170776, -0.9214531779289246, 2.509892966797678, 0.0, 0.0, 0.0, 1.0, 4.2647, 0.0, 0.5, 0.0, 4.2647, 0.5, 0.0, 0.0, 1.0]]]}