{"labels": [["8_0.png", [0.9986789226531982, 0.001208783476613462, 0.051370538771152496, -0.13537160616006097, 0.004746889695525169, -0.9976186156272888, -0.0688081905245781, 0.1801507798818537, 0.051165033131837845, 0.06896114349365234, -0.9963064193725586, 2.690579904918939, 0.0, 0.0, 0.0, 1.0, 4.2647, 0.0, 0.5, 0.0, 4.2647, 0.5, 0.0, 0.0, 1.0]], ["6_18.png", [0.9805647134780884, -0.020358862355351448, 0.19513650238513947, -0.49934659618472615, 0.028428738936781883, -0.9693610668182373, -0.2439897656440735, 0.6404417132514192, 0.19412508606910706, 0.24479526281356812, -0.9499424695968628, 2.5749732792412265, 0.0, 0.0, 0.0, 1.0, 4.2647, 0.0, 0.5, 0.0, 4.2647, 0.5, 0.0, 0.0, 1.0]], ["7_2.png", [0.6806483864784241, -0.06515925377607346, -0.7297068238258362, 1.8884129085436534, 0.006533414125442505, -0.9954573512077332, 0.09498364478349686, -0.2399121446754085, -0.7325810790061951, -0.06941793113946915, -0.6771307587623596, 1.9147686151812038, 0.0, 0.0, 0.0, 1.0, 4.2647, 0.0, 0.5, 0.0, 4.2647, 0.5, 0.0, 0.0, 1.0]]]}