{"labels": [["0_14.png", [0.9987730979919434, -0.03812079504132271, -0.031608376652002335, 0.07685261029502162, -0.03713655844330788, -0.9988242387771606, 0.031161945313215256, -0.07610756811695776, -0.032759130001068115, -0.029949886724352837, -0.9990144371986389, 2.697832706890137, 0.0, 0.0, 0.0, 1.0, 4.2647, 0.0, 0.5, 0.0, 4.2647, 0.5, 0.0, 0.0, 1.0]], ["1_16.png", [0.996135413646698, -0.07504935562610626, -0.04562562704086304, 0.11131419495389434, -0.07753273099660873, -0.9954525828361511, -0.05534226819872856, 0.14928917561161614, -0.041264746338129044, 0.05866587534546852, -0.9974244236946106, 2.6935704728198537, 0.0, 0.0, 0.0, 1.0, 4.2647, 0.0, 0.5, 0.0, 4.2647, 0.5, 0.0, 0.0, 1.0]], ["0_11.png", [0.9989061951637268, -0.034509360790252686, -0.03155248239636421, 0.07477544687208083, -0.033511824905872345, -0.9989381432533264, 0.031615398824214935, -0.07715588149424085, -0.032610002905130386, -0.030523430556058884, -0.9990019798278809, 2.697861301567582, 0.0, 0.0, 0.0, 1.0, 4.2647, 0.0, 0.5, 0.0, 4.2647, 0.5, 0.0, 0.0, 1.0]]]}