{"labels": [["8_0.png", [0.9881170392036438, -0.11497511714696884, -0.10200687497854233, 0.2600375799741153, -0.1333274394273758, -0.9713650941848755, -0.1966564655303955, 0.4978779745820607, -0.07647531479597092, 0.20791994035243988, -0.9751517176628113, 2.6409274846968582, 0.0, 0.0, 0.0, 1.0, 4.2647, 0.0, 0.5, 0.0, 4.2647, 0.5, 0.0, 0.0, 1.0]], ["8_0_mirror.png", [0.9881170392036438, 0.11497511714696884, 0.10200687497854233, -0.2600375799741153, 0.1333274394273758, -0.9713650941848755, -0.1966564655303955, 0.4978779745820607, 0.07647531479597092, 0.20791994035243988, -0.9751517176628113, 2.6409274846968582, 0.0, 0.0, 0.0, 1.0, 4.2647, 0.0, 0.5, 0.0, 4.2647, 0.5, 0.0, 0.0, 1.0]], ["8_1.png", [0.9906031489372253, -0.04208897426724434, -0.13013042509555817, 0.32621905456658346, -0.03908417373895645, -0.9989089369773865, 0.02556013874709606, -0.06430388579881653, -0.13106423616409302, -0.020233914256095886, -0.9911673069000244, 2.6794488498026716, 0.0, 0.0, 0.0, 1.0, 4.2647, 0.0, 0.5, 0.0, 4.2647, 0.5, 0.0, 0.0, 1.0]], ["8_1_mirror.png", [0.9906031489372253, 0.04208897426724434, 0.13013042509555817, -0.32621905456658346, 0.03908417373895645, -0.9989089369773865, 0.02556013874709606, -0.06430388579881653, 0.13106423616409302, -0.020233914256095886, -0.9911673069000244, 2.6794488498026716, 0.0, 0.0, 0.0, 1.0, 4.2647, 0.0, 0.5, 0.0, 4.2647, 0.5, 0.0, 0.0, 1.0]], ["8_10.png", [0.982370138168335, -0.11260753870010376, -0.1492263525724411, 0.3756375414800015, -0.13300369679927826, -0.9819333553314209, -0.13459926843643188, 0.3439332172318121, -0.13137343525886536, 0.1520739495754242, -0.9795992374420166, 2.6515290644296994, 0.0, 0.0, 0.0, 1.0, 4.2647, 0.0, 0.5, 0.0, 4.2647, 0.5, 0.0, 0.0, 1.0]], ["8_10_mirror.png", [0.982370138168335, 0.11260753870010376, 0.1492263525724411, -0.3756375414800015, 0.13300369679927826, -0.9819333553314209, -0.13459926843643188, 0.3439332172318121, 0.13137343525886536, 0.1520739495754242, -0.9795992374420166, 2.6515290644296994, 0.0, 0.0, 0.0, 1.0, 4.2647, 0.0, 0.5, 0.0, 4.2647, 0.5, 0.0, 0.0, 1.0]], ["8_11.png", [0.9970670342445374, -0.06501808762550354, -0.040373820811510086, 0.10090279566621417, -0.06427233666181564, -0.9977417588233948, 0.019503720104694366, -0.050953391972113356, -0.04155074059963226, -0.016851594671607018, -0.9989942908287048, 2.6976327358766383, 0.0, 0.0, 0.0, 1.0, 4.2647, 0.0, 0.5, 0.0, 4.2647, 0.5, 0.0, 0.0, 1.0]], ["8_11_mirror.png", [0.9970670342445374, 0.06501808762550354, 0.040373820811510086, -0.10090279566621417, 0.06427233666181564, -0.9977417588233948, 0.019503720104694366, -0.050953391972113356, 0.04155074059963226, -0.016851594671607018, -0.9989942908287048, 2.6976327358766383, 0.0, 0.0, 0.0, 1.0, 4.2647, 0.0, 0.5, 0.0, 4.2647, 0.5, 0.0, 0.0, 1.0]], ["8_12.png", [0.992591142654419, -0.10396136343479156, -0.06288819015026093, 0.16084327280986557, -0.11453378945589066, -0.9733495116233826, -0.1986776888370514, 0.49907580929548695, -0.0405573844909668, 0.20440852642059326, -0.9780451655387878, 2.648594491077837, 0.0, 0.0, 0.0, 1.0, 4.2647, 0.0, 0.5, 0.0, 4.2647, 0.5, 0.0, 0.0, 1.0]], ["8_12_mirror.png", [0.992591142654419, 0.10396136343479156, 0.06288819015026093, -0.16084327280986557, 0.11453378945589066, -0.9733495116233826, -0.1986776888370514, 0.49907580929548695, 0.0405573844909668, 0.20440852642059326, -0.9780451655387878, 2.648594491077837, 0.0, 0.0, 0.0, 1.0, 4.2647, 0.0, 0.5, 0.0, 4.2647, 0.5, 0.0, 0.0, 1.0]], ["8_13.png", [0.9967662692070007, 0.039323367178440094, 0.07007597386837006, -0.17948082606441443, 0.034194640815258026, -0.996749758720398, 0.07294213026762009, -0.1908974746719503, 0.07271654158830643, -0.07031003385782242, -0.994871199131012, 2.6872559958513644, 0.0, 0.0, 0.0, 1.0, 4.2647, 0.0, 0.5, 0.0, 4.2647, 0.5, 0.0, 0.0, 1.0]], ["8_13_mirror.png", [0.9967662692070007, -0.039323367178440094, -0.07007597386837006, 0.17948082606441443, -0.034194640815258026, -0.996749758720398, 0.07294213026762009, -0.1908974746719503, -0.07271654158830643, -0.07031003385782242, -0.994871199131012, 2.6872559958513644, 0.0, 0.0, 0.0, 1.0, 4.2647, 0.0, 0.5, 0.0, 4.2647, 0.5, 0.0, 0.0, 1.0]], ["8_14.png", [0.9922066330909729, -0.11999113857746124, 0.033587731420993805, -0.08827426465466276, -0.11175201088190079, -0.9761610627174377, -0.1860676109790802, 0.4779323725167203, 0.055113501846790314, 0.18086402118206024, -0.9819626808166504, 2.6558968921063593, 0.0, 0.0, 0.0, 1.0, 4.2647, 0.0, 0.5, 0.0, 4.2647, 0.5, 0.0, 0.0, 1.0]], ["8_14_mirror.png", [0.9922066330909729, 0.11999113857746124, -0.033587731420993805, 0.08827426465466276, 0.11175201088190079, -0.9761610627174377, -0.1860676109790802, 0.4779323725167203, -0.055113501846790314, 0.18086402118206024, -0.9819626808166504, 2.6558968921063593, 0.0, 0.0, 0.0, 1.0, 4.2647, 0.0, 0.5, 0.0, 4.2647, 0.5, 0.0, 0.0, 1.0]], ["8_15.png", [0.9615113735198975, -0.044732168316841125, -0.2710994780063629, 0.6860798051841773, -0.11943869292736053, -0.9566085934638977, -0.26577138900756836, 0.6690846824206736, -0.24744756519794464, 0.2879219651222229, -0.9251328110694885, 2.5242068434794462, 0.0, 0.0, 0.0, 1.0, 4.2647, 0.0, 0.5, 0.0, 4.2647, 0.5, 0.0, 0.0, 1.0]], ["8_15_mirror.png", [0.9615113735198975, 0.044732168316841125, 0.2710994780063629, -0.6860798051841773, 0.11943869292736053, -0.9566085934638977, -0.26577138900756836, 0.6690846824206736, 0.24744756519794464, 0.2879219651222229, -0.9251328110694885, 2.5242068434794462, 0.0, 0.0, 0.0, 1.0, 4.2647, 0.0, 0.5, 0.0, 4.2647, 0.5, 0.0, 0.0, 1.0]], ["8_16.png", [0.9973149299621582, -0.035958580672740936, 0.0637948289513588, -0.16165590973942162, -0.02880873903632164, -0.9935522079467773, -0.10965374112129211, 0.28101618388513344, 0.06732648611068726, 0.10752147436141968, -0.9919204711914062, 2.6804658683223255, 0.0, 0.0, 0.0, 1.0, 4.2647, 0.0, 0.5, 0.0, 4.2647, 0.5, 0.0, 0.0, 1.0]], ["8_16_mirror.png", [0.9973149299621582, 0.035958580672740936, -0.0637948289513588, 0.16165590973942162, 0.02880873903632164, -0.9935522079467773, -0.10965374112129211, 0.28101618388513344, -0.06732648611068726, 0.10752147436141968, -0.9919204711914062, 2.6804658683223255, 0.0, 0.0, 0.0, 1.0, 4.2647, 0.0, 0.5, 0.0, 4.2647, 0.5, 0.0, 0.0, 1.0]], ["8_17.png", [0.9030926823616028, -0.20410914719104767, -0.3778401017189026, 0.9601101534574025, -0.24393108487129211, -0.967924952507019, -0.060157813131809235, 0.14813244244534207, -0.35344207286834717, 0.1464950144290924, -0.9239144921302795, 2.519175514473571, 0.0, 0.0, 0.0, 1.0, 4.2647, 0.0, 0.5, 0.0, 4.2647, 0.5, 0.0, 0.0, 1.0]], ["8_17_mirror.png", [0.9030926823616028, 0.20410914719104767, 0.3778401017189026, -0.9601101534574025, 0.24393108487129211, -0.967924952507019, -0.060157813131809235, 0.14813244244534207, 0.35344207286834717, 0.1464950144290924, -0.9239144921302795, 2.519175514473571, 0.0, 0.0, 0.0, 1.0, 4.2647, 0.0, 0.5, 0.0, 4.2647, 0.5, 0.0, 0.0, 1.0]], ["8_18.png", [0.9828125238418579, -0.0990786924958229, -0.1557656228542328, 0.3921882604626156, -0.0847693681716919, -0.9917669296264648, 0.09598119556903839, -0.24595204637564475, -0.16399288177490234, -0.08112736791372299, -0.9831198453903198, 2.6600180373897735, 0.0, 0.0, 0.0, 1.0, 4.2647, 0.0, 0.5, 0.0, 4.2647, 0.5, 0.0, 0.0, 1.0]], ["8_18_mirror.png", [0.9828125238418579, 0.0990786924958229, 0.1557656228542328, -0.3921882604626156, 0.0847693681716919, -0.9917669296264648, 0.09598119556903839, -0.24595204637564475, 0.16399288177490234, -0.08112736791372299, -0.9831198453903198, 2.6600180373897735, 0.0, 0.0, 0.0, 1.0, 4.2647, 0.0, 0.5, 0.0, 4.2647, 0.5, 0.0, 0.0, 1.0]], ["8_19.png", [0.9687889814376831, -0.1447841376066208, -0.2012101262807846, 0.5078831911011621, -0.18867582082748413, -0.9571468234062195, -0.21970753371715546, 0.5518407952539479, -0.16077746450901031, 0.25081372261047363, -0.9545904994010925, 2.593747559206638, 0.0, 0.0, 0.0, 1.0, 4.2647, 0.0, 0.5, 0.0, 4.2647, 0.5, 0.0, 0.0, 1.0]], ["8_19_mirror.png", [0.9687889814376831, 0.1447841376066208, 0.2012101262807846, -0.5078831911011621, 0.18867582082748413, -0.9571468234062195, -0.21970753371715546, 0.5518407952539479, 0.16077746450901031, 0.25081372261047363, -0.9545904994010925, 2.593747559206638, 0.0, 0.0, 0.0, 1.0, 4.2647, 0.0, 0.5, 0.0, 4.2647, 0.5, 0.0, 0.0, 1.0]], ["8_2.png", [0.9982499480247498, 0.005790482275187969, 0.0588517002761364, -0.15119759676877748, 0.011442679911851883, -0.995299756526947, -0.0961635485291481, 0.24305244525474448, 0.05801825225353241, 0.09666868299245834, -0.993624210357666, 2.6847839383434633, 0.0, 0.0, 0.0, 1.0, 4.2647, 0.0, 0.5, 0.0, 4.2647, 0.5, 0.0, 0.0, 1.0]], ["8_2_mirror.png", [0.9982499480247498, -0.005790482275187969, -0.0588517002761364, 0.15119759676877748, -0.011442679911851883, -0.995299756526947, -0.0961635485291481, 0.24305244525474448, -0.05801825225353241, 0.09666868299245834, -0.993624210357666, 2.6847839383434633, 0.0, 0.0, 0.0, 1.0, 4.2647, 0.0, 0.5, 0.0, 4.2647, 0.5, 0.0, 0.0, 1.0]], ["8_3.png", [0.9981701374053955, -0.060463108122348785, -0.0007994798361323774, 0.0008309157356041873, -0.059831880033016205, -0.9856632947921753, -0.15775929391384125, 0.3983361076821331, 0.00875059887766838, 0.1575184315443039, -0.9874773025512695, 2.6704545783247635, 0.0, 0.0, 0.0, 1.0, 4.2647, 0.0, 0.5, 0.0, 4.2647, 0.5, 0.0, 0.0, 1.0]], ["8_3_mirror.png", [0.9981701374053955, 0.060463108122348785, 0.0007994798361323774, -0.0008309157356041873, 0.059831880033016205, -0.9856632947921753, -0.15775929391384125, 0.3983361076821331, -0.00875059887766838, 0.1575184315443039, -0.9874773025512695, 2.6704545783247635, 0.0, 0.0, 0.0, 1.0, 4.2647, 0.0, 0.5, 0.0, 4.2647, 0.5, 0.0, 0.0, 1.0]], ["8_4.png", [0.9871001243591309, -0.03725242242217064, -0.15570992231369019, 0.39485941893421234, -0.0702238529920578, -0.9747493267059326, -0.2119724005460739, 0.536056947238874, -0.1438816487789154, 0.22017252445220947, -0.9647911787033081, 2.616625496435414, 0.0, 0.0, 0.0, 1.0, 4.2647, 0.0, 0.5, 0.0, 4.2647, 0.5, 0.0, 0.0, 1.0]], ["8_4_mirror.png", [0.9871001243591309, 0.03725242242217064, 0.15570992231369019, -0.39485941893421234, 0.0702238529920578, -0.9747493267059326, -0.2119724005460739, 0.536056947238874, 0.1438816487789154, 0.22017252445220947, -0.9647911787033081, 2.616625496435414, 0.0, 0.0, 0.0, 1.0, 4.2647, 0.0, 0.5, 0.0, 4.2647, 0.5, 0.0, 0.0, 1.0]], ["8_5.png", [0.9976798295974731, 0.026718204841017723, 0.06261835247278214, -0.15934764745627283, 0.031233813613653183, -0.9968951344490051, -0.07228066772222519, 0.1840460229881767, 0.06049272045493126, 0.07406877726316452, -0.9954166412353516, 2.689002675467689, 0.0, 0.0, 0.0, 1.0, 4.2647, 0.0, 0.5, 0.0, 4.2647, 0.5, 0.0, 0.0, 1.0]], ["8_5_mirror.png", [0.9976798295974731, -0.026718204841017723, -0.06261835247278214, 0.15934764745627283, -0.031233813613653183, -0.9968951344490051, -0.07228066772222519, 0.1840460229881767, -0.06049272045493126, 0.07406877726316452, -0.9954166412353516, 2.689002675467689, 0.0, 0.0, 0.0, 1.0, 4.2647, 0.0, 0.5, 0.0, 4.2647, 0.5, 0.0, 0.0, 1.0]], ["8_6.png", [0.9596753716468811, -0.12600183486938477, -0.2512899339199066, 0.6414996994213085, -0.17796696722507477, -0.9642907381057739, -0.19614039361476898, 0.4955390093077357, -0.21760249137878418, 0.23295241594314575, -0.9478302597999573, 2.5754454422287183, 0.0, 0.0, 0.0, 1.0, 4.2647, 0.0, 0.5, 0.0, 4.2647, 0.5, 0.0, 0.0, 1.0]], ["8_6_mirror.png", [0.9596753716468811, 0.12600183486938477, 0.2512899339199066, -0.6414996994213085, 0.17796696722507477, -0.9642907381057739, -0.19614039361476898, 0.4955390093077357, 0.21760249137878418, 0.23295241594314575, -0.9478302597999573, 2.5754454422287183, 0.0, 0.0, 0.0, 1.0, 4.2647, 0.0, 0.5, 0.0, 4.2647, 0.5, 0.0, 0.0, 1.0]], ["8_7.png", [0.7436888813972473, -0.13264696300029755, -0.6552340388298035, 1.68387660364482, -0.11821216344833374, -0.9907656908035278, 0.06640221178531647, -0.17931052186756719, -0.6579914093017578, 0.02807404100894928, -0.752501904964447, 2.102952049012332, 0.0, 0.0, 0.0, 1.0, 4.2647, 0.0, 0.5, 0.0, 4.2647, 0.5, 0.0, 0.0, 1.0]], ["8_7_mirror.png", [0.7436888813972473, 0.13264696300029755, 0.6552340388298035, -1.68387660364482, 0.11821216344833374, -0.9907656908035278, 0.06640221178531647, -0.17931052186756719, 0.6579914093017578, 0.02807404100894928, -0.752501904964447, 2.102952049012332, 0.0, 0.0, 0.0, 1.0, 4.2647, 0.0, 0.5, 0.0, 4.2647, 0.5, 0.0, 0.0, 1.0]], ["8_8.png", [0.9954782724380493, -0.09127639979124069, -0.026297658681869507, 0.06280258284804721, -0.09437491744756699, -0.9818165302276611, -0.16471059620380402, 0.42005710309857847, -0.010785287246108055, 0.16644765436649323, -0.9859912991523743, 2.666384793259226, 0.0, 0.0, 0.0, 1.0, 4.2647, 0.0, 0.5, 0.0, 4.2647, 0.5, 0.0, 0.0, 1.0]], ["8_8_mirror.png", [0.9954782724380493, 0.09127639979124069, 0.026297658681869507, -0.06280258284804721, 0.09437491744756699, -0.9818165302276611, -0.16471059620380402, 0.42005710309857847, 0.010785287246108055, 0.16644765436649323, -0.9859912991523743, 2.666384793259226, 0.0, 0.0, 0.0, 1.0, 4.2647, 0.0, 0.5, 0.0, 4.2647, 0.5, 0.0, 0.0, 1.0]], ["8_9.png", [0.9884267449378967, -0.10912696272134781, -0.10537488758563995, 0.267258841740638, -0.12375291436910629, -0.9818011522293091, -0.1440543830394745, 0.3699638986128391, -0.08773697167634964, 0.15542766451835632, -0.9839432835578918, 2.661146261526157, 0.0, 0.0, 0.0, 1.0, 4.2647, 0.0, 0.5, 0.0, 4.2647, 0.5, 0.0, 0.0, 1.0]], ["8_9_mirror.png", [0.9884267449378967, 0.10912696272134781, 0.10537488758563995, -0.267258841740638, 0.12375291436910629, -0.9818011522293091, -0.1440543830394745, 0.3699638986128391, 0.08773697167634964, 0.15542766451835632, -0.9839432835578918, 2.661146261526157, 0.0, 0.0, 0.0, 1.0, 4.2647, 0.0, 0.5, 0.0, 4.2647, 0.5, 0.0, 0.0, 1.0]]]}