{"labels": [["8_11.png", [0.991944432258606, 0.11128856241703033, 0.060507480055093765, -0.15924871245142327, 0.11463748663663864, -0.991882860660553, -0.05501459911465645, 0.15601651057215188, 0.053893838077783585, 0.061507850885391235, -0.9966505169868469, 2.6907803135914783, 0.0, 0.0, 0.0, 1.0, 4.2647, 0.0, 0.5, 0.0, 4.2647, 0.5, 0.0, 0.0, 1.0]], ["8_6.png", [0.9995209574699402, -0.028803149238228798, 0.011321676895022392, -0.02633516095626152, -0.027846544981002808, -0.9966338276863098, -0.07710756361484528, 0.21287519301018482, 0.013504507020115852, 0.0767553523182869, -0.9969584941864014, 2.691466256800981, 0.0, 0.0, 0.0, 1.0, 4.2647, 0.0, 0.5, 0.0, 4.2647, 0.5, 0.0, 0.0, 1.0]], ["8_15.png", [0.9995319247245789, -0.026526080444455147, 0.015242920257151127, -0.03795437763890156, -0.02579568326473236, -0.9985960125923157, -0.046266213059425354, 0.11706625957351763, 0.01644878089427948, 0.04585135355591774, -0.9988128542900085, 2.697193904057977, 0.0, 0.0, 0.0, 1.0, 4.2647, 0.0, 0.5, 0.0, 4.2647, 0.5, 0.0, 0.0, 1.0]]]}