{"labels": [["2_7.png", [0.9980781674385071, 0.051739223301410675, 0.03410300984978676, -0.08939422140022299, 0.05198100581765175, -0.998628556728363, -0.00624111108481884, 0.025336772859610727, 0.03373333439230919, 0.008001825772225857, -0.9993988275527954, 2.6984007710348195, 0.0, 0.0, 0.0, 1.0, 4.2647, 0.0, 0.5, 0.0, 4.2647, 0.5, 0.0, 0.0, 1.0]], ["2_2.png", [0.9813867807388306, -0.17951807379722595, -0.06821464747190475, 0.17348310209009316, -0.18018965423107147, -0.9836246371269226, -0.0037723807618021965, 0.02075201664089446, -0.06642039865255356, 0.015993738546967506, -0.9976634979248047, 2.694340915158016, 0.0, 0.0, 0.0, 1.0, 4.2647, 0.0, 0.5, 0.0, 4.2647, 0.5, 0.0, 0.0, 1.0]], ["2_12.png", [0.9900555610656738, -0.12765751779079437, -0.05910605564713478, 0.14942691193149116, -0.13139024376869202, -0.9892447590827942, -0.06427635252475739, 0.17168457008595006, -0.05026499554514885, 0.0714031234383583, -0.9961801767349243, 2.690389564056667, 0.0, 0.0, 0.0, 1.0, 4.2647, 0.0, 0.5, 0.0, 4.2647, 0.5, 0.0, 0.0, 1.0]]]}