{"labels": [["5_0.png", [0.9968874454498291, -0.07692113518714905, -0.01727788895368576, 0.04276612010600858, -0.07776319980621338, -0.9954558610916138, -0.05495864152908325, 0.14637106615071807, -0.012971896678209305, 0.056131161749362946, -0.9983391761779785, 2.69569036982458, 0.0, 0.0, 0.0, 1.0, 4.2647, 0.0, 0.5, 0.0, 4.2647, 0.5, 0.0, 0.0, 1.0]], ["5_0_mirror.png", [0.9968874454498291, 0.07692113518714905, 0.01727788895368576, -0.04276612010600858, 0.07776319980621338, -0.9954558610916138, -0.05495864152908325, 0.14637106615071807, 0.012971896678209305, 0.056131161749362946, -0.9983391761779785, 2.69569036982458, 0.0, 0.0, 0.0, 1.0, 4.2647, 0.0, 0.5, 0.0, 4.2647, 0.5, 0.0, 0.0, 1.0]], ["5_1.png", [0.9390417337417603, -0.07644201070070267, 0.3351972997188568, -0.8527215934181622, -0.09498913586139679, -0.9947035908699036, 0.039265312254428864, -0.09123280824941467, 0.33042043447494507, -0.06871186941862106, -0.9413293600082397, 2.5601840673704146, 0.0, 0.0, 0.0, 1.0, 4.2647, 0.0, 0.5, 0.0, 4.2647, 0.5, 0.0, 0.0, 1.0]], ["5_1_mirror.png", [0.9390417337417603, 0.07644201070070267, -0.3351972997188568, 0.8527215934181622, 0.09498913586139679, -0.9947035908699036, 0.039265312254428864, -0.09123280824941467, -0.33042043447494507, -0.06871186941862106, -0.9413293600082397, 2.5601840673704146, 0.0, 0.0, 0.0, 1.0, 4.2647, 0.0, 0.5, 0.0, 4.2647, 0.5, 0.0, 0.0, 1.0]], ["5_10.png", [0.9928117394447327, -0.10592342168092728, -0.05572258681058884, 0.14102792132078004, -0.10895171761512756, -0.9925549626350403, -0.054443489760160446, 0.14121593135969776, -0.049540888518095016, 0.06012320518493652, -0.9969608187675476, 2.692613820461106, 0.0, 0.0, 0.0, 1.0, 4.2647, 0.0, 0.5, 0.0, 4.2647, 0.5, 0.0, 0.0, 1.0]], ["5_10_mirror.png", [0.9928117394447327, 0.10592342168092728, 0.05572258681058884, -0.14102792132078004, 0.10895171761512756, -0.9925549626350403, -0.054443489760160446, 0.14121593135969776, 0.049540888518095016, 0.06012320518493652, -0.9969608187675476, 2.692613820461106, 0.0, 0.0, 0.0, 1.0, 4.2647, 0.0, 0.5, 0.0, 4.2647, 0.5, 0.0, 0.0, 1.0]], ["5_11.png", [0.9925491213798523, 0.08099400997161865, 0.09102871268987656, -0.23249646310180522, 0.08068666607141495, -0.9967145323753357, 0.007057459559291601, -0.012352235447558986, 0.09130124747753143, 0.0003399276174604893, -0.9958232641220093, 2.6899429021681107, 0.0, 0.0, 0.0, 1.0, 4.2647, 0.0, 0.5, 0.0, 4.2647, 0.5, 0.0, 0.0, 1.0]], ["5_11_mirror.png", [0.9925491213798523, -0.08099400997161865, -0.09102871268987656, 0.23249646310180522, -0.08068666607141495, -0.9967145323753357, 0.007057459559291601, -0.012352235447558986, -0.09130124747753143, 0.0003399276174604893, -0.9958232641220093, 2.6899429021681107, 0.0, 0.0, 0.0, 1.0, 4.2647, 0.0, 0.5, 0.0, 4.2647, 0.5, 0.0, 0.0, 1.0]], ["5_12.png", [0.9979307055473328, 0.0014061197871342301, 0.06428319960832596, -0.16368310890294754, 0.001329144462943077, -0.9999983310699463, 0.0012401898857206106, -0.00032233369449903375, 0.06428483128547668, -0.0011521817650645971, -0.9979309439659119, 2.6950339025624253, 0.0, 0.0, 0.0, 1.0, 4.2647, 0.0, 0.5, 0.0, 4.2647, 0.5, 0.0, 0.0, 1.0]], ["5_12_mirror.png", [0.9979307055473328, -0.0014061197871342301, -0.06428319960832596, 0.16368310890294754, -0.001329144462943077, -0.9999983310699463, 0.0012401898857206106, -0.00032233369449903375, -0.06428483128547668, -0.0011521817650645971, -0.9979309439659119, 2.6950339025624253, 0.0, 0.0, 0.0, 1.0, 4.2647, 0.0, 0.5, 0.0, 4.2647, 0.5, 0.0, 0.0, 1.0]], ["5_13.png", [0.9982936382293701, -0.04461970552802086, -0.037668682634830475, 0.09516079797402265, -0.04841466620564461, -0.9931104183197021, -0.10671354830265045, 0.27324597100895276, -0.03264763206243515, 0.10835517197847366, -0.9935759902000427, 2.6844517246276425, 0.0, 0.0, 0.0, 1.0, 4.2647, 0.0, 0.5, 0.0, 4.2647, 0.5, 0.0, 0.0, 1.0]], ["5_13_mirror.png", [0.9982936382293701, 0.04461970552802086, 0.037668682634830475, -0.09516079797402265, 0.04841466620564461, -0.9931104183197021, -0.10671354830265045, 0.27324597100895276, 0.03264763206243515, 0.10835517197847366, -0.9935759902000427, 2.6844517246276425, 0.0, 0.0, 0.0, 1.0, 4.2647, 0.0, 0.5, 0.0, 4.2647, 0.5, 0.0, 0.0, 1.0]], ["5_14.png", [0.9919570088386536, -0.009734096936881542, 0.1262001395225525, -0.32158730376044786, -0.006324029993265867, -0.9996047019958496, -0.027393652126193047, 0.0693242010436691, 0.1264168918132782, 0.02637523226439953, -0.991626501083374, 2.6798835350085164, 0.0, 0.0, 0.0, 1.0, 4.2647, 0.0, 0.5, 0.0, 4.2647, 0.5, 0.0, 0.0, 1.0]], ["5_14_mirror.png", [0.9919570088386536, 0.009734096936881542, -0.1262001395225525, 0.32158730376044786, 0.006324029993265867, -0.9996047019958496, -0.027393652126193047, 0.0693242010436691, -0.1264168918132782, 0.02637523226439953, -0.991626501083374, 2.6798835350085164, 0.0, 0.0, 0.0, 1.0, 4.2647, 0.0, 0.5, 0.0, 4.2647, 0.5, 0.0, 0.0, 1.0]], ["5_15.png", [0.9954574704170227, -0.06469891220331192, -0.06984516233205795, 0.1756174597023318, -0.06924977898597717, -0.9954906105995178, -0.06482990831136703, 0.16379719905612866, -0.06533577293157578, 0.06937218457460403, -0.9954490065574646, 2.689298976579039, 0.0, 0.0, 0.0, 1.0, 4.2647, 0.0, 0.5, 0.0, 4.2647, 0.5, 0.0, 0.0, 1.0]], ["5_15_mirror.png", [0.9954574704170227, 0.06469891220331192, 0.06984516233205795, -0.1756174597023318, 0.06924977898597717, -0.9954906105995178, -0.06482990831136703, 0.16379719905612866, 0.06533577293157578, 0.06937218457460403, -0.9954490065574646, 2.689298976579039, 0.0, 0.0, 0.0, 1.0, 4.2647, 0.0, 0.5, 0.0, 4.2647, 0.5, 0.0, 0.0, 1.0]], ["5_16.png", [0.9981471300125122, -0.05555319786071777, 0.024821246042847633, -0.06535827537916059, -0.054629769176244736, -0.9978411793708801, -0.03644949197769165, 0.09102108329221643, 0.02679254487156868, 0.03502597659826279, -0.9990271925926208, 2.697673712337312, 0.0, 0.0, 0.0, 1.0, 4.2647, 0.0, 0.5, 0.0, 4.2647, 0.5, 0.0, 0.0, 1.0]], ["5_16_mirror.png", [0.9981471300125122, 0.05555319786071777, -0.024821246042847633, 0.06535827537916059, 0.054629769176244736, -0.9978411793708801, -0.03644949197769165, 0.09102108329221643, -0.02679254487156868, 0.03502597659826279, -0.9990271925926208, 2.697673712337312, 0.0, 0.0, 0.0, 1.0, 4.2647, 0.0, 0.5, 0.0, 4.2647, 0.5, 0.0, 0.0, 1.0]], ["5_17.png", [0.9967554211616516, 0.032284341752529144, 0.07373156398534775, -0.1861865624348386, 0.03876041993498802, -0.9953516721725464, -0.08816282451152802, 0.22945770184436917, 0.07054255902767181, 0.09073463827371597, -0.9933735132217407, 2.6837816094147824, 0.0, 0.0, 0.0, 1.0, 4.2647, 0.0, 0.5, 0.0, 4.2647, 0.5, 0.0, 0.0, 1.0]], ["5_17_mirror.png", [0.9967554211616516, -0.032284341752529144, -0.07373156398534775, 0.1861865624348386, -0.03876041993498802, -0.9953516721725464, -0.08816282451152802, 0.22945770184436917, -0.07054255902767181, 0.09073463827371597, -0.9933735132217407, 2.6837816094147824, 0.0, 0.0, 0.0, 1.0, 4.2647, 0.0, 0.5, 0.0, 4.2647, 0.5, 0.0, 0.0, 1.0]], ["5_18.png", [0.9971381425857544, -0.07541011273860931, 0.005373885855078697, -0.014021799854685909, -0.07557705789804459, -0.9960979223251343, 0.045574288815259933, -0.118596939264188, 0.001916154520586133, -0.0458500012755394, -0.998946487903595, 2.697357624625627, 0.0, 0.0, 0.0, 1.0, 4.2647, 0.0, 0.5, 0.0, 4.2647, 0.5, 0.0, 0.0, 1.0]], ["5_18_mirror.png", [0.9971381425857544, 0.07541011273860931, -0.005373885855078697, 0.014021799854685909, 0.07557705789804459, -0.9960979223251343, 0.045574288815259933, -0.118596939264188, -0.001916154520586133, -0.0458500012755394, -0.998946487903595, 2.697357624625627, 0.0, 0.0, 0.0, 1.0, 4.2647, 0.0, 0.5, 0.0, 4.2647, 0.5, 0.0, 0.0, 1.0]], ["5_19.png", [0.9584693908691406, -0.035212039947509766, -0.2830132842063904, 0.7168039700181069, -0.09464613348245621, -0.9753819704055786, -0.1991787552833557, 0.5011169168438532, -0.2690325677394867, 0.21769286692142487, -0.9382064342498779, 2.5544224208652713, 0.0, 0.0, 0.0, 1.0, 4.2647, 0.0, 0.5, 0.0, 4.2647, 0.5, 0.0, 0.0, 1.0]], ["5_19_mirror.png", [0.9584693908691406, 0.035212039947509766, 0.2830132842063904, -0.7168039700181069, 0.09464613348245621, -0.9753819704055786, -0.1991787552833557, 0.5011169168438532, 0.2690325677394867, 0.21769286692142487, -0.9382064342498779, 2.5544224208652713, 0.0, 0.0, 0.0, 1.0, 4.2647, 0.0, 0.5, 0.0, 4.2647, 0.5, 0.0, 0.0, 1.0]], ["5_2.png", [0.9581486582756042, -0.0357346385717392, -0.2840319871902466, 0.7188235907562985, -0.09512081742286682, -0.975546658039093, -0.19814345240592957, 0.5016971248101618, -0.27000588178634644, 0.21686825156211853, -0.9381178021430969, 2.5537409109636475, 0.0, 0.0, 0.0, 1.0, 4.2647, 0.0, 0.5, 0.0, 4.2647, 0.5, 0.0, 0.0, 1.0]], ["5_2_mirror.png", [0.9581486582756042, 0.0357346385717392, 0.2840319871902466, -0.7188235907562985, 0.09512081742286682, -0.975546658039093, -0.19814345240592957, 0.5016971248101618, 0.27000588178634644, 0.21686825156211853, -0.9381178021430969, 2.5537409109636475, 0.0, 0.0, 0.0, 1.0, 4.2647, 0.0, 0.5, 0.0, 4.2647, 0.5, 0.0, 0.0, 1.0]], ["5_3.png", [0.9899750351905823, -0.09627815335988998, -0.10334337502717972, 0.2639313435134189, -0.10313341021537781, -0.9926596283912659, -0.06316868960857391, 0.16228696682218088, -0.09650301933288574, 0.07319358736276627, -0.9926377534866333, 2.682163899971599, 0.0, 0.0, 0.0, 1.0, 4.2647, 0.0, 0.5, 0.0, 4.2647, 0.5, 0.0, 0.0, 1.0]], ["5_3_mirror.png", [0.9899750351905823, 0.09627815335988998, 0.10334337502717972, -0.2639313435134189, 0.10313341021537781, -0.9926596283912659, -0.06316868960857391, 0.16228696682218088, 0.09650301933288574, 0.07319358736276627, -0.9926377534866333, 2.682163899971599, 0.0, 0.0, 0.0, 1.0, 4.2647, 0.0, 0.5, 0.0, 4.2647, 0.5, 0.0, 0.0, 1.0]], ["5_4.png", [0.944084882736206, -0.31265753507614136, 0.10463755577802658, -0.2718643123044216, -0.303831547498703, -0.9482623338699341, -0.09211395680904388, 0.2356010092828189, 0.12802396714687347, 0.05517120286822319, -0.9902353286743164, 2.6759263741964503, 0.0, 0.0, 0.0, 1.0, 4.2647, 0.0, 0.5, 0.0, 4.2647, 0.5, 0.0, 0.0, 1.0]], ["5_4_mirror.png", [0.944084882736206, 0.31265753507614136, -0.10463755577802658, 0.2718643123044216, 0.303831547498703, -0.9482623338699341, -0.09211395680904388, 0.2356010092828189, -0.12802396714687347, 0.05517120286822319, -0.9902353286743164, 2.6759263741964503, 0.0, 0.0, 0.0, 1.0, 4.2647, 0.0, 0.5, 0.0, 4.2647, 0.5, 0.0, 0.0, 1.0]], ["5_5.png", [0.9991385340690613, -0.03527024760842323, -0.021866459399461746, 0.05442567413663517, -0.03667924925684929, -0.9970250725746155, -0.06779013574123383, 0.17293612930839777, -0.019410433247685432, 0.06853378564119339, -0.9974599480628967, 2.6939062606509907, 0.0, 0.0, 0.0, 1.0, 4.2647, 0.0, 0.5, 0.0, 4.2647, 0.5, 0.0, 0.0, 1.0]], ["5_5_mirror.png", [0.9991385340690613, 0.03527024760842323, 0.021866459399461746, -0.05442567413663517, 0.03667924925684929, -0.9970250725746155, -0.06779013574123383, 0.17293612930839777, 0.019410433247685432, 0.06853378564119339, -0.9974599480628967, 2.6939062606509907, 0.0, 0.0, 0.0, 1.0, 4.2647, 0.0, 0.5, 0.0, 4.2647, 0.5, 0.0, 0.0, 1.0]], ["5_6.png", [0.9850243926048279, -0.143830806016922, -0.09507699310779572, 0.24109337336736253, -0.146903857588768, -0.9888059496879578, -0.02611699514091015, 0.06434592445273483, -0.09025627374649048, 0.03969305381178856, -0.995127260684967, 2.688444454945028, 0.0, 0.0, 0.0, 1.0, 4.2647, 0.0, 0.5, 0.0, 4.2647, 0.5, 0.0, 0.0, 1.0]], ["5_6_mirror.png", [0.9850243926048279, 0.143830806016922, 0.09507699310779572, -0.24109337336736253, 0.146903857588768, -0.9888059496879578, -0.02611699514091015, 0.06434592445273483, 0.09025627374649048, 0.03969305381178856, -0.995127260684967, 2.688444454945028, 0.0, 0.0, 0.0, 1.0, 4.2647, 0.0, 0.5, 0.0, 4.2647, 0.5, 0.0, 0.0, 1.0]], ["5_7.png", [0.9920269250869751, -0.12588247656822205, -0.006006114184856415, 0.015499525682996392, -0.12600459158420563, -0.9898619055747986, -0.06554599851369858, 0.17071564850410634, 0.002305870410054922, 0.06578020006418228, -0.9978314638137817, 2.69455301155116, 0.0, 0.0, 0.0, 1.0, 4.2647, 0.0, 0.5, 0.0, 4.2647, 0.5, 0.0, 0.0, 1.0]], ["5_7_mirror.png", [0.9920269250869751, 0.12588247656822205, 0.006006114184856415, -0.015499525682996392, 0.12600459158420563, -0.9898619055747986, -0.06554599851369858, 0.17071564850410634, -0.002305870410054922, 0.06578020006418228, -0.9978314638137817, 2.69455301155116, 0.0, 0.0, 0.0, 1.0, 4.2647, 0.0, 0.5, 0.0, 4.2647, 0.5, 0.0, 0.0, 1.0]], ["5_8.png", [0.9984623789787292, -0.03014359250664711, -0.04652052000164986, 0.11567111115626445, -0.036443304270505905, -0.9893194437026978, -0.14113396406173706, 0.36195897232979923, -0.041769370436668396, 0.1426123082637787, -0.9888968467712402, 2.673126614358892, 0.0, 0.0, 0.0, 1.0, 4.2647, 0.0, 0.5, 0.0, 4.2647, 0.5, 0.0, 0.0, 1.0]], ["5_8_mirror.png", [0.9984623789787292, 0.03014359250664711, 0.04652052000164986, -0.11567111115626445, 0.036443304270505905, -0.9893194437026978, -0.14113396406173706, 0.36195897232979923, 0.041769370436668396, 0.1426123082637787, -0.9888968467712402, 2.673126614358892, 0.0, 0.0, 0.0, 1.0, 4.2647, 0.0, 0.5, 0.0, 4.2647, 0.5, 0.0, 0.0, 1.0]], ["5_9.png", [0.9977164268493652, 0.01599736511707306, 0.065621018409729, -0.16989205055908552, 0.01809818670153618, -0.9993384480476379, -0.031545937061309814, 0.08136530453749155, 0.06507295370101929, 0.03266151621937752, -0.9973458647727966, 2.6934209434053105, 0.0, 0.0, 0.0, 1.0, 4.2647, 0.0, 0.5, 0.0, 4.2647, 0.5, 0.0, 0.0, 1.0]], ["5_9_mirror.png", [0.9977164268493652, -0.01599736511707306, -0.065621018409729, 0.16989205055908552, -0.01809818670153618, -0.9993384480476379, -0.031545937061309814, 0.08136530453749155, -0.06507295370101929, 0.03266151621937752, -0.9973458647727966, 2.6934209434053105, 0.0, 0.0, 0.0, 1.0, 4.2647, 0.0, 0.5, 0.0, 4.2647, 0.5, 0.0, 0.0, 1.0]]]}