{"labels": [["7_10.png", [0.9942179322242737, -0.01268778182566166, -0.10662892460823059, 0.27404767287709236, -0.012654857710003853, -0.9999194741249084, 0.0009854109957814217, -0.008298269313433419, -0.10663283616304398, 0.0003696604399010539, -0.9942983984947205, 2.6860433748763355, 0.0, 0.0, 0.0, 1.0, 4.2647, 0.0, 0.5, 0.0, 4.2647, 0.5, 0.0, 0.0, 1.0]], ["7_7.png", [0.9908880591392517, -0.1068163588643074, -0.08204306662082672, 0.20681125922324353, -0.10454099625349045, -0.9940196871757507, 0.031558435410261154, -0.07940152727394816, -0.0849233865737915, -0.022694017738103867, -0.9961289763450623, 2.690896597887972, 0.0, 0.0, 0.0, 1.0, 4.2647, 0.0, 0.5, 0.0, 4.2647, 0.5, 0.0, 0.0, 1.0]], ["7_14.png", [0.9940177798271179, -0.07155395299196243, -0.08251503109931946, 0.21325434776619456, -0.07254612445831299, -0.9973236918449402, -0.009085366502404213, 0.022274442076585972, -0.08164410293102264, 0.015017160214483738, -0.9965484142303467, 2.691472911323648, 0.0, 0.0, 0.0, 1.0, 4.2647, 0.0, 0.5, 0.0, 4.2647, 0.5, 0.0, 0.0, 1.0]]]}