{"labels": [["3_5.png", [0.9410853981971741, -0.21245108544826508, -0.26310235261917114, 0.6671877275450119, -0.20359916985034943, -0.9771649241447449, 0.0607958622276783, -0.15487587391340601, -0.27001050114631653, -0.0036466792225837708, -0.9628504514694214, 2.6116803020072887, 0.0, 0.0, 0.0, 1.0, 4.2647, 0.0, 0.5, 0.0, 4.2647, 0.5, 0.0, 0.0, 1.0]], ["4_2.png", [0.9495726823806763, -0.23379522562026978, -0.2089293748140335, 0.5409804225001659, -0.2641451954841614, -0.955503523349762, -0.13130219280719757, 0.33955737834731536, -0.1689349263906479, 0.1798686534166336, -0.9690759778022766, 2.6233644369933513, 0.0, 0.0, 0.0, 1.0, 4.2647, 0.0, 0.5, 0.0, 4.2647, 0.5, 0.0, 0.0, 1.0]], ["8_3.png", [0.9981701374053955, -0.060463108122348785, -0.0007994798361323774, 0.0008309157356041873, -0.059831880033016205, -0.9856632947921753, -0.15775929391384125, 0.3983361076821331, 0.00875059887766838, 0.1575184315443039, -0.9874773025512695, 2.6704545783247635, 0.0, 0.0, 0.0, 1.0, 4.2647, 0.0, 0.5, 0.0, 4.2647, 0.5, 0.0, 0.0, 1.0]]]}