{"labels": [["5_7.png", [0.9748733043670654, 0.03984951600432396, -0.2191666066646576, 0.5526105900786247, 0.015382839366793633, -0.9935633540153503, -0.11222831904888153, 0.2807193957195949, -0.22222816944122314, 0.10603699088096619, -0.9692113995552063, 2.627892341135721, 0.0, 0.0, 0.0, 1.0, 4.2647, 0.0, 0.5, 0.0, 4.2647, 0.5, 0.0, 0.0, 1.0]], ["5_15.png", [0.9004430770874023, 0.26920926570892334, -0.341655969619751, 0.8680365540303936, 0.20810943841934204, -0.9563618898391724, -0.20509161055088043, 0.5231056743322456, -0.38195928931236267, 0.11357147991657257, -0.9171743392944336, 2.502573274521337, 0.0, 0.0, 0.0, 1.0, 4.2647, 0.0, 0.5, 0.0, 4.2647, 0.5, 0.0, 0.0, 1.0]], ["4_16.png", [0.8521537184715271, -0.013236950151622295, 0.523124098777771, -1.3468811322256782, 0.05142202600836754, -0.9927235245704651, -0.10888450592756271, 0.27953499933670967, 0.5207588076591492, 0.11968643963336945, -0.8452723622322083, 2.3233104398251005, 0.0, 0.0, 0.0, 1.0, 4.2647, 0.0, 0.5, 0.0, 4.2647, 0.5, 0.0, 0.0, 1.0]]]}