{"labels": [["0.png", [0.9792436361312866, -0.05985873192548752, -0.19364625215530396, 0.4912865522334592, -0.10217387229204178, -0.9709082841873169, -0.21655865013599396, 0.5526018812938787, -0.1750498116016388, 0.23184926807880402, -0.9568716883659363, 2.59678044593397, 0.0, 0.0, 0.0, 1.0, 4.2647, 0.0, 0.5, 0.0, 4.2647, 0.5, 0.0, 0.0, 1.0]], ["0_mirror.png", [0.9792436361312866, 0.05985873192548752, 0.19364625215530396, -0.4912865522334592, 0.10217387229204178, -0.9709082841873169, -0.21655865013599396, 0.5526018812938787, 0.1750498116016388, 0.23184926807880402, -0.9568716883659363, 2.59678044593397, 0.0, 0.0, 0.0, 1.0, 4.2647, 0.0, 0.5, 0.0, 4.2647, 0.5, 0.0, 0.0, 1.0]], ["1.png", [0.9843453764915466, 0.024991964921355247, -0.17446951568126678, 0.44429231446662376, -0.025336124002933502, -0.9595500230789185, -0.28039589524269104, 0.7198061605954316, -0.17441986501216888, 0.2804267704486847, -0.9438954591751099, 2.5640755508515647, 0.0, 0.0, 0.0, 1.0, 4.2647, 0.0, 0.5, 0.0, 4.2647, 0.5, 0.0, 0.0, 1.0]], ["1_mirror.png", [0.9843453764915466, -0.024991964921355247, 0.17446951568126678, -0.44429231446662376, 0.025336124002933502, -0.9595500230789185, -0.28039589524269104, 0.7198061605954316, 0.17441986501216888, 0.2804267704486847, -0.9438954591751099, 2.5640755508515647, 0.0, 0.0, 0.0, 1.0, 4.2647, 0.0, 0.5, 0.0, 4.2647, 0.5, 0.0, 0.0, 1.0]], ["10.png", [0.9947363138198853, -0.07174453884363174, -0.07315988838672638, 0.18677386263280288, -0.08084435760974884, -0.988193690776825, -0.13014398515224457, 0.32754917219735696, -0.06295901536941528, 0.13537350296974182, -0.9887922406196594, 2.6735420445599973, 0.0, 0.0, 0.0, 1.0, 4.2647, 0.0, 0.5, 0.0, 4.2647, 0.5, 0.0, 0.0, 1.0]], ["10_mirror.png", [0.9947363138198853, 0.07174453884363174, 0.07315988838672638, -0.18677386263280288, 0.08084435760974884, -0.988193690776825, -0.13014398515224457, 0.32754917219735696, 0.06295901536941528, 0.13537350296974182, -0.9887922406196594, 2.6735420445599973, 0.0, 0.0, 0.0, 1.0, 4.2647, 0.0, 0.5, 0.0, 4.2647, 0.5, 0.0, 0.0, 1.0]], ["11.png", [0.9939382076263428, -0.07441103458404541, -0.08093135803937912, 0.20679460759135598, -0.08699489384889603, -0.9824278354644775, -0.1651284545660019, 0.4150186507104778, -0.06722184270620346, 0.17116810381412506, -0.9829459190368652, 2.659886371601913, 0.0, 0.0, 0.0, 1.0, 4.2647, 0.0, 0.5, 0.0, 4.2647, 0.5, 0.0, 0.0, 1.0]], ["11_mirror.png", [0.9939382076263428, 0.07441103458404541, 0.08093135803937912, -0.20679460759135598, 0.08699489384889603, -0.9824278354644775, -0.1651284545660019, 0.4150186507104778, 0.06722184270620346, 0.17116810381412506, -0.9829459190368652, 2.659886371601913, 0.0, 0.0, 0.0, 1.0, 4.2647, 0.0, 0.5, 0.0, 4.2647, 0.5, 0.0, 0.0, 1.0]], ["12.png", [0.9700080752372742, -0.006849952973425388, -0.2429763823747635, 0.6180200607978988, -0.059396401047706604, -0.9759800434112549, -0.2096070498228073, 0.5329997961817872, -0.23570430278778076, 0.21775245666503906, -0.9471153020858765, 2.573705970331797, 0.0, 0.0, 0.0, 1.0, 4.2647, 0.0, 0.5, 0.0, 4.2647, 0.5, 0.0, 0.0, 1.0]], ["12_mirror.png", [0.9700080752372742, 0.006849952973425388, 0.2429763823747635, -0.6180200607978988, 0.059396401047706604, -0.9759800434112549, -0.2096070498228073, 0.5329997961817872, 0.23570430278778076, 0.21775245666503906, -0.9471153020858765, 2.573705970331797, 0.0, 0.0, 0.0, 1.0, 4.2647, 0.0, 0.5, 0.0, 4.2647, 0.5, 0.0, 0.0, 1.0]], ["13.png", [0.9956914186477661, -0.05455905944108963, -0.0749799832701683, 0.19087155056637323, -0.0680341124534607, -0.9792477488517761, -0.19090615212917328, 0.4793335834964774, -0.06300832331180573, 0.19518481194972992, -0.9787404537200928, 2.6502466615235676, 0.0, 0.0, 0.0, 1.0, 4.2647, 0.0, 0.5, 0.0, 4.2647, 0.5, 0.0, 0.0, 1.0]], ["13_mirror.png", [0.9956914186477661, 0.05455905944108963, 0.0749799832701683, -0.19087155056637323, 0.0680341124534607, -0.9792477488517761, -0.19090615212917328, 0.4793335834964774, 0.06300832331180573, 0.19518481194972992, -0.9787404537200928, 2.6502466615235676, 0.0, 0.0, 0.0, 1.0, 4.2647, 0.0, 0.5, 0.0, 4.2647, 0.5, 0.0, 0.0, 1.0]], ["14.png", [0.8926128149032593, 0.08043689280748367, -0.4435902237892151, 1.1300689225647322, 0.034821223467588425, -0.9933157563209534, -0.11005059629678726, 0.27444737814060544, -0.44947731494903564, 0.08278621733188629, -0.8894473314285278, 2.4367237978246803, 0.0, 0.0, 0.0, 1.0, 4.2647, 0.0, 0.5, 0.0, 4.2647, 0.5, 0.0, 0.0, 1.0]], ["14_mirror.png", [0.8926128149032593, -0.08043689280748367, 0.4435902237892151, -1.1300689225647322, -0.034821223467588425, -0.9933157563209534, -0.11005059629678726, 0.27444737814060544, 0.44947731494903564, 0.08278621733188629, -0.8894473314285278, 2.4367237978246803, 0.0, 0.0, 0.0, 1.0, 4.2647, 0.0, 0.5, 0.0, 4.2647, 0.5, 0.0, 0.0, 1.0]], ["15.png", [0.973447322845459, 0.03892435133457184, -0.22557762265205383, 0.5807049016689336, 0.00770188495516777, -0.9904482960700989, -0.13766957819461823, 0.34843523851610675, -0.22878167033195496, 0.13227669894695282, -0.9644489884376526, 2.613689863342225, 0.0, 0.0, 0.0, 1.0, 4.2647, 0.0, 0.5, 0.0, 4.2647, 0.5, 0.0, 0.0, 1.0]], ["15_mirror.png", [0.973447322845459, -0.03892435133457184, 0.22557762265205383, -0.5807049016689336, -0.00770188495516777, -0.9904482960700989, -0.13766957819461823, 0.34843523851610675, 0.22878167033195496, 0.13227669894695282, -0.9644489884376526, 2.613689863342225, 0.0, 0.0, 0.0, 1.0, 4.2647, 0.0, 0.5, 0.0, 4.2647, 0.5, 0.0, 0.0, 1.0]], ["16.png", [0.9875220656394958, -0.1185135543346405, -0.1037042960524559, 0.26596065079971, -0.13335204124450684, -0.9795969724655151, -0.15035612881183624, 0.37606071844999706, -0.08376917243003845, 0.1623091846704483, -0.9831777215003967, 2.6604216335507926, 0.0, 0.0, 0.0, 1.0, 4.2647, 0.0, 0.5, 0.0, 4.2647, 0.5, 0.0, 0.0, 1.0]], ["16_mirror.png", [0.9875220656394958, 0.1185135543346405, 0.1037042960524559, -0.26596065079971, 0.13335204124450684, -0.9795969724655151, -0.15035612881183624, 0.37606071844999706, 0.08376917243003845, 0.1623091846704483, -0.9831777215003967, 2.6604216335507926, 0.0, 0.0, 0.0, 1.0, 4.2647, 0.0, 0.5, 0.0, 4.2647, 0.5, 0.0, 0.0, 1.0]], ["17.png", [0.9937664270401001, -0.07898972183465958, -0.07866852730512619, 0.20021610497455092, -0.08889418840408325, -0.9873090982437134, -0.13160015642642975, 0.3344461805482246, -0.06727509200572968, 0.13777300715446472, -0.9881764054298401, 2.671714667329864, 0.0, 0.0, 0.0, 1.0, 4.2647, 0.0, 0.5, 0.0, 4.2647, 0.5, 0.0, 0.0, 1.0]], ["17_mirror.png", [0.9937664270401001, 0.07898972183465958, 0.07866852730512619, -0.20021610497455092, 0.08889418840408325, -0.9873090982437134, -0.13160015642642975, 0.3344461805482246, 0.06727509200572968, 0.13777300715446472, -0.9881764054298401, 2.671714667329864, 0.0, 0.0, 0.0, 1.0, 4.2647, 0.0, 0.5, 0.0, 4.2647, 0.5, 0.0, 0.0, 1.0]], ["18.png", [0.9855119585990906, -0.11871662735939026, -0.12113022804260254, 0.3080492923745811, -0.14193806052207947, -0.9682320952415466, -0.20586438477039337, 0.5210099004082058, -0.09284265339374542, 0.22007478773593903, -0.97105473279953, 2.631283777387789, 0.0, 0.0, 0.0, 1.0, 4.2647, 0.0, 0.5, 0.0, 4.2647, 0.5, 0.0, 0.0, 1.0]], ["18_mirror.png", [0.9855119585990906, 0.11871662735939026, 0.12113022804260254, -0.3080492923745811, 0.14193806052207947, -0.9682320952415466, -0.20586438477039337, 0.5210099004082058, 0.09284265339374542, 0.22007478773593903, -0.97105473279953, 2.631283777387789, 0.0, 0.0, 0.0, 1.0, 4.2647, 0.0, 0.5, 0.0, 4.2647, 0.5, 0.0, 0.0, 1.0]], ["19.png", [0.8992681503295898, 0.00888568814843893, -0.4373074769973755, 1.1186370786195332, -0.07013247907161713, -0.9839289784431458, -0.1642111986875534, 0.4179774362145218, -0.43173861503601074, 0.17833936214447021, -0.8841928243637085, 2.4215585785095293, 0.0, 0.0, 0.0, 1.0, 4.2647, 0.0, 0.5, 0.0, 4.2647, 0.5, 0.0, 0.0, 1.0]], ["19_mirror.png", [0.8992681503295898, -0.00888568814843893, 0.4373074769973755, -1.1186370786195332, 0.07013247907161713, -0.9839289784431458, -0.1642111986875534, 0.4179774362145218, 0.43173861503601074, 0.17833936214447021, -0.8841928243637085, 2.4215585785095293, 0.0, 0.0, 0.0, 1.0, 4.2647, 0.0, 0.5, 0.0, 4.2647, 0.5, 0.0, 0.0, 1.0]], ["2.png", [0.9924324154853821, -0.01927032135426998, -0.1212703213095665, 0.3075399011818742, -0.042745478451251984, -0.9800541400909424, -0.19407914578914642, 0.4910957678586561, -0.11511151492595673, 0.19779419898986816, -0.9734612703323364, 2.6370900925020293, 0.0, 0.0, 0.0, 1.0, 4.2647, 0.0, 0.5, 0.0, 4.2647, 0.5, 0.0, 0.0, 1.0]], ["2_mirror.png", [0.9924324154853821, 0.01927032135426998, 0.1212703213095665, -0.3075399011818742, 0.042745478451251984, -0.9800541400909424, -0.19407914578914642, 0.4910957678586561, 0.11511151492595673, 0.19779419898986816, -0.9734612703323364, 2.6370900925020293, 0.0, 0.0, 0.0, 1.0, 4.2647, 0.0, 0.5, 0.0, 4.2647, 0.5, 0.0, 0.0, 1.0]], ["3.png", [0.9708459973335266, 0.008941973559558392, -0.23953713476657867, 0.6101191792834263, -0.03904111683368683, -0.9800616502761841, -0.19481989741325378, 0.5022095089952834, -0.2365032434463501, 0.1984919160604477, -0.9511398673057556, 2.581770748177544, 0.0, 0.0, 0.0, 1.0, 4.2647, 0.0, 0.5, 0.0, 4.2647, 0.5, 0.0, 0.0, 1.0]], ["3_mirror.png", [0.9708459973335266, -0.008941973559558392, 0.23953713476657867, -0.6101191792834263, 0.03904111683368683, -0.9800616502761841, -0.19481989741325378, 0.5022095089952834, 0.2365032434463501, 0.1984919160604477, -0.9511398673057556, 2.581770748177544, 0.0, 0.0, 0.0, 1.0, 4.2647, 0.0, 0.5, 0.0, 4.2647, 0.5, 0.0, 0.0, 1.0]], ["4.png", [0.993422269821167, -0.06484711170196533, -0.09437690675258636, 0.24036353915477135, -0.08183514326810837, -0.9785547256469727, -0.18903355300426483, 0.47896751194216713, -0.08009468764066696, 0.1955135017633438, -0.9774248003959656, 2.6462833354629516, 0.0, 0.0, 0.0, 1.0, 4.2647, 0.0, 0.5, 0.0, 4.2647, 0.5, 0.0, 0.0, 1.0]], ["4_mirror.png", [0.993422269821167, 0.06484711170196533, 0.09437690675258636, -0.24036353915477135, 0.08183514326810837, -0.9785547256469727, -0.18903355300426483, 0.47896751194216713, 0.08009468764066696, 0.1955135017633438, -0.9774248003959656, 2.6462833354629516, 0.0, 0.0, 0.0, 1.0, 4.2647, 0.0, 0.5, 0.0, 4.2647, 0.5, 0.0, 0.0, 1.0]], ["5.png", [0.877034604549408, -0.18860973417758942, -0.44185593724250793, 1.1272478956757157, -0.25733134150505066, -0.9610798358917236, -0.10052933543920517, 0.25568986092948676, -0.4056980013847351, 0.2018710970878601, -0.8914355039596558, 2.4400686213122227, 0.0, 0.0, 0.0, 1.0, 4.2647, 0.0, 0.5, 0.0, 4.2647, 0.5, 0.0, 0.0, 1.0]], ["5_mirror.png", [0.877034604549408, 0.18860973417758942, 0.44185593724250793, -1.1272478956757157, 0.25733134150505066, -0.9610798358917236, -0.10052933543920517, 0.25568986092948676, 0.4056980013847351, 0.2018710970878601, -0.8914355039596558, 2.4400686213122227, 0.0, 0.0, 0.0, 1.0, 4.2647, 0.0, 0.5, 0.0, 4.2647, 0.5, 0.0, 0.0, 1.0]], ["6.png", [0.8860442638397217, 0.006585767958313227, -0.46355393528938293, 1.1868879628450628, -0.04141455143690109, -0.9947769641876221, -0.09329333901405334, 0.2370341948588131, -0.4617471992969513, 0.10185990482568741, -0.8811436295509338, 2.413526828962366, 0.0, 0.0, 0.0, 1.0, 4.2647, 0.0, 0.5, 0.0, 4.2647, 0.5, 0.0, 0.0, 1.0]], ["6_mirror.png", [0.8860442638397217, -0.006585767958313227, 0.46355393528938293, -1.1868879628450628, 0.04141455143690109, -0.9947769641876221, -0.09329333901405334, 0.2370341948588131, 0.4617471992969513, 0.10185990482568741, -0.8811436295509338, 2.413526828962366, 0.0, 0.0, 0.0, 1.0, 4.2647, 0.0, 0.5, 0.0, 4.2647, 0.5, 0.0, 0.0, 1.0]], ["7.png", [0.9025853872299194, 0.06415466964244843, -0.42570388317108154, 1.0891773579567623, -0.016827918589115143, -0.982820987701416, -0.18379254639148712, 0.46700353112663273, -0.4301818609237671, 0.17305217683315277, -0.8860002756118774, 2.426025635649711, 0.0, 0.0, 0.0, 1.0, 4.2647, 0.0, 0.5, 0.0, 4.2647, 0.5, 0.0, 0.0, 1.0]], ["7_mirror.png", [0.9025853872299194, -0.06415466964244843, 0.42570388317108154, -1.0891773579567623, 0.016827918589115143, -0.982820987701416, -0.18379254639148712, 0.46700353112663273, 0.4301818609237671, 0.17305217683315277, -0.8860002756118774, 2.426025635649711, 0.0, 0.0, 0.0, 1.0, 4.2647, 0.0, 0.5, 0.0, 4.2647, 0.5, 0.0, 0.0, 1.0]], ["8.png", [0.9618159532546997, -0.03795243799686432, -0.27105292677879333, 0.689085689718397, -0.09396710991859436, -0.9759326577186584, -0.19678828120231628, 0.4992496257622453, -0.25706082582473755, 0.21474416553974152, -0.9422339200973511, 2.562403310059051, 0.0, 0.0, 0.0, 1.0, 4.2647, 0.0, 0.5, 0.0, 4.2647, 0.5, 0.0, 0.0, 1.0]], ["8_mirror.png", [0.9618159532546997, 0.03795243799686432, 0.27105292677879333, -0.689085689718397, 0.09396710991859436, -0.9759326577186584, -0.19678828120231628, 0.4992496257622453, 0.25706082582473755, 0.21474416553974152, -0.9422339200973511, 2.562403310059051, 0.0, 0.0, 0.0, 1.0, 4.2647, 0.0, 0.5, 0.0, 4.2647, 0.5, 0.0, 0.0, 1.0]], ["9.png", [0.9966573119163513, -0.05231264606118202, -0.06274992227554321, 0.15845231532133472, -0.05949202924966812, -0.9911563396453857, -0.1186162531375885, 0.2984129738936092, -0.05598985403776169, 0.12195287644863129, -0.9909554123878479, 2.6787763177953625, 0.0, 0.0, 0.0, 1.0, 4.2647, 0.0, 0.5, 0.0, 4.2647, 0.5, 0.0, 0.0, 1.0]], ["9_mirror.png", [0.9966573119163513, 0.05231264606118202, 0.06274992227554321, -0.15845231532133472, 0.05949202924966812, -0.9911563396453857, -0.1186162531375885, 0.2984129738936092, 0.05598985403776169, 0.12195287644863129, -0.9909554123878479, 2.6787763177953625, 0.0, 0.0, 0.0, 1.0, 4.2647, 0.0, 0.5, 0.0, 4.2647, 0.5, 0.0, 0.0, 1.0]]]}