{"labels": [["0_18.png", [0.9820265769958496, -0.07495366036891937, -0.17322181165218353, 0.4415983295685402, -0.1030910536646843, -0.981780469417572, -0.15962257981300354, 0.42049948171560647, -0.15810149908065796, 0.17461124062538147, -0.9718615412712097, 2.6302416431193505, 0.0, 0.0, 0.0, 1.0, 4.2647, 0.0, 0.5, 0.0, 4.2647, 0.5, 0.0, 0.0, 1.0]], ["0_4.png", [0.994064450263977, -0.08848985284566879, -0.06328791379928589, 0.16306951962020277, -0.09330537915229797, -0.9926024079322815, -0.07768187671899796, 0.20288055809599007, -0.055945683270692825, 0.08312588930130005, -0.9949674010276794, 2.6874240102591735, 0.0, 0.0, 0.0, 1.0, 4.2647, 0.0, 0.5, 0.0, 4.2647, 0.5, 0.0, 0.0, 1.0]], ["0_13.png", [0.9892341494560242, 0.05013091117143631, 0.13748657703399658, -0.34807832454739684, 0.06545209884643555, -0.9918534159660339, -0.1092829778790474, 0.28068544859233724, 0.13088807463645935, 0.11710524559020996, -0.9844565391540527, 2.6627161243603865, 0.0, 0.0, 0.0, 1.0, 4.2647, 0.0, 0.5, 0.0, 4.2647, 0.5, 0.0, 0.0, 1.0]]]}