{"labels": [["14_0.png", [0.9819890856742859, -0.07901635020971298, 0.17162124812602997, -0.4400683259712889, -0.06529537588357925, -0.9943088293075562, -0.08418136090040207, 0.23434970443657765, 0.1772962212562561, 0.0714590921998024, -0.9815598130226135, 2.653567426033738, 0.0, 0.0, 0.0, 1.0, 4.2647, 0.0, 0.5, 0.0, 4.2647, 0.5, 0.0, 0.0, 1.0]], ["14_0_mirror.png", [0.9819890856742859, 0.07901635020971298, -0.17162124812602997, 0.4400683259712889, 0.06529537588357925, -0.9943088293075562, -0.08418136090040207, 0.23434970443657765, -0.1772962212562561, 0.0714590921998024, -0.9815598130226135, 2.653567426033738, 0.0, 0.0, 0.0, 1.0, 4.2647, 0.0, 0.5, 0.0, 4.2647, 0.5, 0.0, 0.0, 1.0]], ["14_1.png", [0.9820404648780823, -0.058260880410671234, 0.17944970726966858, -0.453939144689956, -0.06548963487148285, -0.9972524642944336, 0.03462062403559685, -0.08673952773462061, 0.17693965137004852, -0.045750949531793594, -0.9831578135490417, 2.6601532864191353, 0.0, 0.0, 0.0, 1.0, 4.2647, 0.0, 0.5, 0.0, 4.2647, 0.5, 0.0, 0.0, 1.0]], ["14_1_mirror.png", [0.9820404648780823, 0.058260880410671234, -0.17944970726966858, 0.453939144689956, 0.06548963487148285, -0.9972524642944336, 0.03462062403559685, -0.08673952773462061, -0.17693965137004852, -0.045750949531793594, -0.9831578135490417, 2.6601532864191353, 0.0, 0.0, 0.0, 1.0, 4.2647, 0.0, 0.5, 0.0, 4.2647, 0.5, 0.0, 0.0, 1.0]], ["14_10.png", [0.8940736055374146, -0.19979839026927948, 0.4008902609348297, -1.0269392112983329, -0.175886869430542, -0.9797170758247375, -0.09601153433322906, 0.2536836995380108, 0.4119419753551483, 0.01533004641532898, -0.911081075668335, 2.4841578929058974, 0.0, 0.0, 0.0, 1.0, 4.2647, 0.0, 0.5, 0.0, 4.2647, 0.5, 0.0, 0.0, 1.0]], ["14_10_mirror.png", [0.8940736055374146, 0.19979839026927948, -0.4008902609348297, 1.0269392112983329, 0.175886869430542, -0.9797170758247375, -0.09601153433322906, 0.2536836995380108, -0.4119419753551483, 0.01533004641532898, -0.911081075668335, 2.4841578929058974, 0.0, 0.0, 0.0, 1.0, 4.2647, 0.0, 0.5, 0.0, 4.2647, 0.5, 0.0, 0.0, 1.0]], ["14_11.png", [0.9944059252738953, 0.03689444065093994, 0.09897308051586151, -0.249465488734057, 0.04241129010915756, -0.9976274371147156, -0.05422821268439293, 0.13952804016907105, 0.09673754870891571, 0.0581224299967289, -0.9936113953590393, 2.6848275356039646, 0.0, 0.0, 0.0, 1.0, 4.2647, 0.0, 0.5, 0.0, 4.2647, 0.5, 0.0, 0.0, 1.0]], ["14_11_mirror.png", [0.9944059252738953, -0.03689444065093994, -0.09897308051586151, 0.249465488734057, -0.04241129010915756, -0.9976274371147156, -0.05422821268439293, 0.13952804016907105, -0.09673754870891571, 0.0581224299967289, -0.9936113953590393, 2.6848275356039646, 0.0, 0.0, 0.0, 1.0, 4.2647, 0.0, 0.5, 0.0, 4.2647, 0.5, 0.0, 0.0, 1.0]], ["14_12.png", [0.972718358039856, 0.0036735294852405787, 0.23196004331111908, -0.593870101222087, 0.023385850712656975, -0.9963340759277344, -0.08228910714387894, 0.22881305881597433, 0.23080740869045258, 0.08546870946884155, -0.9692384004592896, 2.623921280638912, 0.0, 0.0, 0.0, 1.0, 4.2647, 0.0, 0.5, 0.0, 4.2647, 0.5, 0.0, 0.0, 1.0]], ["14_12_mirror.png", [0.972718358039856, -0.0036735294852405787, -0.23196004331111908, 0.593870101222087, -0.023385850712656975, -0.9963340759277344, -0.08228910714387894, 0.22881305881597433, -0.23080740869045258, 0.08546870946884155, -0.9692384004592896, 2.623921280638912, 0.0, 0.0, 0.0, 1.0, 4.2647, 0.0, 0.5, 0.0, 4.2647, 0.5, 0.0, 0.0, 1.0]], ["14_13.png", [0.824444055557251, -0.07190831750631332, 0.5613565444946289, -1.4414196402647401, -0.05511167272925377, -0.9973818063735962, -0.04682149738073349, 0.13628056926195875, 0.5632537007331848, 0.007664404809474945, -0.8262485265731812, 2.278977188806572, 0.0, 0.0, 0.0, 1.0, 4.2647, 0.0, 0.5, 0.0, 4.2647, 0.5, 0.0, 0.0, 1.0]], ["14_13_mirror.png", [0.824444055557251, 0.07190831750631332, -0.5613565444946289, 1.4414196402647401, 0.05511167272925377, -0.9973818063735962, -0.04682149738073349, 0.13628056926195875, -0.5632537007331848, 0.007664404809474945, -0.8262485265731812, 2.278977188806572, 0.0, 0.0, 0.0, 1.0, 4.2647, 0.0, 0.5, 0.0, 4.2647, 0.5, 0.0, 0.0, 1.0]], ["14_14.png", [0.8488272428512573, -0.19228015840053558, 0.4924638867378235, -1.2635067578353858, -0.1534159779548645, -0.9810184836387634, -0.11860106885433197, 0.312404600340158, 0.5059207677841187, 0.025119982659816742, -0.8622140884399414, 2.3655768934005548, 0.0, 0.0, 0.0, 1.0, 4.2647, 0.0, 0.5, 0.0, 4.2647, 0.5, 0.0, 0.0, 1.0]], ["14_14_mirror.png", [0.8488272428512573, 0.19228015840053558, -0.4924638867378235, 1.2635067578353858, 0.1534159779548645, -0.9810184836387634, -0.11860106885433197, 0.312404600340158, -0.5059207677841187, 0.025119982659816742, -0.8622140884399414, 2.3655768934005548, 0.0, 0.0, 0.0, 1.0, 4.2647, 0.0, 0.5, 0.0, 4.2647, 0.5, 0.0, 0.0, 1.0]], ["14_15.png", [0.7834502458572388, -0.09335043281316757, 0.6144033074378967, -1.5791062329716854, -0.07244105637073517, -0.995631992816925, -0.05890056863427162, 0.16807961889103099, 0.6172179579734802, 0.0016376376152038574, -0.7867904901504517, 2.183614605809235, 0.0, 0.0, 0.0, 1.0, 4.2647, 0.0, 0.5, 0.0, 4.2647, 0.5, 0.0, 0.0, 1.0]], ["14_15_mirror.png", [0.7834502458572388, 0.09335043281316757, -0.6144033074378967, 1.5791062329716854, 0.07244105637073517, -0.995631992816925, -0.05890056863427162, 0.16807961889103099, -0.6172179579734802, 0.0016376376152038574, -0.7867904901504517, 2.183614605809235, 0.0, 0.0, 0.0, 1.0, 4.2647, 0.0, 0.5, 0.0, 4.2647, 0.5, 0.0, 0.0, 1.0]], ["14_16.png", [0.9553027153015137, -0.0661342442035675, 0.28813713788986206, -0.7301884108971829, -0.027954045683145523, -0.9904971718788147, -0.13466227054595947, 0.3475295977269062, 0.29430481791496277, 0.12058864533901215, -0.9480733275413513, 2.5760528067753627, 0.0, 0.0, 0.0, 1.0, 4.2647, 0.0, 0.5, 0.0, 4.2647, 0.5, 0.0, 0.0, 1.0]], ["14_16_mirror.png", [0.9553027153015137, 0.0661342442035675, -0.28813713788986206, 0.7301884108971829, 0.027954045683145523, -0.9904971718788147, -0.13466227054595947, 0.3475295977269062, -0.29430481791496277, 0.12058864533901215, -0.9480733275413513, 2.5760528067753627, 0.0, 0.0, 0.0, 1.0, 4.2647, 0.0, 0.5, 0.0, 4.2647, 0.5, 0.0, 0.0, 1.0]], ["14_17.png", [0.9204666018486023, -0.14560912549495697, 0.36268335580825806, -0.9184743865669602, -0.1708407700061798, -0.9845536947250366, 0.03830671310424805, -0.09719134076831622, 0.35150346159935, -0.09722115099430084, -0.931124746799469, 2.5371162063453268, 0.0, 0.0, 0.0, 1.0, 4.2647, 0.0, 0.5, 0.0, 4.2647, 0.5, 0.0, 0.0, 1.0]], ["14_17_mirror.png", [0.9204666018486023, 0.14560912549495697, -0.36268335580825806, 0.9184743865669602, 0.1708407700061798, -0.9845536947250366, 0.03830671310424805, -0.09719134076831622, -0.35150346159935, -0.09722115099430084, -0.931124746799469, 2.5371162063453268, 0.0, 0.0, 0.0, 1.0, 4.2647, 0.0, 0.5, 0.0, 4.2647, 0.5, 0.0, 0.0, 1.0]], ["14_18.png", [0.9835379719734192, -0.04439088702201843, 0.17516447603702545, -0.4422571965421406, -0.032454755157232285, -0.9969887137413025, -0.07042937725782394, 0.18545821374930543, 0.1777634173631668, 0.06358504295349121, -0.982016921043396, 2.657068652304566, 0.0, 0.0, 0.0, 1.0, 4.2647, 0.0, 0.5, 0.0, 4.2647, 0.5, 0.0, 0.0, 1.0]], ["14_18_mirror.png", [0.9835379719734192, 0.04439088702201843, -0.17516447603702545, 0.4422571965421406, 0.032454755157232285, -0.9969887137413025, -0.07042937725782394, 0.18545821374930543, -0.1777634173631668, 0.06358504295349121, -0.982016921043396, 2.657068652304566, 0.0, 0.0, 0.0, 1.0, 4.2647, 0.0, 0.5, 0.0, 4.2647, 0.5, 0.0, 0.0, 1.0]], ["14_19.png", [0.8072894215583801, -0.049862805753946304, 0.5880454778671265, -1.5009458562319802, 0.02228795737028122, -0.9931374788284302, -0.11480990797281265, 0.3023204196692371, 0.5897347331047058, 0.10579115152359009, -0.8006380200386047, 2.223907349803733, 0.0, 0.0, 0.0, 1.0, 4.2647, 0.0, 0.5, 0.0, 4.2647, 0.5, 0.0, 0.0, 1.0]], ["14_19_mirror.png", [0.8072894215583801, 0.049862805753946304, -0.5880454778671265, 1.5009458562319802, -0.02228795737028122, -0.9931374788284302, -0.11480990797281265, 0.3023204196692371, -0.5897347331047058, 0.10579115152359009, -0.8006380200386047, 2.223907349803733, 0.0, 0.0, 0.0, 1.0, 4.2647, 0.0, 0.5, 0.0, 4.2647, 0.5, 0.0, 0.0, 1.0]], ["14_2.png", [0.959073543548584, -0.0976463183760643, 0.26578786969184875, -0.673035541640265, -0.06922712922096252, -0.991032600402832, -0.1142895519733429, 0.30001855018839363, 0.27456438541412354, 0.09121236205101013, -0.9572328329086304, 2.5975011124601757, 0.0, 0.0, 0.0, 1.0, 4.2647, 0.0, 0.5, 0.0, 4.2647, 0.5, 0.0, 0.0, 1.0]], ["14_2_mirror.png", [0.959073543548584, 0.0976463183760643, -0.26578786969184875, 0.673035541640265, 0.06922712922096252, -0.991032600402832, -0.1142895519733429, 0.30001855018839363, -0.27456438541412354, 0.09121236205101013, -0.9572328329086304, 2.5975011124601757, 0.0, 0.0, 0.0, 1.0, 4.2647, 0.0, 0.5, 0.0, 4.2647, 0.5, 0.0, 0.0, 1.0]], ["14_3.png", [0.8612987399101257, -0.17474955320358276, 0.4771028161048889, -1.2170726123885471, -0.13535748422145844, -0.9839773178100586, -0.11604704707860947, 0.30167904120305433, 0.48973751068115234, 0.03537173569202423, -0.8711521029472351, 2.391176282140764, 0.0, 0.0, 0.0, 1.0, 4.2647, 0.0, 0.5, 0.0, 4.2647, 0.5, 0.0, 0.0, 1.0]], ["14_3_mirror.png", [0.8612987399101257, 0.17474955320358276, -0.4771028161048889, 1.2170726123885471, 0.13535748422145844, -0.9839773178100586, -0.11604704707860947, 0.30167904120305433, -0.48973751068115234, 0.03537173569202423, -0.8711521029472351, 2.391176282140764, 0.0, 0.0, 0.0, 1.0, 4.2647, 0.0, 0.5, 0.0, 4.2647, 0.5, 0.0, 0.0, 1.0]], ["14_4.png", [0.97975093126297, 0.19107753038406372, 0.05981196090579033, -0.1502567395967413, 0.18182465434074402, -0.9741866588592529, 0.13379111886024475, -0.3410928512687665, 0.08383249491453171, -0.12020669132471085, -0.9892029166221619, 2.6741500666602653, 0.0, 0.0, 0.0, 1.0, 4.2647, 0.0, 0.5, 0.0, 4.2647, 0.5, 0.0, 0.0, 1.0]], ["14_4_mirror.png", [0.97975093126297, -0.19107753038406372, -0.05981196090579033, 0.1502567395967413, -0.18182465434074402, -0.9741866588592529, 0.13379111886024475, -0.3410928512687665, -0.08383249491453171, -0.12020669132471085, -0.9892029166221619, 2.6741500666602653, 0.0, 0.0, 0.0, 1.0, 4.2647, 0.0, 0.5, 0.0, 4.2647, 0.5, 0.0, 0.0, 1.0]], ["14_5.png", [0.9911195039749146, 0.02641427330672741, 0.13032428920269012, -0.32904541905971596, 0.023749029263854027, -0.9994766116142273, 0.0219630878418684, -0.05433834778028975, 0.13083623349666595, -0.018672971054911613, -0.9912281036376953, 2.6793238804139237, 0.0, 0.0, 0.0, 1.0, 4.2647, 0.0, 0.5, 0.0, 4.2647, 0.5, 0.0, 0.0, 1.0]], ["14_5_mirror.png", [0.9911195039749146, -0.02641427330672741, -0.13032428920269012, 0.32904541905971596, -0.023749029263854027, -0.9994766116142273, 0.0219630878418684, -0.05433834778028975, -0.13083623349666595, -0.018672971054911613, -0.9912281036376953, 2.6793238804139237, 0.0, 0.0, 0.0, 1.0, 4.2647, 0.0, 0.5, 0.0, 4.2647, 0.5, 0.0, 0.0, 1.0]], ["14_6.png", [0.9834631085395813, -0.07545014470815659, 0.16464370489120483, -0.42519986534723664, -0.06690983474254608, -0.9961397051811218, -0.05682289972901344, 0.16286092620798878, 0.16829541325569153, 0.04486694186925888, -0.9847149848937988, 2.6613307560736166, 0.0, 0.0, 0.0, 1.0, 4.2647, 0.0, 0.5, 0.0, 4.2647, 0.5, 0.0, 0.0, 1.0]], ["14_6_mirror.png", [0.9834631085395813, 0.07545014470815659, -0.16464370489120483, 0.42519986534723664, 0.06690983474254608, -0.9961397051811218, -0.05682289972901344, 0.16286092620798878, -0.16829541325569153, 0.04486694186925888, -0.9847149848937988, 2.6613307560736166, 0.0, 0.0, 0.0, 1.0, 4.2647, 0.0, 0.5, 0.0, 4.2647, 0.5, 0.0, 0.0, 1.0]], ["14_7.png", [0.940855860710144, -0.03166826441884041, 0.3373238742351532, -0.8598241716159202, 0.01093357801437378, -0.992265522480011, -0.1236504465341568, 0.32861407613970206, 0.33863067626953125, 0.1200253963470459, -0.9332326054573059, 2.5382504176829848, 0.0, 0.0, 0.0, 1.0, 4.2647, 0.0, 0.5, 0.0, 4.2647, 0.5, 0.0, 0.0, 1.0]], ["14_7_mirror.png", [0.940855860710144, 0.03166826441884041, -0.3373238742351532, 0.8598241716159202, -0.01093357801437378, -0.992265522480011, -0.1236504465341568, 0.32861407613970206, -0.33863067626953125, 0.1200253963470459, -0.9332326054573059, 2.5382504176829848, 0.0, 0.0, 0.0, 1.0, 4.2647, 0.0, 0.5, 0.0, 4.2647, 0.5, 0.0, 0.0, 1.0]], ["14_8.png", [0.9399940371513367, -0.08949482440948486, 0.3292444348335266, -0.8354831668740758, -0.12729161977767944, -0.9873003959655762, 0.09505124390125275, -0.23444406533707066, 0.31655657291412354, -0.13125765323638916, -0.9394484162330627, 2.556756511304566, 0.0, 0.0, 0.0, 1.0, 4.2647, 0.0, 0.5, 0.0, 4.2647, 0.5, 0.0, 0.0, 1.0]], ["14_8_mirror.png", [0.9399940371513367, 0.08949482440948486, -0.3292444348335266, 0.8354831668740758, 0.12729161977767944, -0.9873003959655762, 0.09505124390125275, -0.23444406533707066, -0.31655657291412354, -0.13125765323638916, -0.9394484162330627, 2.556756511304566, 0.0, 0.0, 0.0, 1.0, 4.2647, 0.0, 0.5, 0.0, 4.2647, 0.5, 0.0, 0.0, 1.0]], ["14_9.png", [0.9685618877410889, -0.05994142219424248, 0.24144341051578522, -0.6127751154667301, -0.07672400027513504, -0.995202362537384, 0.060710277408361435, -0.15182890210465785, 0.23664598166942596, -0.07732616364955902, -0.9685140252113342, 2.6251580223579745, 0.0, 0.0, 0.0, 1.0, 4.2647, 0.0, 0.5, 0.0, 4.2647, 0.5, 0.0, 0.0, 1.0]], ["14_9_mirror.png", [0.9685618877410889, 0.05994142219424248, -0.24144341051578522, 0.6127751154667301, 0.07672400027513504, -0.995202362537384, 0.060710277408361435, -0.15182890210465785, -0.23664598166942596, -0.07732616364955902, -0.9685140252113342, 2.6251580223579745, 0.0, 0.0, 0.0, 1.0, 4.2647, 0.0, 0.5, 0.0, 4.2647, 0.5, 0.0, 0.0, 1.0]]]}