{"labels": [["7_4.png", [0.7748778462409973, -0.24613317847251892, -0.5822222828865051, 1.4943624544268774, -0.22753480076789856, -0.9679427742958069, 0.10637029260396957, -0.26146387323113546, -0.5897391438484192, 0.05005185306072235, -0.8060413002967834, 2.233498936152478, 0.0, 0.0, 0.0, 1.0, 4.2647, 0.0, 0.5, 0.0, 4.2647, 0.5, 0.0, 0.0, 1.0]], ["7_18.png", [0.9597358703613281, -0.17046105861663818, 0.22327136993408203, -0.5711024026795014, -0.16289934515953064, -0.9852713942527771, -0.05199979990720749, 0.13817485057315732, 0.22884683310985565, 0.013535309582948685, -0.9733683466911316, 2.6352893116928904, 0.0, 0.0, 0.0, 1.0, 4.2647, 0.0, 0.5, 0.0, 4.2647, 0.5, 0.0, 0.0, 1.0]], ["7_15.png", [0.978330135345459, -0.1087464690208435, 0.176193967461586, -0.4486192399995382, -0.08391709625720978, -0.9861987233161926, -0.1427234262228012, 0.37411257624465893, 0.18928292393684387, 0.12484493851661682, -0.9739536643028259, 2.6360539747504834, 0.0, 0.0, 0.0, 1.0, 4.2647, 0.0, 0.5, 0.0, 4.2647, 0.5, 0.0, 0.0, 1.0]]]}