{"labels": [["3_0.png", [0.9371209144592285, 0.10216904431581497, -0.3337152600288391, 0.8514750492650617, 0.009013749659061432, -0.9629572033882141, -0.26950356364250183, 0.6911142411179128, -0.34888842701911926, 0.24954937398433685, -0.9033282995223999, 2.467255833148049, 0.0, 0.0, 0.0, 1.0, 4.2647, 0.0, 0.5, 0.0, 4.2647, 0.5, 0.0, 0.0, 1.0]], ["3_0_mirror.png", [0.9371209144592285, -0.10216904431581497, 0.3337152600288391, -0.8514750492650617, -0.009013749659061432, -0.9629572033882141, -0.26950356364250183, 0.6911142411179128, 0.34888842701911926, 0.24954937398433685, -0.9033282995223999, 2.467255833148049, 0.0, 0.0, 0.0, 1.0, 4.2647, 0.0, 0.5, 0.0, 4.2647, 0.5, 0.0, 0.0, 1.0]], ["3_1.png", [0.9711949229240417, 0.15387733280658722, -0.18194016814231873, 0.46273107717109757, 0.08490227907896042, -0.9368856549263, -0.339170902967453, 0.8625394758843516, -0.22264784574508667, 0.3139539062976837, -0.9229631423950195, 2.516327801134269, 0.0, 0.0, 0.0, 1.0, 4.2647, 0.0, 0.5, 0.0, 4.2647, 0.5, 0.0, 0.0, 1.0]], ["3_1_mirror.png", [0.9711949229240417, -0.15387733280658722, 0.18194016814231873, -0.46273107717109757, -0.08490227907896042, -0.9368856549263, -0.339170902967453, 0.8625394758843516, 0.22264784574508667, 0.3139539062976837, -0.9229631423950195, 2.516327801134269, 0.0, 0.0, 0.0, 1.0, 4.2647, 0.0, 0.5, 0.0, 4.2647, 0.5, 0.0, 0.0, 1.0]], ["3_10.png", [0.9624602198600769, 0.23415321111679077, -0.13726845383644104, 0.3493387103091706, 0.1789105236530304, -0.9276169538497925, -0.3278992176055908, 0.8313374166748153, -0.20411120355129242, 0.2910311818122864, -0.9346868395805359, 2.544963764990765, 0.0, 0.0, 0.0, 1.0, 4.2647, 0.0, 0.5, 0.0, 4.2647, 0.5, 0.0, 0.0, 1.0]], ["3_10_mirror.png", [0.9624602198600769, -0.23415321111679077, 0.13726845383644104, -0.3493387103091706, -0.1789105236530304, -0.9276169538497925, -0.3278992176055908, 0.8313374166748153, 0.20411120355129242, 0.2910311818122864, -0.9346868395805359, 2.544963764990765, 0.0, 0.0, 0.0, 1.0, 4.2647, 0.0, 0.5, 0.0, 4.2647, 0.5, 0.0, 0.0, 1.0]], ["3_11.png", [0.971362292766571, -0.10772613435983658, -0.21177919209003448, 0.5362691769816419, -0.13075721263885498, -0.9865687489509583, -0.09790095686912537, 0.24997665147948414, -0.1983882486820221, 0.1227889433503151, -0.9724016785621643, 2.6343741274797203, 0.0, 0.0, 0.0, 1.0, 4.2647, 0.0, 0.5, 0.0, 4.2647, 0.5, 0.0, 0.0, 1.0]], ["3_11_mirror.png", [0.971362292766571, 0.10772613435983658, 0.21177919209003448, -0.5362691769816419, 0.13075721263885498, -0.9865687489509583, -0.09790095686912537, 0.24997665147948414, 0.1983882486820221, 0.1227889433503151, -0.9724016785621643, 2.6343741274797203, 0.0, 0.0, 0.0, 1.0, 4.2647, 0.0, 0.5, 0.0, 4.2647, 0.5, 0.0, 0.0, 1.0]], ["3_12.png", [0.879823625087738, 0.057008348405361176, -0.47186902165412903, 1.2079804016317153, 0.0023879222571849823, -0.9932985901832581, -0.1155519038438797, 0.29503472713342094, -0.4752942621707916, 0.10053852200508118, -0.8740636706352234, 2.396609659301862, 0.0, 0.0, 0.0, 1.0, 4.2647, 0.0, 0.5, 0.0, 4.2647, 0.5, 0.0, 0.0, 1.0]], ["3_12_mirror.png", [0.879823625087738, -0.057008348405361176, 0.47186902165412903, -1.2079804016317153, -0.0023879222571849823, -0.9932985901832581, -0.1155519038438797, 0.29503472713342094, 0.4752942621707916, 0.10053852200508118, -0.8740636706352234, 2.396609659301862, 0.0, 0.0, 0.0, 1.0, 4.2647, 0.0, 0.5, 0.0, 4.2647, 0.5, 0.0, 0.0, 1.0]], ["3_13.png", [0.8083071708679199, 0.1027836799621582, -0.5797197818756104, 1.492120586470005, 0.04451446235179901, -0.9924943447113037, -0.11390133947134018, 0.29187135193998515, -0.5870757699012756, 0.06626135855913162, -0.8068156242370605, 2.231229990240615, 0.0, 0.0, 0.0, 1.0, 4.2647, 0.0, 0.5, 0.0, 4.2647, 0.5, 0.0, 0.0, 1.0]], ["3_13_mirror.png", [0.8083071708679199, -0.1027836799621582, 0.5797197818756104, -1.492120586470005, -0.04451446235179901, -0.9924943447113037, -0.11390133947134018, 0.29187135193998515, 0.5870757699012756, 0.06626135855913162, -0.8068156242370605, 2.231229990240615, 0.0, 0.0, 0.0, 1.0, 4.2647, 0.0, 0.5, 0.0, 4.2647, 0.5, 0.0, 0.0, 1.0]], ["3_14.png", [0.9757989048957825, 0.14817224442958832, -0.16081498563289642, 0.40965876009174285, 0.09255262464284897, -0.9461610317230225, -0.3101828694343567, 0.7891984538600807, -0.19811736047267914, 0.28779226541519165, -0.9369766116142273, 2.5493813956928757, 0.0, 0.0, 0.0, 1.0, 4.2647, 0.0, 0.5, 0.0, 4.2647, 0.5, 0.0, 0.0, 1.0]], ["3_14_mirror.png", [0.9757989048957825, -0.14817224442958832, 0.16081498563289642, -0.40965876009174285, -0.09255262464284897, -0.9461610317230225, -0.3101828694343567, 0.7891984538600807, 0.19811736047267914, 0.28779226541519165, -0.9369766116142273, 2.5493813956928757, 0.0, 0.0, 0.0, 1.0, 4.2647, 0.0, 0.5, 0.0, 4.2647, 0.5, 0.0, 0.0, 1.0]], ["3_15.png", [0.8405494689941406, 0.04219205304980278, -0.5400892496109009, 1.3866652373482002, -0.021603979170322418, -0.9935587048530579, -0.11123993992805481, 0.2899946205870943, -0.541303813457489, 0.10517076402902603, -0.834223747253418, 2.2984913833992517, 0.0, 0.0, 0.0, 1.0, 4.2647, 0.0, 0.5, 0.0, 4.2647, 0.5, 0.0, 0.0, 1.0]], ["3_15_mirror.png", [0.8405494689941406, -0.04219205304980278, 0.5400892496109009, -1.3866652373482002, 0.021603979170322418, -0.9935587048530579, -0.11123993992805481, 0.2899946205870943, 0.541303813457489, 0.10517076402902603, -0.834223747253418, 2.2984913833992517, 0.0, 0.0, 0.0, 1.0, 4.2647, 0.0, 0.5, 0.0, 4.2647, 0.5, 0.0, 0.0, 1.0]], ["3_16.png", [0.9708035588264465, -0.10234015434980392, -0.2169492393732071, 0.5484881121157795, -0.12544111907482147, -0.9874940514564514, -0.09549876302480698, 0.24388680127278356, -0.20446272194385529, 0.1199248880147934, -0.9715003967285156, 2.6324285401569023, 0.0, 0.0, 0.0, 1.0, 4.2647, 0.0, 0.5, 0.0, 4.2647, 0.5, 0.0, 0.0, 1.0]], ["3_16_mirror.png", [0.9708035588264465, 0.10234015434980392, 0.2169492393732071, -0.5484881121157795, 0.12544111907482147, -0.9874940514564514, -0.09549876302480698, 0.24388680127278356, 0.20446272194385529, 0.1199248880147934, -0.9715003967285156, 2.6324285401569023, 0.0, 0.0, 0.0, 1.0, 4.2647, 0.0, 0.5, 0.0, 4.2647, 0.5, 0.0, 0.0, 1.0]], ["3_17.png", [0.9744488596916199, -0.09804306924343109, -0.20208175480365753, 0.5098474594150657, -0.11513117700815201, -0.9905458688735962, -0.07459001988172531, 0.18994594303821707, -0.19285821914672852, 0.09595005959272385, -0.9765241146087646, 2.644612657243273, 0.0, 0.0, 0.0, 1.0, 4.2647, 0.0, 0.5, 0.0, 4.2647, 0.5, 0.0, 0.0, 1.0]], ["3_17_mirror.png", [0.9744488596916199, 0.09804306924343109, 0.20208175480365753, -0.5098474594150657, 0.11513117700815201, -0.9905458688735962, -0.07459001988172531, 0.18994594303821707, 0.19285821914672852, 0.09595005959272385, -0.9765241146087646, 2.644612657243273, 0.0, 0.0, 0.0, 1.0, 4.2647, 0.0, 0.5, 0.0, 4.2647, 0.5, 0.0, 0.0, 1.0]], ["3_18.png", [0.9258624315261841, 0.10186926275491714, -0.36387014389038086, 0.9328594719593641, 0.0023515820503234863, -0.9645086526870728, -0.2640407383441925, 0.6720906116872839, -0.3778535723686218, 0.2436097264289856, -0.8932418823242188, 2.442962835422903, 0.0, 0.0, 0.0, 1.0, 4.2647, 0.0, 0.5, 0.0, 4.2647, 0.5, 0.0, 0.0, 1.0]], ["3_18_mirror.png", [0.9258624315261841, -0.10186926275491714, 0.36387014389038086, -0.9328594719593641, -0.0023515820503234863, -0.9645086526870728, -0.2640407383441925, 0.6720906116872839, 0.3778535723686218, 0.2436097264289856, -0.8932418823242188, 2.442962835422903, 0.0, 0.0, 0.0, 1.0, 4.2647, 0.0, 0.5, 0.0, 4.2647, 0.5, 0.0, 0.0, 1.0]], ["3_19.png", [0.8266676068305969, 0.10488429665565491, -0.5528290271759033, 1.4200632109566225, 0.04089207947254181, -0.9910746216773987, -0.1268819123506546, 0.32883965374528523, -0.5612027049064636, 0.08228284120559692, -0.8235781788825989, 2.2727263273461347, 0.0, 0.0, 0.0, 1.0, 4.2647, 0.0, 0.5, 0.0, 4.2647, 0.5, 0.0, 0.0, 1.0]], ["3_19_mirror.png", [0.8266676068305969, -0.10488429665565491, 0.5528290271759033, -1.4200632109566225, -0.04089207947254181, -0.9910746216773987, -0.1268819123506546, 0.32883965374528523, 0.5612027049064636, 0.08228284120559692, -0.8235781788825989, 2.2727263273461347, 0.0, 0.0, 0.0, 1.0, 4.2647, 0.0, 0.5, 0.0, 4.2647, 0.5, 0.0, 0.0, 1.0]], ["3_2.png", [0.90434730052948, -0.035883378237485886, -0.42528611421585083, 1.0845658852195343, -0.10013046115636826, -0.9864861965179443, -0.12968742847442627, 0.3324090029180452, -0.4148852825164795, 0.1598665714263916, -0.8957192301750183, 2.450147157906439, 0.0, 0.0, 0.0, 1.0, 4.2647, 0.0, 0.5, 0.0, 4.2647, 0.5, 0.0, 0.0, 1.0]], ["3_2_mirror.png", [0.90434730052948, 0.035883378237485886, 0.42528611421585083, -1.0845658852195343, 0.10013046115636826, -0.9864861965179443, -0.12968742847442627, 0.3324090029180452, 0.4148852825164795, 0.1598665714263916, -0.8957192301750183, 2.450147157906439, 0.0, 0.0, 0.0, 1.0, 4.2647, 0.0, 0.5, 0.0, 4.2647, 0.5, 0.0, 0.0, 1.0]], ["3_3.png", [0.9713184237480164, -0.10446662455797195, -0.21360519528388977, 0.5407259020526765, -0.12684056162834167, -0.9874743819236755, -0.09383883327245712, 0.23969593650255838, -0.20112663507461548, 0.11824119091033936, -0.9724027514457703, 2.634418599401675, 0.0, 0.0, 0.0, 1.0, 4.2647, 0.0, 0.5, 0.0, 4.2647, 0.5, 0.0, 0.0, 1.0]], ["3_3_mirror.png", [0.9713184237480164, 0.10446662455797195, 0.21360519528388977, -0.5407259020526765, 0.12684056162834167, -0.9874743819236755, -0.09383883327245712, 0.23969593650255838, 0.20112663507461548, 0.11824119091033936, -0.9724027514457703, 2.634418599401675, 0.0, 0.0, 0.0, 1.0, 4.2647, 0.0, 0.5, 0.0, 4.2647, 0.5, 0.0, 0.0, 1.0]], ["3_4.png", [0.8650094270706177, 0.03081676736474037, -0.5008083581924438, 1.2823521565615652, -0.02577926591038704, -0.9940643310546875, -0.10569543391466141, 0.2692336226510359, -0.5010929107666016, 0.10433802008628845, -0.8590806126594543, 2.360738486786731, 0.0, 0.0, 0.0, 1.0, 4.2647, 0.0, 0.5, 0.0, 4.2647, 0.5, 0.0, 0.0, 1.0]], ["3_4_mirror.png", [0.8650094270706177, -0.03081676736474037, 0.5008083581924438, -1.2823521565615652, 0.02577926591038704, -0.9940643310546875, -0.10569543391466141, 0.2692336226510359, 0.5010929107666016, 0.10433802008628845, -0.8590806126594543, 2.360738486786731, 0.0, 0.0, 0.0, 1.0, 4.2647, 0.0, 0.5, 0.0, 4.2647, 0.5, 0.0, 0.0, 1.0]], ["3_5.png", [0.9705390334129333, -0.10371793806552887, -0.2174777388572693, 0.552500857932706, -0.12555095553398132, -0.9880807995796204, -0.08906839042901993, 0.22402350280700395, -0.20564760267734528, 0.11374887824058533, -0.9719929099082947, 2.6333545663608815, 0.0, 0.0, 0.0, 1.0, 4.2647, 0.0, 0.5, 0.0, 4.2647, 0.5, 0.0, 0.0, 1.0]], ["3_5_mirror.png", [0.9705390334129333, 0.10371793806552887, 0.2174777388572693, -0.552500857932706, 0.12555095553398132, -0.9880807995796204, -0.08906839042901993, 0.22402350280700395, 0.20564760267734528, 0.11374887824058533, -0.9719929099082947, 2.6333545663608815, 0.0, 0.0, 0.0, 1.0, 4.2647, 0.0, 0.5, 0.0, 4.2647, 0.5, 0.0, 0.0, 1.0]], ["3_6.png", [0.9686979055404663, -0.11092909425497055, -0.22207894921302795, 0.5625553946322366, -0.13491064310073853, -0.9862099885940552, -0.09585902839899063, 0.2424208434433178, -0.20838291943073273, 0.12281925976276398, -0.9703051447868347, 2.6295938018322143, 0.0, 0.0, 0.0, 1.0, 4.2647, 0.0, 0.5, 0.0, 4.2647, 0.5, 0.0, 0.0, 1.0]], ["3_6_mirror.png", [0.9686979055404663, 0.11092909425497055, 0.22207894921302795, -0.5625553946322366, 0.13491064310073853, -0.9862099885940552, -0.09585902839899063, 0.2424208434433178, 0.20838291943073273, 0.12281925976276398, -0.9703051447868347, 2.6295938018322143, 0.0, 0.0, 0.0, 1.0, 4.2647, 0.0, 0.5, 0.0, 4.2647, 0.5, 0.0, 0.0, 1.0]], ["3_7.png", [0.8402665257453918, 0.03805376961827278, -0.5408363342285156, 1.3881379436088268, -0.023095320910215378, -0.9941161274909973, -0.10582885891199112, 0.2812486099635639, -0.5416812896728516, 0.1014152392745018, -0.8344436883926392, 2.2986892501830307, 0.0, 0.0, 0.0, 1.0, 4.2647, 0.0, 0.5, 0.0, 4.2647, 0.5, 0.0, 0.0, 1.0]], ["3_7_mirror.png", [0.8402665257453918, -0.03805376961827278, 0.5408363342285156, -1.3881379436088268, 0.023095320910215378, -0.9941161274909973, -0.10582885891199112, 0.2812486099635639, 0.5416812896728516, 0.1014152392745018, -0.8344436883926392, 2.2986892501830307, 0.0, 0.0, 0.0, 1.0, 4.2647, 0.0, 0.5, 0.0, 4.2647, 0.5, 0.0, 0.0, 1.0]], ["3_8.png", [0.8611685037612915, 0.034105055034160614, -0.5071742534637451, 1.298203185522119, -0.02236754074692726, -0.9942378997802734, -0.10483725368976593, 0.2649431960146068, -0.5078272819519043, 0.10162678360939026, -0.8554434180259705, 2.3525461933798004, 0.0, 0.0, 0.0, 1.0, 4.2647, 0.0, 0.5, 0.0, 4.2647, 0.5, 0.0, 0.0, 1.0]], ["3_8_mirror.png", [0.8611685037612915, -0.034105055034160614, 0.5071742534637451, -1.298203185522119, 0.02236754074692726, -0.9942378997802734, -0.10483725368976593, 0.2649431960146068, 0.5078272819519043, 0.10162678360939026, -0.8554434180259705, 2.3525461933798004, 0.0, 0.0, 0.0, 1.0, 4.2647, 0.0, 0.5, 0.0, 4.2647, 0.5, 0.0, 0.0, 1.0]], ["3_9.png", [0.8616947531700134, 0.03187800943851471, -0.5064246654510498, 1.2946773959257445, -0.02407650649547577, -0.9943320155143738, -0.10355720669031143, 0.2622250860136203, -0.5068554878234863, 0.10142763704061508, -0.8560432195663452, 2.3547926542997546, 0.0, 0.0, 0.0, 1.0, 4.2647, 0.0, 0.5, 0.0, 4.2647, 0.5, 0.0, 0.0, 1.0]], ["3_9_mirror.png", [0.8616947531700134, -0.03187800943851471, 0.5064246654510498, -1.2946773959257445, 0.02407650649547577, -0.9943320155143738, -0.10355720669031143, 0.2622250860136203, 0.5068554878234863, 0.10142763704061508, -0.8560432195663452, 2.3547926542997546, 0.0, 0.0, 0.0, 1.0, 4.2647, 0.0, 0.5, 0.0, 4.2647, 0.5, 0.0, 0.0, 1.0]]]}