{"labels": [["5_15.png", [0.9954574704170227, -0.06469891220331192, -0.06984516233205795, 0.1756174597023318, -0.06924977898597717, -0.9954906105995178, -0.06482990831136703, 0.16379719905612866, -0.06533577293157578, 0.06937218457460403, -0.9954490065574646, 2.689298976579039, 0.0, 0.0, 0.0, 1.0, 4.2647, 0.0, 0.5, 0.0, 4.2647, 0.5, 0.0, 0.0, 1.0]], ["3_6.png", [0.996214747428894, -0.061676204204559326, 0.06125444918870926, -0.15949377136751353, -0.05956869199872017, -0.9975871443748474, -0.03565744310617447, 0.09121325948428942, 0.06330586224794388, 0.03187362477183342, -0.9974850416183472, 2.6937412418770332, 0.0, 0.0, 0.0, 1.0, 4.2647, 0.0, 0.5, 0.0, 4.2647, 0.5, 0.0, 0.0, 1.0]], ["1_2.png", [0.9901554584503174, 0.06299660354852676, 0.12499433010816574, -0.3135650982386385, 0.06780098378658295, -0.9971002340316772, -0.0345582440495491, 0.08803381275361068, 0.12245482206344604, 0.042692773044109344, -0.9915554523468018, 2.6802848686247245, 0.0, 0.0, 0.0, 1.0, 4.2647, 0.0, 0.5, 0.0, 4.2647, 0.5, 0.0, 0.0, 1.0]]]}