{"labels": [["0.png", [0.944326639175415, 0.1238856390118599, -0.3047942519187927, 0.7766280978061706, 0.08869409561157227, -0.9879592657089233, -0.12676668167114258, 0.335309525301953, -0.3168289065361023, 0.09267570078372955, -0.9439442157745361, 2.5640624641259717, 0.0, 0.0, 0.0, 1.0, 4.2647, 0.0, 0.5, 0.0, 4.2647, 0.5, 0.0, 0.0, 1.0]], ["0_mirror.png", [0.944326639175415, -0.1238856390118599, 0.3047942519187927, -0.7766280978061706, -0.08869409561157227, -0.9879592657089233, -0.12676668167114258, 0.335309525301953, 0.3168289065361023, 0.09267570078372955, -0.9439442157745361, 2.5640624641259717, 0.0, 0.0, 0.0, 1.0, 4.2647, 0.0, 0.5, 0.0, 4.2647, 0.5, 0.0, 0.0, 1.0]], ["1.png", [0.9578931927680969, -0.050467900931835175, -0.2826548218727112, 0.7209276302280375, -0.043159741908311844, -0.9985547065734863, 0.03202684223651886, -0.07959984147789587, -0.2838626205921173, -0.018478980287909508, -0.958686888217926, 2.600755124422613, 0.0, 0.0, 0.0, 1.0, 4.2647, 0.0, 0.5, 0.0, 4.2647, 0.5, 0.0, 0.0, 1.0]], ["1_mirror.png", [0.9578931927680969, 0.050467900931835175, 0.2826548218727112, -0.7209276302280375, 0.043159741908311844, -0.9985547065734863, 0.03202684223651886, -0.07959984147789587, 0.2838626205921173, -0.018478980287909508, -0.958686888217926, 2.600755124422613, 0.0, 0.0, 0.0, 1.0, 4.2647, 0.0, 0.5, 0.0, 4.2647, 0.5, 0.0, 0.0, 1.0]], ["10.png", [0.999539315700531, -0.013196681626141071, -0.02733336016535759, 0.07097617380704427, -0.014774227514863014, -0.9981873631477356, -0.05834115669131279, 0.1666475424106887, -0.026513904333114624, 0.05871810391545296, -0.9979224801063538, 2.693917403960298, 0.0, 0.0, 0.0, 1.0, 4.2647, 0.0, 0.5, 0.0, 4.2647, 0.5, 0.0, 0.0, 1.0]], ["10_mirror.png", [0.999539315700531, 0.013196681626141071, 0.02733336016535759, -0.07097617380704427, 0.014774227514863014, -0.9981873631477356, -0.05834115669131279, 0.1666475424106887, 0.026513904333114624, 0.05871810391545296, -0.9979224801063538, 2.693917403960298, 0.0, 0.0, 0.0, 1.0, 4.2647, 0.0, 0.5, 0.0, 4.2647, 0.5, 0.0, 0.0, 1.0]], ["11.png", [0.9963487982749939, -0.08456572145223618, -0.01173391193151474, 0.028222525585240996, -0.08518125116825104, -0.993919312953949, -0.06977512687444687, 0.1847945006583194, -0.005761977285146713, 0.07051987200975418, -0.9974937438964844, 2.693520833700017, 0.0, 0.0, 0.0, 1.0, 4.2647, 0.0, 0.5, 0.0, 4.2647, 0.5, 0.0, 0.0, 1.0]], ["11_mirror.png", [0.9963487982749939, 0.08456572145223618, 0.01173391193151474, -0.028222525585240996, 0.08518125116825104, -0.993919312953949, -0.06977512687444687, 0.1847945006583194, 0.005761977285146713, 0.07051987200975418, -0.9974937438964844, 2.693520833700017, 0.0, 0.0, 0.0, 1.0, 4.2647, 0.0, 0.5, 0.0, 4.2647, 0.5, 0.0, 0.0, 1.0]], ["12.png", [0.9566226601600647, 0.13331758975982666, -0.2590356469154358, 0.6626524770326901, 0.09556204080581665, -0.9835496544837952, -0.15329034626483917, 0.40107316525459513, -0.27521073818206787, 0.12188704311847687, -0.9536260366439819, 2.586509619312308, 0.0, 0.0, 0.0, 1.0, 4.2647, 0.0, 0.5, 0.0, 4.2647, 0.5, 0.0, 0.0, 1.0]], ["12_mirror.png", [0.9566226601600647, -0.13331758975982666, 0.2590356469154358, -0.6626524770326901, -0.09556204080581665, -0.9835496544837952, -0.15329034626483917, 0.40107316525459513, 0.27521073818206787, 0.12188704311847687, -0.9536260366439819, 2.586509619312308, 0.0, 0.0, 0.0, 1.0, 4.2647, 0.0, 0.5, 0.0, 4.2647, 0.5, 0.0, 0.0, 1.0]], ["13.png", [0.8871628046035767, 0.016445109620690346, -0.4611634314060211, 1.1809181640618938, -0.0674440860748291, -0.9840124249458313, -0.16483543813228607, 0.4201419935539097, -0.4565012753009796, 0.1773386150598526, -0.8718701601028442, 2.3914248880199507, 0.0, 0.0, 0.0, 1.0, 4.2647, 0.0, 0.5, 0.0, 4.2647, 0.5, 0.0, 0.0, 1.0]], ["13_mirror.png", [0.8871628046035767, -0.016445109620690346, 0.4611634314060211, -1.1809181640618938, 0.0674440860748291, -0.9840124249458313, -0.16483543813228607, 0.4201419935539097, 0.4565012753009796, 0.1773386150598526, -0.8718701601028442, 2.3914248880199507, 0.0, 0.0, 0.0, 1.0, 4.2647, 0.0, 0.5, 0.0, 4.2647, 0.5, 0.0, 0.0, 1.0]], ["14.png", [0.9526301622390747, -0.09037300944328308, 0.2903936505317688, -0.7425466347864254, -0.13648852705955505, -0.9803150296211243, 0.14266520738601685, -0.36828218495285403, 0.2717841565608978, -0.17554259300231934, -0.9462125301361084, 2.569628908502881, 0.0, 0.0, 0.0, 1.0, 4.2647, 0.0, 0.5, 0.0, 4.2647, 0.5, 0.0, 0.0, 1.0]], ["14_mirror.png", [0.9526301622390747, 0.09037300944328308, -0.2903936505317688, 0.7425466347864254, 0.13648852705955505, -0.9803150296211243, 0.14266520738601685, -0.36828218495285403, -0.2717841565608978, -0.17554259300231934, -0.9462125301361084, 2.569628908502881, 0.0, 0.0, 0.0, 1.0, 4.2647, 0.0, 0.5, 0.0, 4.2647, 0.5, 0.0, 0.0, 1.0]], ["15.png", [0.9934350252151489, -0.09965255856513977, 0.05618028715252876, -0.14157331906834325, -0.09594687074422836, -0.9932489395141602, -0.06519743800163269, 0.16625954213371474, 0.06229810416698456, 0.05937909707427025, -0.9962896704673767, 2.69115491192489, 0.0, 0.0, 0.0, 1.0, 4.2647, 0.0, 0.5, 0.0, 4.2647, 0.5, 0.0, 0.0, 1.0]], ["15_mirror.png", [0.9934350252151489, 0.09965255856513977, -0.05618028715252876, 0.14157331906834325, 0.09594687074422836, -0.9932489395141602, -0.06519743800163269, 0.16625954213371474, -0.06229810416698456, 0.05937909707427025, -0.9962896704673767, 2.69115491192489, 0.0, 0.0, 0.0, 1.0, 4.2647, 0.0, 0.5, 0.0, 4.2647, 0.5, 0.0, 0.0, 1.0]], ["16.png", [0.8922343850135803, -0.06271328032016754, -0.44719672203063965, 1.1401504200092838, -0.08763590455055237, -0.995529055595398, -0.035239242017269135, 0.0899601803630627, -0.4429873526096344, 0.07063215225934982, -0.8937411904335022, 2.445805426787196, 0.0, 0.0, 0.0, 1.0, 4.2647, 0.0, 0.5, 0.0, 4.2647, 0.5, 0.0, 0.0, 1.0]], ["16_mirror.png", [0.8922343850135803, 0.06271328032016754, 0.44719672203063965, -1.1401504200092838, 0.08763590455055237, -0.995529055595398, -0.035239242017269135, 0.0899601803630627, 0.4429873526096344, 0.07063215225934982, -0.8937411904335022, 2.445805426787196, 0.0, 0.0, 0.0, 1.0, 4.2647, 0.0, 0.5, 0.0, 4.2647, 0.5, 0.0, 0.0, 1.0]], ["17.png", [0.9387868642807007, -0.008589694276452065, -0.34439149498939514, 0.8791215568475044, -0.028849275782704353, -0.9981378316879272, -0.053745873272418976, 0.14443715657761869, -0.34328851103782654, 0.06039136275649071, -0.9372864365577698, 2.5487807273450955, 0.0, 0.0, 0.0, 1.0, 4.2647, 0.0, 0.5, 0.0, 4.2647, 0.5, 0.0, 0.0, 1.0]], ["17_mirror.png", [0.9387868642807007, 0.008589694276452065, 0.34439149498939514, -0.8791215568475044, 0.028849275782704353, -0.9981378316879272, -0.053745873272418976, 0.14443715657761869, 0.34328851103782654, 0.06039136275649071, -0.9372864365577698, 2.5487807273450955, 0.0, 0.0, 0.0, 1.0, 4.2647, 0.0, 0.5, 0.0, 4.2647, 0.5, 0.0, 0.0, 1.0]], ["18.png", [0.9211935997009277, -0.06785520166158676, -0.38314223289489746, 0.9723534124480933, -0.07705120742321014, -0.9969892501831055, -0.008686523884534836, 0.01890594208429232, -0.3813992738723755, 0.0375235453248024, -0.9236485362052917, 2.5187638648063966, 0.0, 0.0, 0.0, 1.0, 4.2647, 0.0, 0.5, 0.0, 4.2647, 0.5, 0.0, 0.0, 1.0]], ["18_mirror.png", [0.9211935997009277, 0.06785520166158676, 0.38314223289489746, -0.9723534124480933, 0.07705120742321014, -0.9969892501831055, -0.008686523884534836, 0.01890594208429232, 0.3813992738723755, 0.0375235453248024, -0.9236485362052917, 2.5187638648063966, 0.0, 0.0, 0.0, 1.0, 4.2647, 0.0, 0.5, 0.0, 4.2647, 0.5, 0.0, 0.0, 1.0]], ["19.png", [0.9255142211914062, -0.002338126767426729, -0.3787057101726532, 0.9648165629529288, -0.020309435203671455, -0.9988484382629395, -0.04346708953380585, 0.11919262984722229, -0.378167986869812, 0.04792071133852005, -0.9244958758354187, 2.5189128839326305, 0.0, 0.0, 0.0, 1.0, 4.2647, 0.0, 0.5, 0.0, 4.2647, 0.5, 0.0, 0.0, 1.0]], ["19_mirror.png", [0.9255142211914062, 0.002338126767426729, 0.3787057101726532, -0.9648165629529288, 0.020309435203671455, -0.9988484382629395, -0.04346708953380585, 0.11919262984722229, 0.378167986869812, 0.04792071133852005, -0.9244958758354187, 2.5189128839326305, 0.0, 0.0, 0.0, 1.0, 4.2647, 0.0, 0.5, 0.0, 4.2647, 0.5, 0.0, 0.0, 1.0]], ["2.png", [0.9850411415100098, -0.015528826043009758, -0.17161831259727478, 0.43263335538121245, -0.02717651054263115, -0.9974673390388489, -0.06573007255792618, 0.16481916586682155, -0.17016294598579407, 0.06941081583499908, -0.9829683303833008, 2.660011846284629, 0.0, 0.0, 0.0, 1.0, 4.2647, 0.0, 0.5, 0.0, 4.2647, 0.5, 0.0, 0.0, 1.0]], ["2_mirror.png", [0.9850411415100098, 0.015528826043009758, 0.17161831259727478, -0.43263335538121245, 0.02717651054263115, -0.9974673390388489, -0.06573007255792618, 0.16481916586682155, 0.17016294598579407, 0.06941081583499908, -0.9829683303833008, 2.660011846284629, 0.0, 0.0, 0.0, 1.0, 4.2647, 0.0, 0.5, 0.0, 4.2647, 0.5, 0.0, 0.0, 1.0]], ["3.png", [0.9531824588775635, -0.02007826417684555, -0.30172839760780334, 0.7721951730410317, -0.03009757772088051, -0.9991379380226135, -0.028593692928552628, 0.08519804130356026, -0.30089420080184937, 0.036336302757263184, -0.9529650807380676, 2.5858182280450746, 0.0, 0.0, 0.0, 1.0, 4.2647, 0.0, 0.5, 0.0, 4.2647, 0.5, 0.0, 0.0, 1.0]], ["3_mirror.png", [0.9531824588775635, 0.02007826417684555, 0.30172839760780334, -0.7721951730410317, 0.03009757772088051, -0.9991379380226135, -0.028593692928552628, 0.08519804130356026, 0.30089420080184937, 0.036336302757263184, -0.9529650807380676, 2.5858182280450746, 0.0, 0.0, 0.0, 1.0, 4.2647, 0.0, 0.5, 0.0, 4.2647, 0.5, 0.0, 0.0, 1.0]], ["4.png", [0.9830519556999207, -0.0446578674018383, 0.17780454456806183, -0.45410315900834375, -0.016035113483667374, -0.9871050715446472, -0.15926846861839294, 0.4150517667694228, 0.18262436985969543, 0.15371806919574738, -0.9710917472839355, 2.628977434646449, 0.0, 0.0, 0.0, 1.0, 4.2647, 0.0, 0.5, 0.0, 4.2647, 0.5, 0.0, 0.0, 1.0]], ["4_mirror.png", [0.9830519556999207, 0.0446578674018383, -0.17780454456806183, 0.45410315900834375, 0.016035113483667374, -0.9871050715446472, -0.15926846861839294, 0.4150517667694228, -0.18262436985969543, 0.15371806919574738, -0.9710917472839355, 2.628977434646449, 0.0, 0.0, 0.0, 1.0, 4.2647, 0.0, 0.5, 0.0, 4.2647, 0.5, 0.0, 0.0, 1.0]], ["5.png", [0.9940574169158936, -0.04150203987956047, -0.10063491016626358, 0.25320386632590697, -0.05308564752340317, -0.9919103980064392, -0.11530667543411255, 0.29037608109178864, -0.09503535181283951, 0.11996372789144516, -0.9882190823554993, 2.672371518634224, 0.0, 0.0, 0.0, 1.0, 4.2647, 0.0, 0.5, 0.0, 4.2647, 0.5, 0.0, 0.0, 1.0]], ["5_mirror.png", [0.9940574169158936, 0.04150203987956047, 0.10063491016626358, -0.25320386632590697, 0.05308564752340317, -0.9919103980064392, -0.11530667543411255, 0.29037608109178864, 0.09503535181283951, 0.11996372789144516, -0.9882190823554993, 2.672371518634224, 0.0, 0.0, 0.0, 1.0, 4.2647, 0.0, 0.5, 0.0, 4.2647, 0.5, 0.0, 0.0, 1.0]], ["6.png", [0.9707534909248352, 0.0845319852232933, -0.22470399737358093, 0.5753745137519106, 0.06192290037870407, -0.9924534559249878, -0.10583782941102982, 0.2807463189163602, -0.23195494711399078, 0.08882813155651093, -0.9686621427536011, 2.6229993658671873, 0.0, 0.0, 0.0, 1.0, 4.2647, 0.0, 0.5, 0.0, 4.2647, 0.5, 0.0, 0.0, 1.0]], ["6_mirror.png", [0.9707534909248352, -0.0845319852232933, 0.22470399737358093, -0.5753745137519106, -0.06192290037870407, -0.9924534559249878, -0.10583782941102982, 0.2807463189163602, 0.23195494711399078, 0.08882813155651093, -0.9686621427536011, 2.6229993658671873, 0.0, 0.0, 0.0, 1.0, 4.2647, 0.0, 0.5, 0.0, 4.2647, 0.5, 0.0, 0.0, 1.0]], ["7.png", [0.9781208038330078, -0.015928035601973534, -0.20742712914943695, 0.5252891036823767, -0.01948072575032711, -0.9996962547302246, -0.01509593054652214, 0.04111841991486255, -0.20712366700172424, 0.018806474283337593, -0.9781339764595032, 2.648089997167066, 0.0, 0.0, 0.0, 1.0, 4.2647, 0.0, 0.5, 0.0, 4.2647, 0.5, 0.0, 0.0, 1.0]], ["7_mirror.png", [0.9781208038330078, 0.015928035601973534, 0.20742712914943695, -0.5252891036823767, 0.01948072575032711, -0.9996962547302246, -0.01509593054652214, 0.04111841991486255, 0.20712366700172424, 0.018806474283337593, -0.9781339764595032, 2.648089997167066, 0.0, 0.0, 0.0, 1.0, 4.2647, 0.0, 0.5, 0.0, 4.2647, 0.5, 0.0, 0.0, 1.0]], ["8.png", [0.7123022079467773, -0.06231016665697098, 0.6991015672683716, -1.81298187868494, -0.013818487524986267, -0.9971033930778503, -0.07479134202003479, 0.19597127097716233, 0.7017368078231812, 0.043613504618406296, -0.7111000418663025, 1.9911534266629531, 0.0, 0.0, 0.0, 1.0, 4.2647, 0.0, 0.5, 0.0, 4.2647, 0.5, 0.0, 0.0, 1.0]], ["8_mirror.png", [0.7123022079467773, 0.06231016665697098, -0.6991015672683716, 1.81298187868494, 0.013818487524986267, -0.9971033930778503, -0.07479134202003479, 0.19597127097716233, -0.7017368078231812, 0.043613504618406296, -0.7111000418663025, 1.9911534266629531, 0.0, 0.0, 0.0, 1.0, 4.2647, 0.0, 0.5, 0.0, 4.2647, 0.5, 0.0, 0.0, 1.0]], ["9.png", [0.9740239381790161, 0.08187946677207947, -0.2111232727766037, 0.5397064471399665, 0.07328398525714874, -0.9961439967155457, -0.04823428764939308, 0.13515212222906126, -0.2142585664987564, 0.0315093994140625, -0.9762685894966125, 2.6420542868708314, 0.0, 0.0, 0.0, 1.0, 4.2647, 0.0, 0.5, 0.0, 4.2647, 0.5, 0.0, 0.0, 1.0]], ["9_mirror.png", [0.9740239381790161, -0.08187946677207947, 0.2111232727766037, -0.5397064471399665, -0.07328398525714874, -0.9961439967155457, -0.04823428764939308, 0.13515212222906126, 0.2142585664987564, 0.0315093994140625, -0.9762685894966125, 2.6420542868708314, 0.0, 0.0, 0.0, 1.0, 4.2647, 0.0, 0.5, 0.0, 4.2647, 0.5, 0.0, 0.0, 1.0]]]}