{"labels": [["0_2.png", [0.9993988275527954, -0.02726786956191063, -0.021409623324871063, 0.05410602094298854, -0.027398133650422096, -0.9996076822280884, -0.005814749281853437, 0.02800951716077851, -0.021242668852210045, 0.006397837772965431, -0.9997538328170776, 2.699312506073748, 0.0, 0.0, 0.0, 1.0, 4.2647, 0.0, 0.5, 0.0, 4.2647, 0.5, 0.0, 0.0, 1.0]], ["0_4.png", [0.9942195415496826, -0.09178916364908218, -0.05569726228713989, 0.13801348120005758, -0.09130705893039703, -0.9957603812217712, 0.011145021766424179, -0.024748501030124295, -0.056484121829271317, -0.00599504541605711, -0.9983855485916138, 2.69635676250451, 0.0, 0.0, 0.0, 1.0, 4.2647, 0.0, 0.5, 0.0, 4.2647, 0.5, 0.0, 0.0, 1.0]], ["0_18.png", [0.9996616244316101, 0.0038786588702350855, -0.025720903649926186, 0.06116497133050177, 0.0041565438732504845, -0.9999334812164307, 0.010759196244180202, -0.020906620251974335, -0.025677461177110672, -0.010862466879189014, -0.9996111989021301, 2.6992261408618172, 0.0, 0.0, 0.0, 1.0, 4.2647, 0.0, 0.5, 0.0, 4.2647, 0.5, 0.0, 0.0, 1.0]]]}