{"labels": [["0_13.png", [0.9994491338729858, -0.03305289149284363, -0.0029860215727239847, 0.0052058352234883466, -0.03317772224545479, -0.9929189085960388, -0.11406714469194412, 0.2924828035217158, 0.0008053716737776995, 0.11410337686538696, -0.9934685230255127, 2.6841063147579876, 0.0, 0.0, 0.0, 1.0, 4.2647, 0.0, 0.5, 0.0, 4.2647, 0.5, 0.0, 0.0, 1.0]], ["0_10.png", [0.9974795579910278, -0.0628928616642952, 0.03284787759184837, -0.08533879952487018, -0.05851103365421295, -0.9909745454788208, -0.1206064447760582, 0.30708083240363554, 0.04013669490814209, 0.11838050186634064, -0.9921567440032959, 2.6811226476358643, 0.0, 0.0, 0.0, 1.0, 4.2647, 0.0, 0.5, 0.0, 4.2647, 0.5, 0.0, 0.0, 1.0]], ["0_7.png", [0.9653904438018799, 0.16615118086338043, 0.2010350078344345, -0.5129732163493526, 0.1366911381483078, -0.978797197341919, 0.15255051851272583, -0.37950605275155136, 0.22211895883083344, -0.11979110538959503, -0.9676328301429749, 2.623515510766639, 0.0, 0.0, 0.0, 1.0, 4.2647, 0.0, 0.5, 0.0, 4.2647, 0.5, 0.0, 0.0, 1.0]]]}