{"labels": [["3_13.png", [0.8083071708679199, 0.1027836799621582, -0.5797197818756104, 1.492120586470005, 0.04451446235179901, -0.9924943447113037, -0.11390133947134018, 0.29187135193998515, -0.5870757699012756, 0.06626135855913162, -0.8068156242370605, 2.231229990240615, 0.0, 0.0, 0.0, 1.0, 4.2647, 0.0, 0.5, 0.0, 4.2647, 0.5, 0.0, 0.0, 1.0]], ["2_14.png", [0.8937585353851318, 0.052154287695884705, -0.4455060064792633, 1.1407522879638676, -0.0660916119813919, -0.9670640826225281, -0.24580250680446625, 0.6271864227170312, -0.44365251064300537, 0.24913230538368225, -0.8608748316764832, 2.365443173839654, 0.0, 0.0, 0.0, 1.0, 4.2647, 0.0, 0.5, 0.0, 4.2647, 0.5, 0.0, 0.0, 1.0]], ["0_9.png", [0.8640180826187134, -0.003217682708054781, -0.5034505724906921, 1.2904898782516074, -0.039939574897289276, -0.9972661137580872, -0.062170207500457764, 0.1535867291054778, -0.5018741488456726, 0.07382377982139587, -0.8617843985557556, 2.3666531200775562, 0.0, 0.0, 0.0, 1.0, 4.2647, 0.0, 0.5, 0.0, 4.2647, 0.5, 0.0, 0.0, 1.0]]]}