{"labels": [["1_8.png", [0.9992389678955078, 0.004827758762985468, -0.038706421852111816, 0.09684185092168392, 0.0011086971499025822, -0.9954254627227783, -0.09553506970405579, 0.24437835667187993, -0.038990579545497894, 0.09541945159435272, -0.9946733117103577, 2.6871733987036297, 0.0, 0.0, 0.0, 1.0, 4.2647, 0.0, 0.5, 0.0, 4.2647, 0.5, 0.0, 0.0, 1.0]], ["0_11.png", [0.9609301686286926, 0.11503047496080399, 0.2517562508583069, -0.6420058281140391, 0.16647034883499146, -0.9668464064598083, -0.19363799691200256, 0.5030723735695213, 0.22113536298274994, 0.2279825508594513, -0.9482210278511047, 2.573858330137604, 0.0, 0.0, 0.0, 1.0, 4.2647, 0.0, 0.5, 0.0, 4.2647, 0.5, 0.0, 0.0, 1.0]], ["0_6.png", [0.8363486528396606, 0.051226500421762466, 0.5457992553710938, -1.385342279961675, 0.10780424624681473, -0.9915521144866943, -0.07212942093610764, 0.18349512303817364, 0.5374934673309326, 0.11916482448577881, -0.8348056674003601, 2.3102286266020933, 0.0, 0.0, 0.0, 1.0, 4.2647, 0.0, 0.5, 0.0, 4.2647, 0.5, 0.0, 0.0, 1.0]]]}