{"labels": [["0_16.png", [0.9976580739021301, -0.03759598359465599, 0.05713905394077301, -0.14505486674155924, -0.0294673889875412, -0.9901358485221863, -0.13697725534439087, 0.35158731300448465, 0.06172522157430649, 0.1349727213382721, -0.9889248609542847, 2.6730778976619587, 0.0, 0.0, 0.0, 1.0, 4.2647, 0.0, 0.5, 0.0, 4.2647, 0.5, 0.0, 0.0, 1.0]], ["0_8.png", [0.9713655710220337, -0.10321281850337982, 0.21400009095668793, -0.5430336104552316, -0.08155557513237, -0.9908333420753479, -0.10769353061914444, 0.27959606212529814, 0.22315378487110138, 0.08715689182281494, -0.9708790183067322, 2.630007707205434, 0.0, 0.0, 0.0, 1.0, 4.2647, 0.0, 0.5, 0.0, 4.2647, 0.5, 0.0, 0.0, 1.0]], ["0_18.png", [0.9997323751449585, -0.0022761996369808912, 0.02302369847893715, -0.059367252298128594, -0.0008850452722981572, -0.9981827139854431, -0.060253337025642395, 0.15451199673865673, 0.023119006305933, 0.06021683290600777, -0.9979175329208374, 2.69492144082502, 0.0, 0.0, 0.0, 1.0, 4.2647, 0.0, 0.5, 0.0, 4.2647, 0.5, 0.0, 0.0, 1.0]]]}