{"labels": [["1_2.png", [0.9901554584503174, 0.06299660354852676, 0.12499433010816574, -0.3135650982386385, 0.06780098378658295, -0.9971002340316772, -0.0345582440495491, 0.08803381275361068, 0.12245482206344604, 0.042692773044109344, -0.9915554523468018, 2.6802848686247245, 0.0, 0.0, 0.0, 1.0, 4.2647, 0.0, 0.5, 0.0, 4.2647, 0.5, 0.0, 0.0, 1.0]], ["2_15.png", [0.9930689334869385, 0.10764415562152863, 0.047188907861709595, -0.1235869233068463, 0.10795947164297104, -0.994146466255188, -0.00417768070474267, 0.012938954042098199, 0.04646298289299011, 0.009243214502930641, -0.998877227306366, 2.697139013075864, 0.0, 0.0, 0.0, 1.0, 4.2647, 0.0, 0.5, 0.0, 4.2647, 0.5, 0.0, 0.0, 1.0]], ["3_6.png", [0.996214747428894, -0.061676204204559326, 0.06125444918870926, -0.15949377136751353, -0.05956869199872017, -0.9975871443748474, -0.03565744310617447, 0.09121325948428942, 0.06330586224794388, 0.03187362477183342, -0.9974850416183472, 2.6937412418770332, 0.0, 0.0, 0.0, 1.0, 4.2647, 0.0, 0.5, 0.0, 4.2647, 0.5, 0.0, 0.0, 1.0]]]}