{"labels": [["0.png", [0.9987412691116333, 0.04484628885984421, 0.022463688626885414, -0.05797533611639295, 0.04591044411063194, -0.9977264404296875, -0.04933856427669525, 0.137488762446696, 0.020199963822960854, 0.050307780504226685, -0.9985294342041016, 2.6958738287618482, 0.0, 0.0, 0.0, 1.0, 4.2647, 0.0, 0.5, 0.0, 4.2647, 0.5, 0.0, 0.0, 1.0]], ["0_mirror.png", [0.9987412691116333, -0.04484628885984421, -0.022463688626885414, 0.05797533611639295, -0.04591044411063194, -0.9977264404296875, -0.04933856427669525, 0.137488762446696, -0.020199963822960854, 0.050307780504226685, -0.9985294342041016, 2.6958738287618482, 0.0, 0.0, 0.0, 1.0, 4.2647, 0.0, 0.5, 0.0, 4.2647, 0.5, 0.0, 0.0, 1.0]], ["1.png", [0.9986516237258911, 0.018579687923192978, 0.04847291111946106, -0.12217120020997455, 0.021558599546551704, -0.9978634715080261, -0.06167440488934517, 0.1593623651702553, 0.04722345620393753, 0.06263625621795654, -0.9969185590744019, 2.69252257825382, 0.0, 0.0, 0.0, 1.0, 4.2647, 0.0, 0.5, 0.0, 4.2647, 0.5, 0.0, 0.0, 1.0]], ["1_mirror.png", [0.9986516237258911, -0.018579687923192978, -0.04847291111946106, 0.12217120020997455, -0.021558599546551704, -0.9978634715080261, -0.06167440488934517, 0.1593623651702553, -0.04722345620393753, 0.06263625621795654, -0.9969185590744019, 2.69252257825382, 0.0, 0.0, 0.0, 1.0, 4.2647, 0.0, 0.5, 0.0, 4.2647, 0.5, 0.0, 0.0, 1.0]], ["10.png", [0.9964246153831482, 0.06946349143981934, 0.04809059202671051, -0.12335150271811995, 0.07374432682991028, -0.9928504228591919, -0.09386042505502701, 0.2434926200506727, 0.04122689366340637, 0.09707125276327133, -0.9944232106208801, 2.6861674837504164, 0.0, 0.0, 0.0, 1.0, 4.2647, 0.0, 0.5, 0.0, 4.2647, 0.5, 0.0, 0.0, 1.0]], ["10_mirror.png", [0.9964246153831482, -0.06946349143981934, -0.04809059202671051, 0.12335150271811995, -0.07374432682991028, -0.9928504228591919, -0.09386042505502701, 0.2434926200506727, -0.04122689366340637, 0.09707125276327133, -0.9944232106208801, 2.6861674837504164, 0.0, 0.0, 0.0, 1.0, 4.2647, 0.0, 0.5, 0.0, 4.2647, 0.5, 0.0, 0.0, 1.0]], ["11.png", [0.9966118335723877, 0.06205219402909279, 0.05398467928171158, -0.13859369781860667, 0.06814990192651749, -0.990477979183197, -0.11962051689624786, 0.31033382181260394, 0.04604791849851608, 0.1228942722082138, -0.9913508892059326, 2.678522858958674, 0.0, 0.0, 0.0, 1.0, 4.2647, 0.0, 0.5, 0.0, 4.2647, 0.5, 0.0, 0.0, 1.0]], ["11_mirror.png", [0.9966118335723877, -0.06205219402909279, -0.05398467928171158, 0.13859369781860667, -0.06814990192651749, -0.990477979183197, -0.11962051689624786, 0.31033382181260394, -0.04604791849851608, 0.1228942722082138, -0.9913508892059326, 2.678522858958674, 0.0, 0.0, 0.0, 1.0, 4.2647, 0.0, 0.5, 0.0, 4.2647, 0.5, 0.0, 0.0, 1.0]], ["12.png", [0.9957956075668335, 0.07986900210380554, 0.04485625773668289, -0.11454563734753914, 0.08279658854007721, -0.9942628741264343, -0.06772074848413467, 0.17924533626464284, 0.03919012099504471, 0.07114996761083603, -0.9966954588890076, 2.6916074019797205, 0.0, 0.0, 0.0, 1.0, 4.2647, 0.0, 0.5, 0.0, 4.2647, 0.5, 0.0, 0.0, 1.0]], ["12_mirror.png", [0.9957956075668335, -0.07986900210380554, -0.04485625773668289, 0.11454563734753914, -0.08279658854007721, -0.9942628741264343, -0.06772074848413467, 0.17924533626464284, -0.03919012099504471, 0.07114996761083603, -0.9966954588890076, 2.6916074019797205, 0.0, 0.0, 0.0, 1.0, 4.2647, 0.0, 0.5, 0.0, 4.2647, 0.5, 0.0, 0.0, 1.0]], ["13.png", [0.9860846996307373, -0.004408995620906353, -0.16618508100509644, 0.41549542949896145, -0.019695255905389786, -0.9957064390182495, -0.09044811129570007, 0.23485570316966767, -0.1650727540254593, 0.09246255457401276, -0.9819377064704895, 2.6574812034620594, 0.0, 0.0, 0.0, 1.0, 4.2647, 0.0, 0.5, 0.0, 4.2647, 0.5, 0.0, 0.0, 1.0]], ["13_mirror.png", [0.9860846996307373, 0.004408995620906353, 0.16618508100509644, -0.41549542949896145, 0.019695255905389786, -0.9957064390182495, -0.09044811129570007, 0.23485570316966767, 0.1650727540254593, 0.09246255457401276, -0.9819377064704895, 2.6574812034620594, 0.0, 0.0, 0.0, 1.0, 4.2647, 0.0, 0.5, 0.0, 4.2647, 0.5, 0.0, 0.0, 1.0]], ["14.png", [0.9986533522605896, 0.04402325302362442, 0.027447188273072243, -0.06821474479393225, 0.04570886865258217, -0.9968925714492798, -0.0641544982790947, 0.16855208075588513, 0.02453760802745819, 0.06532268226146698, -0.9975624084472656, 2.6938702538662773, 0.0, 0.0, 0.0, 1.0, 4.2647, 0.0, 0.5, 0.0, 4.2647, 0.5, 0.0, 0.0, 1.0]], ["14_mirror.png", [0.9986533522605896, -0.04402325302362442, -0.027447188273072243, 0.06821474479393225, -0.04570886865258217, -0.9968925714492798, -0.0641544982790947, 0.16855208075588513, -0.02453760802745819, 0.06532268226146698, -0.9975624084472656, 2.6938702538662773, 0.0, 0.0, 0.0, 1.0, 4.2647, 0.0, 0.5, 0.0, 4.2647, 0.5, 0.0, 0.0, 1.0]], ["15.png", [0.9974098205566406, 0.04451971501111984, 0.05649470165371895, -0.14050538600004328, 0.050387706607580185, -0.992970883846283, -0.10709695518016815, 0.27684116408197096, 0.05132966861128807, 0.10966619104146957, -0.9926422238349915, 2.682091945921079, 0.0, 0.0, 0.0, 1.0, 4.2647, 0.0, 0.5, 0.0, 4.2647, 0.5, 0.0, 0.0, 1.0]], ["15_mirror.png", [0.9974098205566406, -0.04451971501111984, -0.05649470165371895, 0.14050538600004328, -0.050387706607580185, -0.992970883846283, -0.10709695518016815, 0.27684116408197096, -0.05132966861128807, 0.10966619104146957, -0.9926422238349915, 2.682091945921079, 0.0, 0.0, 0.0, 1.0, 4.2647, 0.0, 0.5, 0.0, 4.2647, 0.5, 0.0, 0.0, 1.0]], ["16.png", [0.9973896145820618, 0.07180289924144745, 0.0076342080719769, -0.022754308768146377, 0.07214037328958511, -0.995437502861023, -0.06245080381631851, 0.16005260173466104, 0.003115227445960045, 0.06283852458000183, -0.9980188608169556, 2.695155914990903, 0.0, 0.0, 0.0, 1.0, 4.2647, 0.0, 0.5, 0.0, 4.2647, 0.5, 0.0, 0.0, 1.0]], ["16_mirror.png", [0.9973896145820618, -0.07180289924144745, -0.0076342080719769, 0.022754308768146377, -0.07214037328958511, -0.995437502861023, -0.06245080381631851, 0.16005260173466104, -0.003115227445960045, 0.06283852458000183, -0.9980188608169556, 2.695155914990903, 0.0, 0.0, 0.0, 1.0, 4.2647, 0.0, 0.5, 0.0, 4.2647, 0.5, 0.0, 0.0, 1.0]], ["17.png", [0.9900044202804565, -0.04475293308496475, 0.13374748826026917, -0.34138836369990083, -0.030898012220859528, -0.9941048622131348, -0.10392677038908005, 0.2725721031404051, 0.1376100480556488, 0.09875543415546417, -0.9855509996414185, 2.6644245971165934, 0.0, 0.0, 0.0, 1.0, 4.2647, 0.0, 0.5, 0.0, 4.2647, 0.5, 0.0, 0.0, 1.0]], ["17_mirror.png", [0.9900044202804565, 0.04475293308496475, -0.13374748826026917, 0.34138836369990083, 0.030898012220859528, -0.9941048622131348, -0.10392677038908005, 0.2725721031404051, -0.1376100480556488, 0.09875543415546417, -0.9855509996414185, 2.6644245971165934, 0.0, 0.0, 0.0, 1.0, 4.2647, 0.0, 0.5, 0.0, 4.2647, 0.5, 0.0, 0.0, 1.0]], ["18.png", [0.9959006905555725, 0.06496535241603851, 0.06293892115354538, -0.15849623327339374, 0.07171382009983063, -0.991152822971344, -0.11168358474969864, 0.2879497070406516, 0.055126529186964035, 0.11573934555053711, -0.9917486906051636, 2.6799186387376297, 0.0, 0.0, 0.0, 1.0, 4.2647, 0.0, 0.5, 0.0, 4.2647, 0.5, 0.0, 0.0, 1.0]], ["18_mirror.png", [0.9959006905555725, -0.06496535241603851, -0.06293892115354538, 0.15849623327339374, -0.07171382009983063, -0.991152822971344, -0.11168358474969864, 0.2879497070406516, -0.055126529186964035, 0.11573934555053711, -0.9917486906051636, 2.6799186387376297, 0.0, 0.0, 0.0, 1.0, 4.2647, 0.0, 0.5, 0.0, 4.2647, 0.5, 0.0, 0.0, 1.0]], ["19.png", [0.9772534370422363, -0.005541861057281494, 0.21200242638587952, -0.5390334711134884, 0.01665422134101391, -0.9945658445358276, -0.10276835411787033, 0.265674329988666, 0.21141991019248962, 0.10396146029233932, -0.9718506336212158, 2.632272795020383, 0.0, 0.0, 0.0, 1.0, 4.2647, 0.0, 0.5, 0.0, 4.2647, 0.5, 0.0, 0.0, 1.0]], ["19_mirror.png", [0.9772534370422363, 0.005541861057281494, -0.21200242638587952, 0.5390334711134884, -0.01665422134101391, -0.9945658445358276, -0.10276835411787033, 0.265674329988666, -0.21141991019248962, 0.10396146029233932, -0.9718506336212158, 2.632272795020383, 0.0, 0.0, 0.0, 1.0, 4.2647, 0.0, 0.5, 0.0, 4.2647, 0.5, 0.0, 0.0, 1.0]], ["2.png", [0.9818581342697144, -0.019645504653453827, 0.188596710562706, -0.47975478355895385, -0.002957502380013466, -0.9960840940475464, -0.0883616954088211, 0.22829403374161542, 0.1895940899848938, 0.08620087802410126, -0.9780713319778442, 2.6472093196062687, 0.0, 0.0, 0.0, 1.0, 4.2647, 0.0, 0.5, 0.0, 4.2647, 0.5, 0.0, 0.0, 1.0]], ["2_mirror.png", [0.9818581342697144, 0.019645504653453827, -0.188596710562706, 0.47975478355895385, 0.002957502380013466, -0.9960840940475464, -0.0883616954088211, 0.22829403374161542, -0.1895940899848938, 0.08620087802410126, -0.9780713319778442, 2.6472093196062687, 0.0, 0.0, 0.0, 1.0, 4.2647, 0.0, 0.5, 0.0, 4.2647, 0.5, 0.0, 0.0, 1.0]], ["3.png", [0.9641690254211426, -0.018033752217888832, 0.2646750807762146, -0.6746942544491742, 0.015023637562990189, -0.9923739433288574, -0.12234454602003098, 0.3133847437107541, 0.264862984418869, 0.12193720042705536, -0.9565452933311462, 2.5954917964467965, 0.0, 0.0, 0.0, 1.0, 4.2647, 0.0, 0.5, 0.0, 4.2647, 0.5, 0.0, 0.0, 1.0]], ["3_mirror.png", [0.9641690254211426, 0.018033752217888832, -0.2646750807762146, 0.6746942544491742, -0.015023637562990189, -0.9923739433288574, -0.12234454602003098, 0.3133847437107541, -0.264862984418869, 0.12193720042705536, -0.9565452933311462, 2.5954917964467965, 0.0, 0.0, 0.0, 1.0, 4.2647, 0.0, 0.5, 0.0, 4.2647, 0.5, 0.0, 0.0, 1.0]], ["4.png", [0.997886061668396, 0.05664568394422531, 0.03185467794537544, -0.08432830860964173, 0.05867983400821686, -0.9960236549377441, -0.06703416258096695, 0.17256994045368723, 0.027930812910199165, 0.0687616840004921, -0.9972420334815979, 2.6931595481922064, 0.0, 0.0, 0.0, 1.0, 4.2647, 0.0, 0.5, 0.0, 4.2647, 0.5, 0.0, 0.0, 1.0]], ["4_mirror.png", [0.997886061668396, -0.05664568394422531, -0.03185467794537544, 0.08432830860964173, -0.05867983400821686, -0.9960236549377441, -0.06703416258096695, 0.17256994045368723, -0.027930812910199165, 0.0687616840004921, -0.9972420334815979, 2.6931595481922064, 0.0, 0.0, 0.0, 1.0, 4.2647, 0.0, 0.5, 0.0, 4.2647, 0.5, 0.0, 0.0, 1.0]], ["5.png", [0.9990974068641663, 0.0289772879332304, 0.031058531254529953, -0.079070377671888, 0.031184125691652298, -0.9968370199203491, -0.07309899479150772, 0.19314743526187894, 0.028842082247138023, 0.07400155812501907, -0.9968409538269043, 2.6919216080017234, 0.0, 0.0, 0.0, 1.0, 4.2647, 0.0, 0.5, 0.0, 4.2647, 0.5, 0.0, 0.0, 1.0]], ["5_mirror.png", [0.9990974068641663, -0.0289772879332304, -0.031058531254529953, 0.079070377671888, -0.031184125691652298, -0.9968370199203491, -0.07309899479150772, 0.19314743526187894, -0.028842082247138023, 0.07400155812501907, -0.9968409538269043, 2.6919216080017234, 0.0, 0.0, 0.0, 1.0, 4.2647, 0.0, 0.5, 0.0, 4.2647, 0.5, 0.0, 0.0, 1.0]], ["6.png", [0.9965570569038391, 0.08287016302347183, 0.002570907585322857, -0.0042762465947339765, 0.08290371298789978, -0.9956194162368774, -0.043231360614299774, 0.11910846174796041, -0.001022944226861, 0.04329565167427063, -0.9990618228912354, 2.6973681409950507, 0.0, 0.0, 0.0, 1.0, 4.2647, 0.0, 0.5, 0.0, 4.2647, 0.5, 0.0, 0.0, 1.0]], ["6_mirror.png", [0.9965570569038391, -0.08287016302347183, -0.002570907585322857, 0.0042762465947339765, -0.08290371298789978, -0.9956194162368774, -0.043231360614299774, 0.11910846174796041, 0.001022944226861, 0.04329565167427063, -0.9990618228912354, 2.6973681409950507, 0.0, 0.0, 0.0, 1.0, 4.2647, 0.0, 0.5, 0.0, 4.2647, 0.5, 0.0, 0.0, 1.0]], ["7.png", [0.9917382001876831, -0.026332322508096695, -0.12554654479026794, 0.3109779246814707, -0.03455526381731033, -0.9973657727241516, -0.0637756958603859, 0.16374187384561575, -0.12353646755218506, 0.06758708506822586, -0.9900357127189636, 2.677028451307594, 0.0, 0.0, 0.0, 1.0, 4.2647, 0.0, 0.5, 0.0, 4.2647, 0.5, 0.0, 0.0, 1.0]], ["7_mirror.png", [0.9917382001876831, 0.026332322508096695, 0.12554654479026794, -0.3109779246814707, 0.03455526381731033, -0.9973657727241516, -0.0637756958603859, 0.16374187384561575, 0.12353646755218506, 0.06758708506822586, -0.9900357127189636, 2.677028451307594, 0.0, 0.0, 0.0, 1.0, 4.2647, 0.0, 0.5, 0.0, 4.2647, 0.5, 0.0, 0.0, 1.0]], ["8.png", [0.9979956150054932, 0.013485495001077652, 0.06183040142059326, -0.15916152975106468, 0.01821092702448368, -0.9969025254249573, -0.07651092857122421, 0.19902266626184814, 0.06060709059238434, 0.07748355716466904, -0.9951497912406921, 2.6879467230139307, 0.0, 0.0, 0.0, 1.0, 4.2647, 0.0, 0.5, 0.0, 4.2647, 0.5, 0.0, 0.0, 1.0]], ["8_mirror.png", [0.9979956150054932, -0.013485495001077652, -0.06183040142059326, 0.15916152975106468, -0.01821092702448368, -0.9969025254249573, -0.07651092857122421, 0.19902266626184814, -0.06060709059238434, 0.07748355716466904, -0.9951497912406921, 2.6879467230139307, 0.0, 0.0, 0.0, 1.0, 4.2647, 0.0, 0.5, 0.0, 4.2647, 0.5, 0.0, 0.0, 1.0]], ["9.png", [0.9967754483222961, 0.0665348544716835, 0.04485221207141876, -0.11272790633315465, 0.07002193480730057, -0.9942291378974915, -0.08127258718013763, 0.21250275672566418, 0.03918591886758804, 0.08415116369724274, -0.9956821799278259, 2.6892629097055085, 0.0, 0.0, 0.0, 1.0, 4.2647, 0.0, 0.5, 0.0, 4.2647, 0.5, 0.0, 0.0, 1.0]], ["9_mirror.png", [0.9967754483222961, -0.0665348544716835, -0.04485221207141876, 0.11272790633315465, -0.07002193480730057, -0.9942291378974915, -0.08127258718013763, 0.21250275672566418, -0.03918591886758804, 0.08415116369724274, -0.9956821799278259, 2.6892629097055085, 0.0, 0.0, 0.0, 1.0, 4.2647, 0.0, 0.5, 0.0, 4.2647, 0.5, 0.0, 0.0, 1.0]]]}