{"labels": [["1_3.png", [0.9666951894760132, -0.25592976808547974, 0.0006523290066979825, -0.001103182866005974, -0.24725469946861267, -0.9345797300338745, -0.25578463077545166, 0.6461529436449296, 0.06607256084680557, 0.2471044808626175, -0.9667335748672485, 2.621542514705142, 0.0, 0.0, 0.0, 1.0, 4.2647, 0.0, 0.5, 0.0, 4.2647, 0.5, 0.0, 0.0, 1.0]], ["0_9.png", [0.8640180826187134, -0.003217682708054781, -0.5034505724906921, 1.2904898782516074, -0.039939574897289276, -0.9972661137580872, -0.062170207500457764, 0.1535867291054778, -0.5018741488456726, 0.07382377982139587, -0.8617843985557556, 2.3666531200775562, 0.0, 0.0, 0.0, 1.0, 4.2647, 0.0, 0.5, 0.0, 4.2647, 0.5, 0.0, 0.0, 1.0]], ["1_19.png", [0.9638829231262207, -0.26622509956359863, -0.007340146228671074, 0.017851278886887326, -0.26043766736984253, -0.9364492893218994, -0.23502103984355927, 0.594136196086772, 0.055694829672575, 0.2284444272518158, -0.971962571144104, 2.633758438494625, 0.0, 0.0, 0.0, 1.0, 4.2647, 0.0, 0.5, 0.0, 4.2647, 0.5, 0.0, 0.0, 1.0]]]}