{"labels": [["7_2.png", [0.9975720047950745, -0.06833107024431229, 0.013449840247631073, -0.03624369489867626, -0.0666339248418808, -0.9926601648330688, -0.10092334449291229, 0.26305866788064286, 0.02024732157588005, 0.09978209435939789, -0.994803249835968, 2.686910220277736, 0.0, 0.0, 0.0, 1.0, 4.2647, 0.0, 0.5, 0.0, 4.2647, 0.5, 0.0, 0.0, 1.0]], ["4_18.png", [0.9956837296485901, 0.07023569941520691, 0.06067033112049103, -0.15361404704267112, 0.071942038834095, -0.9970591068267822, -0.026411166414618492, 0.07817378722202771, 0.058636896312236786, 0.030661914497613907, -0.9978083968162537, 2.694492824919476, 0.0, 0.0, 0.0, 1.0, 4.2647, 0.0, 0.5, 0.0, 4.2647, 0.5, 0.0, 0.0, 1.0]], ["3_10.png", [0.996465265750885, -0.06599748879671097, 0.051975052803754807, -0.13361509511085587, -0.06323672086000443, -0.9965858459472656, -0.05308251455426216, 0.1374915970630959, 0.055300913751125336, 0.04960814490914345, -0.9972366094589233, 2.693184558676876, 0.0, 0.0, 0.0, 1.0, 4.2647, 0.0, 0.5, 0.0, 4.2647, 0.5, 0.0, 0.0, 1.0]]]}