{"labels": [["0.png", [0.9813291430473328, 0.06152162700891495, -0.18223093450069427, 0.454628594334109, 0.05065527185797691, -0.9966827034950256, -0.06369966268539429, 0.1699128869333339, -0.18554532527923584, 0.05327938497066498, -0.9811902046203613, 2.6560200398467955, 0.0, 0.0, 0.0, 1.0, 4.2647, 0.0, 0.5, 0.0, 4.2647, 0.5, 0.0, 0.0, 1.0]], ["0_mirror.png", [0.9813291430473328, -0.06152162700891495, 0.18223093450069427, -0.454628594334109, -0.05065527185797691, -0.9966827034950256, -0.06369966268539429, 0.1699128869333339, 0.18554532527923584, 0.05327938497066498, -0.9811902046203613, 2.6560200398467955, 0.0, 0.0, 0.0, 1.0, 4.2647, 0.0, 0.5, 0.0, 4.2647, 0.5, 0.0, 0.0, 1.0]], ["1.png", [0.9803235530853271, -0.016778409481048584, -0.19668307900428772, 0.49906959572789816, -0.045407555997371674, -0.9888288974761963, -0.14197011291980743, 0.3766430769079613, -0.19210389256477356, 0.14810754358768463, -0.9701341986656189, 2.6266079896393557, 0.0, 0.0, 0.0, 1.0, 4.2647, 0.0, 0.5, 0.0, 4.2647, 0.5, 0.0, 0.0, 1.0]], ["1_mirror.png", [0.9803235530853271, 0.016778409481048584, 0.19668307900428772, -0.49906959572789816, 0.045407555997371674, -0.9888288974761963, -0.14197011291980743, 0.3766430769079613, 0.19210389256477356, 0.14810754358768463, -0.9701341986656189, 2.6266079896393557, 0.0, 0.0, 0.0, 1.0, 4.2647, 0.0, 0.5, 0.0, 4.2647, 0.5, 0.0, 0.0, 1.0]], ["10.png", [0.9765690565109253, 0.014476535841822624, -0.21471679210662842, 0.5496584608450524, -0.007261301390826702, -0.9949502348899841, -0.10010672360658646, 0.2734721227446785, -0.21508172154426575, 0.09932025521993637, -0.9715324640274048, 2.6292752945446716, 0.0, 0.0, 0.0, 1.0, 4.2647, 0.0, 0.5, 0.0, 4.2647, 0.5, 0.0, 0.0, 1.0]], ["10_mirror.png", [0.9765690565109253, -0.014476535841822624, 0.21471679210662842, -0.5496584608450524, 0.007261301390826702, -0.9949502348899841, -0.10010672360658646, 0.2734721227446785, 0.21508172154426575, 0.09932025521993637, -0.9715324640274048, 2.6292752945446716, 0.0, 0.0, 0.0, 1.0, 4.2647, 0.0, 0.5, 0.0, 4.2647, 0.5, 0.0, 0.0, 1.0]], ["11.png", [0.9546011090278625, -0.12177138775587082, -0.2718610167503357, 0.6874222692052275, -0.14009125530719757, -0.9889277815818787, -0.04895210266113281, 0.12503645672343863, -0.26288992166519165, 0.08481508493423462, -0.9610906839370728, 2.608029238388785, 0.0, 0.0, 0.0, 1.0, 4.2647, 0.0, 0.5, 0.0, 4.2647, 0.5, 0.0, 0.0, 1.0]], ["11_mirror.png", [0.9546011090278625, 0.12177138775587082, 0.2718610167503357, -0.6874222692052275, 0.14009125530719757, -0.9889277815818787, -0.04895210266113281, 0.12503645672343863, 0.26288992166519165, 0.08481508493423462, -0.9610906839370728, 2.608029238388785, 0.0, 0.0, 0.0, 1.0, 4.2647, 0.0, 0.5, 0.0, 4.2647, 0.5, 0.0, 0.0, 1.0]], ["12.png", [0.9302148818969727, -0.08656914532184601, -0.3566594421863556, 0.9063056126197915, -0.1306215226650238, -0.9862440824508667, -0.10129490494728088, 0.27188081303609807, -0.34298425912857056, 0.1408134400844574, -0.9287267327308655, 2.5287726192832554, 0.0, 0.0, 0.0, 1.0, 4.2647, 0.0, 0.5, 0.0, 4.2647, 0.5, 0.0, 0.0, 1.0]], ["12_mirror.png", [0.9302148818969727, 0.08656914532184601, 0.3566594421863556, -0.9063056126197915, 0.1306215226650238, -0.9862440824508667, -0.10129490494728088, 0.27188081303609807, 0.34298425912857056, 0.1408134400844574, -0.9287267327308655, 2.5287726192832554, 0.0, 0.0, 0.0, 1.0, 4.2647, 0.0, 0.5, 0.0, 4.2647, 0.5, 0.0, 0.0, 1.0]], ["13.png", [0.9438304305076599, -0.12297101318836212, -0.30669546127319336, 0.7752509790251007, -0.14172059297561646, -0.9891165494918823, -0.03954264521598816, 0.10729353598401883, -0.29849493503570557, 0.08078661561012268, -0.9509859085083008, 2.5840808843100618, 0.0, 0.0, 0.0, 1.0, 4.2647, 0.0, 0.5, 0.0, 4.2647, 0.5, 0.0, 0.0, 1.0]], ["13_mirror.png", [0.9438304305076599, 0.12297101318836212, 0.30669546127319336, -0.7752509790251007, 0.14172059297561646, -0.9891165494918823, -0.03954264521598816, 0.10729353598401883, 0.29849493503570557, 0.08078661561012268, -0.9509859085083008, 2.5840808843100618, 0.0, 0.0, 0.0, 1.0, 4.2647, 0.0, 0.5, 0.0, 4.2647, 0.5, 0.0, 0.0, 1.0]], ["14.png", [0.9806626439094543, 0.05748957395553589, -0.18707139790058136, 0.475762028403868, 0.04687274247407913, -0.9970552921295166, -0.060693077743053436, 0.16285374501033825, -0.19000974297523499, 0.050750888884067535, -0.9804695844650269, 2.6527587809797457, 0.0, 0.0, 0.0, 1.0, 4.2647, 0.0, 0.5, 0.0, 4.2647, 0.5, 0.0, 0.0, 1.0]], ["14_mirror.png", [0.9806626439094543, -0.05748957395553589, 0.18707139790058136, -0.475762028403868, -0.04687274247407913, -0.9970552921295166, -0.060693077743053436, 0.16285374501033825, 0.19000974297523499, 0.050750888884067535, -0.9804695844650269, 2.6527587809797457, 0.0, 0.0, 0.0, 1.0, 4.2647, 0.0, 0.5, 0.0, 4.2647, 0.5, 0.0, 0.0, 1.0]], ["15.png", [0.9815836548805237, -0.006789714097976685, -0.19091202318668365, 0.4823145874539083, -0.031839463859796524, -0.9912044405937195, -0.1284523606300354, 0.3429573504528724, -0.18836070597171783, 0.13216528296470642, -0.973166286945343, 2.6343410740637805, 0.0, 0.0, 0.0, 1.0, 4.2647, 0.0, 0.5, 0.0, 4.2647, 0.5, 0.0, 0.0, 1.0]], ["15_mirror.png", [0.9815836548805237, 0.006789714097976685, 0.19091202318668365, -0.4823145874539083, 0.031839463859796524, -0.9912044405937195, -0.1284523606300354, 0.3429573504528724, 0.18836070597171783, 0.13216528296470642, -0.973166286945343, 2.6343410740637805, 0.0, 0.0, 0.0, 1.0, 4.2647, 0.0, 0.5, 0.0, 4.2647, 0.5, 0.0, 0.0, 1.0]], ["16.png", [0.9635543823242188, 0.15797311067581177, -0.2158873975276947, 0.5478446252135412, 0.15257865190505981, -0.9874179363250732, -0.04153856635093689, 0.11016172468036747, -0.21973305940628052, 0.007084857672452927, -0.9755342602729797, 2.6415394490789046, 0.0, 0.0, 0.0, 1.0, 4.2647, 0.0, 0.5, 0.0, 4.2647, 0.5, 0.0, 0.0, 1.0]], ["16_mirror.png", [0.9635543823242188, -0.15797311067581177, 0.2158873975276947, -0.5478446252135412, -0.15257865190505981, -0.9874179363250732, -0.04153856635093689, 0.11016172468036747, 0.21973305940628052, 0.007084857672452927, -0.9755342602729797, 2.6415394490789046, 0.0, 0.0, 0.0, 1.0, 4.2647, 0.0, 0.5, 0.0, 4.2647, 0.5, 0.0, 0.0, 1.0]], ["17.png", [0.9391655921936035, -0.16543151438236237, -0.30099916458129883, 0.7616286306865536, -0.17215199768543243, -0.9850612282752991, 0.004255631472915411, -0.00046660544122444585, -0.2972066104412079, 0.047820862382650375, -0.9536149501800537, 2.590351638522826, 0.0, 0.0, 0.0, 1.0, 4.2647, 0.0, 0.5, 0.0, 4.2647, 0.5, 0.0, 0.0, 1.0]], ["17_mirror.png", [0.9391655921936035, 0.16543151438236237, 0.30099916458129883, -0.7616286306865536, 0.17215199768543243, -0.9850612282752991, 0.004255631472915411, -0.00046660544122444585, 0.2972066104412079, 0.047820862382650375, -0.9536149501800537, 2.590351638522826, 0.0, 0.0, 0.0, 1.0, 4.2647, 0.0, 0.5, 0.0, 4.2647, 0.5, 0.0, 0.0, 1.0]], ["18.png", [0.9803498387336731, -0.03203418478369713, -0.19464823603630066, 0.4952258737929902, -0.06743791699409485, -0.9817007184028625, -0.17808929085731506, 0.46970178499400445, -0.18538136780261993, 0.18771648406982422, -0.9645704627037048, 2.6123038810788106, 0.0, 0.0, 0.0, 1.0, 4.2647, 0.0, 0.5, 0.0, 4.2647, 0.5, 0.0, 0.0, 1.0]], ["18_mirror.png", [0.9803498387336731, 0.03203418478369713, 0.19464823603630066, -0.4952258737929902, 0.06743791699409485, -0.9817007184028625, -0.17808929085731506, 0.46970178499400445, 0.18538136780261993, 0.18771648406982422, -0.9645704627037048, 2.6123038810788106, 0.0, 0.0, 0.0, 1.0, 4.2647, 0.0, 0.5, 0.0, 4.2647, 0.5, 0.0, 0.0, 1.0]], ["19.png", [0.9616667628288269, 0.030337849631905556, -0.2725375294685364, 0.6928491589033362, 0.0022385884076356888, -0.9946967363357544, -0.10282687097787857, 0.2662385442255674, -0.27421173453330994, 0.0982750877737999, -0.9566346406936646, 2.595973243424437, 0.0, 0.0, 0.0, 1.0, 4.2647, 0.0, 0.5, 0.0, 4.2647, 0.5, 0.0, 0.0, 1.0]], ["19_mirror.png", [0.9616667628288269, -0.030337849631905556, 0.2725375294685364, -0.6928491589033362, -0.0022385884076356888, -0.9946967363357544, -0.10282687097787857, 0.2662385442255674, 0.27421173453330994, 0.0982750877737999, -0.9566346406936646, 2.595973243424437, 0.0, 0.0, 0.0, 1.0, 4.2647, 0.0, 0.5, 0.0, 4.2647, 0.5, 0.0, 0.0, 1.0]], ["2.png", [0.9167967438697815, -0.15580208599567413, -0.3677084445953369, 0.9319829983154182, -0.17057359218597412, -0.9853140711784363, -0.007797807455062866, 0.023972848798790677, -0.3610934019088745, 0.06987035274505615, -0.9299083948135376, 2.5339362646624473, 0.0, 0.0, 0.0, 1.0, 4.2647, 0.0, 0.5, 0.0, 4.2647, 0.5, 0.0, 0.0, 1.0]], ["2_mirror.png", [0.9167967438697815, 0.15580208599567413, 0.3677084445953369, -0.9319829983154182, 0.17057359218597412, -0.9853140711784363, -0.007797807455062866, 0.023972848798790677, 0.3610934019088745, 0.06987035274505615, -0.9299083948135376, 2.5339362646624473, 0.0, 0.0, 0.0, 1.0, 4.2647, 0.0, 0.5, 0.0, 4.2647, 0.5, 0.0, 0.0, 1.0]], ["3.png", [0.9634737968444824, 0.026041939854621887, -0.2665334641933441, 0.6732309156286852, 0.004797184839844704, -0.9967792630195618, -0.08005037158727646, 0.19695056525657068, -0.2677597105503082, 0.0758478194475174, -0.9604955911636353, 2.6072918150998903, 0.0, 0.0, 0.0, 1.0, 4.2647, 0.0, 0.5, 0.0, 4.2647, 0.5, 0.0, 0.0, 1.0]], ["3_mirror.png", [0.9634737968444824, -0.026041939854621887, 0.2665334641933441, -0.6732309156286852, -0.004797184839844704, -0.9967792630195618, -0.08005037158727646, 0.19695056525657068, 0.2677597105503082, 0.0758478194475174, -0.9604955911636353, 2.6072918150998903, 0.0, 0.0, 0.0, 1.0, 4.2647, 0.0, 0.5, 0.0, 4.2647, 0.5, 0.0, 0.0, 1.0]], ["4.png", [0.9650968313217163, 0.13337744772434235, -0.22538544237613678, 0.5733452126600006, 0.1302792876958847, -0.9910638332366943, -0.02863287180662155, 0.07751546820132535, -0.22719033062458038, -0.0017295610159635544, -0.973848819732666, 2.6372839474181364, 0.0, 0.0, 0.0, 1.0, 4.2647, 0.0, 0.5, 0.0, 4.2647, 0.5, 0.0, 0.0, 1.0]], ["4_mirror.png", [0.9650968313217163, -0.13337744772434235, 0.22538544237613678, -0.5733452126600006, -0.1302792876958847, -0.9910638332366943, -0.02863287180662155, 0.07751546820132535, 0.22719033062458038, -0.0017295610159635544, -0.973848819732666, 2.6372839474181364, 0.0, 0.0, 0.0, 1.0, 4.2647, 0.0, 0.5, 0.0, 4.2647, 0.5, 0.0, 0.0, 1.0]], ["5.png", [0.9830715656280518, -0.004349865019321442, -0.1831703782081604, 0.4642698970512316, -0.02341560274362564, -0.9945032596588135, -0.1020539402961731, 0.27363344064743833, -0.18171963095664978, 0.10461537539958954, -0.9777697324752808, 2.645671597695278, 0.0, 0.0, 0.0, 1.0, 4.2647, 0.0, 0.5, 0.0, 4.2647, 0.5, 0.0, 0.0, 1.0]], ["5_mirror.png", [0.9830715656280518, 0.004349865019321442, 0.1831703782081604, -0.4642698970512316, 0.02341560274362564, -0.9945032596588135, -0.1020539402961731, 0.27363344064743833, 0.18171963095664978, 0.10461537539958954, -0.9777697324752808, 2.645671597695278, 0.0, 0.0, 0.0, 1.0, 4.2647, 0.0, 0.5, 0.0, 4.2647, 0.5, 0.0, 0.0, 1.0]], ["6.png", [0.9018732309341431, -0.10310082882642746, -0.41951748728752136, 1.0603285375753853, -0.14250987768173218, -0.9877468347549438, -0.06361673027276993, 0.1698784545837544, -0.40781813859939575, 0.11715961247682571, -0.9055153727531433, 2.477265569750543, 0.0, 0.0, 0.0, 1.0, 4.2647, 0.0, 0.5, 0.0, 4.2647, 0.5, 0.0, 0.0, 1.0]], ["6_mirror.png", [0.9018732309341431, 0.10310082882642746, 0.41951748728752136, -1.0603285375753853, 0.14250987768173218, -0.9877468347549438, -0.06361673027276993, 0.1698784545837544, 0.40781813859939575, 0.11715961247682571, -0.9055153727531433, 2.477265569750543, 0.0, 0.0, 0.0, 1.0, 4.2647, 0.0, 0.5, 0.0, 4.2647, 0.5, 0.0, 0.0, 1.0]], ["7.png", [0.9817063212394714, 0.021332092583179474, -0.18920250236988068, 0.47345555539443546, -0.005644975230097771, -0.9900062084197998, -0.14091046154499054, 0.36801543339954607, -0.1903175711631775, 0.13940075039863586, -0.9717749357223511, 2.632566139310823, 0.0, 0.0, 0.0, 1.0, 4.2647, 0.0, 0.5, 0.0, 4.2647, 0.5, 0.0, 0.0, 1.0]], ["7_mirror.png", [0.9817063212394714, -0.021332092583179474, 0.18920250236988068, -0.47345555539443546, 0.005644975230097771, -0.9900062084197998, -0.14091046154499054, 0.36801543339954607, 0.1903175711631775, 0.13940075039863586, -0.9717749357223511, 2.632566139310823, 0.0, 0.0, 0.0, 1.0, 4.2647, 0.0, 0.5, 0.0, 4.2647, 0.5, 0.0, 0.0, 1.0]], ["8.png", [0.9788936376571655, -0.02425963059067726, -0.202925443649292, 0.5116120986187119, -0.05676001310348511, -0.9861387014389038, -0.15591271221637726, 0.41681129421562774, -0.1963302493095398, 0.1641400009393692, -0.966701865196228, 2.618114093304807, 0.0, 0.0, 0.0, 1.0, 4.2647, 0.0, 0.5, 0.0, 4.2647, 0.5, 0.0, 0.0, 1.0]], ["8_mirror.png", [0.9788936376571655, 0.02425963059067726, 0.202925443649292, -0.5116120986187119, 0.05676001310348511, -0.9861387014389038, -0.15591271221637726, 0.41681129421562774, 0.1963302493095398, 0.1641400009393692, -0.966701865196228, 2.618114093304807, 0.0, 0.0, 0.0, 1.0, 4.2647, 0.0, 0.5, 0.0, 4.2647, 0.5, 0.0, 0.0, 1.0]], ["9.png", [0.9500216841697693, -0.11967399716377258, -0.28833475708961487, 0.7269916467068955, -0.14351420104503632, -0.987645149230957, -0.06293433159589767, 0.16035548828657273, -0.2772408127784729, 0.10116910934448242, -0.9554592370986938, 2.5953360597415456, 0.0, 0.0, 0.0, 1.0, 4.2647, 0.0, 0.5, 0.0, 4.2647, 0.5, 0.0, 0.0, 1.0]], ["9_mirror.png", [0.9500216841697693, 0.11967399716377258, 0.28833475708961487, -0.7269916467068955, 0.14351420104503632, -0.987645149230957, -0.06293433159589767, 0.16035548828657273, 0.2772408127784729, 0.10116910934448242, -0.9554592370986938, 2.5953360597415456, 0.0, 0.0, 0.0, 1.0, 4.2647, 0.0, 0.5, 0.0, 4.2647, 0.5, 0.0, 0.0, 1.0]]]}