{"labels": [["0.png", [0.8842915892601013, -0.13629993796348572, 0.4465990364551544, -1.1431973995643268, -0.11474762856960297, -0.9905514717102051, -0.07510482519865036, 0.18960819697813774, 0.4526161253452301, 0.01516837626695633, -0.8915764689445496, 2.4386776001079076, 0.0, 0.0, 0.0, 1.0, 4.2647, 0.0, 0.5, 0.0, 4.2647, 0.5, 0.0, 0.0, 1.0]], ["0_mirror.png", [0.8842915892601013, 0.13629993796348572, -0.4465990364551544, 1.1431973995643268, 0.11474762856960297, -0.9905514717102051, -0.07510482519865036, 0.18960819697813774, -0.4526161253452301, 0.01516837626695633, -0.8915764689445496, 2.4386776001079076, 0.0, 0.0, 0.0, 1.0, 4.2647, 0.0, 0.5, 0.0, 4.2647, 0.5, 0.0, 0.0, 1.0]], ["1.png", [0.9459936618804932, -0.11771412938833237, 0.30205875635147095, -0.764409633862405, -0.10229036957025528, -0.9925332069396973, -0.06644117087125778, 0.16547945807627415, 0.3076243996620178, 0.03195521980524063, -0.9509711265563965, 2.5842396291004297, 0.0, 0.0, 0.0, 1.0, 4.2647, 0.0, 0.5, 0.0, 4.2647, 0.5, 0.0, 0.0, 1.0]], ["1_mirror.png", [0.9459936618804932, 0.11771412938833237, -0.30205875635147095, 0.764409633862405, 0.10229036957025528, -0.9925332069396973, -0.06644117087125778, 0.16547945807627415, -0.3076243996620178, 0.03195521980524063, -0.9509711265563965, 2.5842396291004297, 0.0, 0.0, 0.0, 1.0, 4.2647, 0.0, 0.5, 0.0, 4.2647, 0.5, 0.0, 0.0, 1.0]], ["10.png", [0.9704422354698181, -0.16327443718910217, 0.17771703004837036, -0.4521072473082652, -0.17509010434150696, -0.9831323027610779, 0.05286191403865814, -0.13167140770023114, 0.16608834266662598, -0.08241592347621918, -0.9826608300209045, 2.658620258202661, 0.0, 0.0, 0.0, 1.0, 4.2647, 0.0, 0.5, 0.0, 4.2647, 0.5, 0.0, 0.0, 1.0]], ["10_mirror.png", [0.9704422354698181, 0.16327443718910217, -0.17771703004837036, 0.4521072473082652, 0.17509010434150696, -0.9831323027610779, 0.05286191403865814, -0.13167140770023114, -0.16608834266662598, -0.08241592347621918, -0.9826608300209045, 2.658620258202661, 0.0, 0.0, 0.0, 1.0, 4.2647, 0.0, 0.5, 0.0, 4.2647, 0.5, 0.0, 0.0, 1.0]], ["11.png", [0.9529111385345459, -0.15333077311515808, 0.2616296708583832, -0.6631774797081105, -0.1408310830593109, -0.9878318309783936, -0.06599215418100357, 0.16660012146556466, 0.26856476068496704, 0.02603907138109207, -0.9629096984863281, 2.611980097538199, 0.0, 0.0, 0.0, 1.0, 4.2647, 0.0, 0.5, 0.0, 4.2647, 0.5, 0.0, 0.0, 1.0]], ["11_mirror.png", [0.9529111385345459, 0.15333077311515808, -0.2616296708583832, 0.6631774797081105, 0.1408310830593109, -0.9878318309783936, -0.06599215418100357, 0.16660012146556466, -0.26856476068496704, 0.02603907138109207, -0.9629096984863281, 2.611980097538199, 0.0, 0.0, 0.0, 1.0, 4.2647, 0.0, 0.5, 0.0, 4.2647, 0.5, 0.0, 0.0, 1.0]], ["12.png", [0.9275038838386536, -0.12531159818172455, 0.35218408703804016, -0.893094004613422, -0.10810001194477081, -0.9917976260185242, -0.06820455938577652, 0.16776631776268328, 0.3578421473503113, 0.025188889354467392, -0.9334422945976257, 2.542486491910608, 0.0, 0.0, 0.0, 1.0, 4.2647, 0.0, 0.5, 0.0, 4.2647, 0.5, 0.0, 0.0, 1.0]], ["12_mirror.png", [0.9275038838386536, 0.12531159818172455, -0.35218408703804016, 0.893094004613422, 0.10810001194477081, -0.9917976260185242, -0.06820455938577652, 0.16776631776268328, -0.3578421473503113, 0.025188889354467392, -0.9334422945976257, 2.542486491910608, 0.0, 0.0, 0.0, 1.0, 4.2647, 0.0, 0.5, 0.0, 4.2647, 0.5, 0.0, 0.0, 1.0]], ["13.png", [0.987686038017273, 0.10070794820785522, 0.11972519755363464, -0.30613518150354074, 0.10958483815193176, -0.9915083646774292, -0.07001575827598572, 0.18544058522109122, 0.11165739595890045, 0.08227365463972092, -0.9903351068496704, 2.676171339805928, 0.0, 0.0, 0.0, 1.0, 4.2647, 0.0, 0.5, 0.0, 4.2647, 0.5, 0.0, 0.0, 1.0]], ["13_mirror.png", [0.987686038017273, -0.10070794820785522, -0.11972519755363464, 0.30613518150354074, -0.10958483815193176, -0.9915083646774292, -0.07001575827598572, 0.18544058522109122, -0.11165739595890045, 0.08227365463972092, -0.9903351068496704, 2.676171339805928, 0.0, 0.0, 0.0, 1.0, 4.2647, 0.0, 0.5, 0.0, 4.2647, 0.5, 0.0, 0.0, 1.0]], ["14.png", [0.9610245227813721, -0.011966036632657051, -0.27620425820350647, 0.7089305548335475, -0.06236449256539345, -0.9826949238777161, -0.1744174361228943, 0.4347809395360897, -0.26933741569519043, 0.1848447620868683, -0.9451400637626648, 2.5687317888482473, 0.0, 0.0, 0.0, 1.0, 4.2647, 0.0, 0.5, 0.0, 4.2647, 0.5, 0.0, 0.0, 1.0]], ["14_mirror.png", [0.9610245227813721, 0.011966036632657051, 0.27620425820350647, -0.7089305548335475, 0.06236449256539345, -0.9826949238777161, -0.1744174361228943, 0.4347809395360897, 0.26933741569519043, 0.1848447620868683, -0.9451400637626648, 2.5687317888482473, 0.0, 0.0, 0.0, 1.0, 4.2647, 0.0, 0.5, 0.0, 4.2647, 0.5, 0.0, 0.0, 1.0]], ["15.png", [0.9965360760688782, 0.010677057318389416, -0.08247310668230057, 0.2050402794653918, 0.008964791893959045, -0.9997370839118958, -0.021103987470269203, 0.05383106061575646, -0.08267675340175629, 0.020291529595851898, -0.9963698387145996, 2.6916650424430113, 0.0, 0.0, 0.0, 1.0, 4.2647, 0.0, 0.5, 0.0, 4.2647, 0.5, 0.0, 0.0, 1.0]], ["15_mirror.png", [0.9965360760688782, -0.010677057318389416, 0.08247310668230057, -0.2050402794653918, -0.008964791893959045, -0.9997370839118958, -0.021103987470269203, 0.05383106061575646, 0.08267675340175629, 0.020291529595851898, -0.9963698387145996, 2.6916650424430113, 0.0, 0.0, 0.0, 1.0, 4.2647, 0.0, 0.5, 0.0, 4.2647, 0.5, 0.0, 0.0, 1.0]], ["16.png", [0.9730456471443176, -0.07496607303619385, 0.21808768808841705, -0.5508758235728289, -0.10670693963766098, -0.9847224950790405, 0.13760493695735931, -0.3551536745864718, 0.2044401615858078, -0.15716736018657684, -0.966179370880127, 2.6192368534423696, 0.0, 0.0, 0.0, 1.0, 4.2647, 0.0, 0.5, 0.0, 4.2647, 0.5, 0.0, 0.0, 1.0]], ["16_mirror.png", [0.9730456471443176, 0.07496607303619385, -0.21808768808841705, 0.5508758235728289, 0.10670693963766098, -0.9847224950790405, 0.13760493695735931, -0.3551536745864718, -0.2044401615858078, -0.15716736018657684, -0.966179370880127, 2.6192368534423696, 0.0, 0.0, 0.0, 1.0, 4.2647, 0.0, 0.5, 0.0, 4.2647, 0.5, 0.0, 0.0, 1.0]], ["17.png", [0.9774960875511169, 0.029904751107096672, 0.208823099732399, -0.5289776659111775, 0.04034338891506195, -0.9981306791305542, -0.04590802267193794, 0.11973292291353929, 0.20705987513065338, 0.053299542516469955, -0.9768753051757812, 2.644966286389629, 0.0, 0.0, 0.0, 1.0, 4.2647, 0.0, 0.5, 0.0, 4.2647, 0.5, 0.0, 0.0, 1.0]], ["17_mirror.png", [0.9774960875511169, -0.029904751107096672, -0.208823099732399, 0.5289776659111775, -0.04034338891506195, -0.9981306791305542, -0.04590802267193794, 0.11973292291353929, -0.20705987513065338, 0.053299542516469955, -0.9768753051757812, 2.644966286389629, 0.0, 0.0, 0.0, 1.0, 4.2647, 0.0, 0.5, 0.0, 4.2647, 0.5, 0.0, 0.0, 1.0]], ["18.png", [0.9842849373817444, -0.1262938231229782, 0.12342222034931183, -0.30907647499330276, -0.1226014718413353, -0.9917623996734619, -0.037097685039043427, 0.09317987272174828, 0.127090722322464, 0.02138294279575348, -0.9916606545448303, 2.680632247050176, 0.0, 0.0, 0.0, 1.0, 4.2647, 0.0, 0.5, 0.0, 4.2647, 0.5, 0.0, 0.0, 1.0]], ["18_mirror.png", [0.9842849373817444, 0.1262938231229782, -0.12342222034931183, 0.30907647499330276, 0.1226014718413353, -0.9917623996734619, -0.037097685039043427, 0.09317987272174828, -0.127090722322464, 0.02138294279575348, -0.9916606545448303, 2.680632247050176, 0.0, 0.0, 0.0, 1.0, 4.2647, 0.0, 0.5, 0.0, 4.2647, 0.5, 0.0, 0.0, 1.0]], ["19.png", [0.997486412525177, -0.03357473760843277, 0.06239917501807213, -0.15857203253542754, -0.02583557367324829, -0.9923238754272461, -0.12093721330165863, 0.30958411216741055, 0.06598062813282013, 0.11902110278606415, -0.9906970262527466, 2.6775011835648366, 0.0, 0.0, 0.0, 1.0, 4.2647, 0.0, 0.5, 0.0, 4.2647, 0.5, 0.0, 0.0, 1.0]], ["19_mirror.png", [0.997486412525177, 0.03357473760843277, -0.06239917501807213, 0.15857203253542754, 0.02583557367324829, -0.9923238754272461, -0.12093721330165863, 0.30958411216741055, -0.06598062813282013, 0.11902110278606415, -0.9906970262527466, 2.6775011835648366, 0.0, 0.0, 0.0, 1.0, 4.2647, 0.0, 0.5, 0.0, 4.2647, 0.5, 0.0, 0.0, 1.0]], ["2.png", [0.9426876306533813, 0.022203825414180756, 0.3329368829727173, -0.8482831359432039, 0.027843549847602844, -0.9995380640029907, -0.01217708084732294, 0.029231443440633907, 0.3325127363204956, 0.020749326795339584, -0.9428704977035522, 2.5631155346547962, 0.0, 0.0, 0.0, 1.0, 4.2647, 0.0, 0.5, 0.0, 4.2647, 0.5, 0.0, 0.0, 1.0]], ["2_mirror.png", [0.9426876306533813, -0.022203825414180756, -0.3329368829727173, 0.8482831359432039, -0.027843549847602844, -0.9995380640029907, -0.01217708084732294, 0.029231443440633907, -0.3325127363204956, 0.020749326795339584, -0.9428704977035522, 2.5631155346547962, 0.0, 0.0, 0.0, 1.0, 4.2647, 0.0, 0.5, 0.0, 4.2647, 0.5, 0.0, 0.0, 1.0]], ["3.png", [0.9003375768661499, -0.1299792379140854, 0.41532841324806213, -1.065024457451604, -0.08637358248233795, -0.9887408018112183, -0.12219337373971939, 0.32308737369682466, 0.4265347421169281, 0.07414188981056213, -0.9014272689819336, 2.4599466364105558, 0.0, 0.0, 0.0, 1.0, 4.2647, 0.0, 0.5, 0.0, 4.2647, 0.5, 0.0, 0.0, 1.0]], ["3_mirror.png", [0.9003375768661499, 0.1299792379140854, -0.41532841324806213, 1.065024457451604, 0.08637358248233795, -0.9887408018112183, -0.12219337373971939, 0.32308737369682466, -0.4265347421169281, 0.07414188981056213, -0.9014272689819336, 2.4599466364105558, 0.0, 0.0, 0.0, 1.0, 4.2647, 0.0, 0.5, 0.0, 4.2647, 0.5, 0.0, 0.0, 1.0]], ["4.png", [0.9615046381950378, -0.16803571581840515, 0.217423215508461, -0.5509869209354172, -0.14507167041301727, -0.9823957085609436, -0.11769890785217285, 0.29796276288102674, 0.2333732545375824, 0.08162610232830048, -0.9689552187919617, 2.6263342523171747, 0.0, 0.0, 0.0, 1.0, 4.2647, 0.0, 0.5, 0.0, 4.2647, 0.5, 0.0, 0.0, 1.0]], ["4_mirror.png", [0.9615046381950378, 0.16803571581840515, -0.217423215508461, 0.5509869209354172, 0.14507167041301727, -0.9823957085609436, -0.11769890785217285, 0.29796276288102674, -0.2333732545375824, 0.08162610232830048, -0.9689552187919617, 2.6263342523171747, 0.0, 0.0, 0.0, 1.0, 4.2647, 0.0, 0.5, 0.0, 4.2647, 0.5, 0.0, 0.0, 1.0]], ["5.png", [0.9923986792564392, -0.12276363372802734, -0.008601163513958454, 0.02059846897403942, -0.12306016683578491, -0.9905279874801636, -0.06091419234871864, 0.14944991175189246, -0.0010416451841592789, 0.0615096278488636, -0.9981058835983276, 2.6957819694762555, 0.0, 0.0, 0.0, 1.0, 4.2647, 0.0, 0.5, 0.0, 4.2647, 0.5, 0.0, 0.0, 1.0]], ["5_mirror.png", [0.9923986792564392, 0.12276363372802734, 0.008601163513958454, -0.02059846897403942, 0.12306016683578491, -0.9905279874801636, -0.06091419234871864, 0.14944991175189246, 0.0010416451841592789, 0.0615096278488636, -0.9981058835983276, 2.6957819694762555, 0.0, 0.0, 0.0, 1.0, 4.2647, 0.0, 0.5, 0.0, 4.2647, 0.5, 0.0, 0.0, 1.0]], ["6.png", [0.9934370517730713, -0.07887687534093857, -0.08283276855945587, 0.20752585536186888, -0.08946235477924347, -0.987067461013794, -0.13302013278007507, 0.3362463302814305, -0.07126931846141815, 0.13955754041671753, -0.9876458644866943, 2.6709308161628966, 0.0, 0.0, 0.0, 1.0, 4.2647, 0.0, 0.5, 0.0, 4.2647, 0.5, 0.0, 0.0, 1.0]], ["6_mirror.png", [0.9934370517730713, 0.07887687534093857, 0.08283276855945587, -0.20752585536186888, 0.08946235477924347, -0.987067461013794, -0.13302013278007507, 0.3362463302814305, 0.07126931846141815, 0.13955754041671753, -0.9876458644866943, 2.6709308161628966, 0.0, 0.0, 0.0, 1.0, 4.2647, 0.0, 0.5, 0.0, 4.2647, 0.5, 0.0, 0.0, 1.0]], ["7.png", [0.9417477250099182, 0.031961649656295776, 0.3347978889942169, -0.8508849102145462, 0.024812746793031693, -0.9993640780448914, 0.025609413161873817, -0.06701124320950298, 0.3354035019874573, -0.015810351818799973, -0.9419419169425964, 2.5615433556457132, 0.0, 0.0, 0.0, 1.0, 4.2647, 0.0, 0.5, 0.0, 4.2647, 0.5, 0.0, 0.0, 1.0]], ["7_mirror.png", [0.9417477250099182, -0.031961649656295776, -0.3347978889942169, 0.8508849102145462, -0.024812746793031693, -0.9993640780448914, 0.025609413161873817, -0.06701124320950298, -0.3354035019874573, -0.015810351818799973, -0.9419419169425964, 2.5615433556457132, 0.0, 0.0, 0.0, 1.0, 4.2647, 0.0, 0.5, 0.0, 4.2647, 0.5, 0.0, 0.0, 1.0]], ["8.png", [0.8842025995254517, -0.1325279325246811, 0.4479086101055145, -1.1468869110342026, -0.10810421407222748, -0.9909321665763855, -0.07979343086481094, 0.2058175727776599, 0.45442190766334534, 0.0221327543258667, -0.8905115723609924, 2.4356291877119425, 0.0, 0.0, 0.0, 1.0, 4.2647, 0.0, 0.5, 0.0, 4.2647, 0.5, 0.0, 0.0, 1.0]], ["8_mirror.png", [0.8842025995254517, 0.1325279325246811, -0.4479086101055145, 1.1468869110342026, 0.10810421407222748, -0.9909321665763855, -0.07979343086481094, 0.2058175727776599, -0.45442190766334534, 0.0221327543258667, -0.8905115723609924, 2.4356291877119425, 0.0, 0.0, 0.0, 1.0, 4.2647, 0.0, 0.5, 0.0, 4.2647, 0.5, 0.0, 0.0, 1.0]], ["9.png", [0.9036197066307068, -0.09373494982719421, 0.4179535210132599, -1.0624730059250407, -0.1031632050871849, -0.9946644306182861, -3.472046955721453e-05, 0.00018095636778886514, 0.41572675108909607, -0.04308605566620827, -0.9084684252738953, 2.4821666098260615, 0.0, 0.0, 0.0, 1.0, 4.2647, 0.0, 0.5, 0.0, 4.2647, 0.5, 0.0, 0.0, 1.0]], ["9_mirror.png", [0.9036197066307068, 0.09373494982719421, -0.4179535210132599, 1.0624730059250407, 0.1031632050871849, -0.9946644306182861, -3.472046955721453e-05, 0.00018095636778886514, -0.41572675108909607, -0.04308605566620827, -0.9084684252738953, 2.4821666098260615, 0.0, 0.0, 0.0, 1.0, 4.2647, 0.0, 0.5, 0.0, 4.2647, 0.5, 0.0, 0.0, 1.0]]]}