{"labels": [["1_0.png", [0.9854810237884521, -0.16274943947792053, -0.04836946725845337, 0.12168199981437414, -0.169071763753891, -0.9667626023292542, -0.1917935460805893, 0.4856019204913186, -0.015547502785921097, 0.19718682765960693, -0.9802426099777222, 2.6531837979560176, 0.0, 0.0, 0.0, 1.0, 4.2647, 0.0, 0.5, 0.0, 4.2647, 0.5, 0.0, 0.0, 1.0]], ["1_0_mirror.png", [0.9854810237884521, 0.16274943947792053, 0.04836946725845337, -0.12168199981437414, 0.169071763753891, -0.9667626023292542, -0.1917935460805893, 0.4856019204913186, 0.015547502785921097, 0.19718682765960693, -0.9802426099777222, 2.6531837979560176, 0.0, 0.0, 0.0, 1.0, 4.2647, 0.0, 0.5, 0.0, 4.2647, 0.5, 0.0, 0.0, 1.0]], ["1_1.png", [0.9931225776672363, -0.09106681495904922, -0.07358285784721375, 0.1857097354734005, -0.10711859911680222, -0.9604271650314331, -0.25710949301719666, 0.653437499682094, -0.04725683480501175, 0.2632233500480652, -0.9635767936706543, 2.6131458681366437, 0.0, 0.0, 0.0, 1.0, 4.2647, 0.0, 0.5, 0.0, 4.2647, 0.5, 0.0, 0.0, 1.0]], ["1_1_mirror.png", [0.9931225776672363, 0.09106681495904922, 0.07358285784721375, -0.1857097354734005, 0.10711859911680222, -0.9604271650314331, -0.25710949301719666, 0.653437499682094, 0.04725683480501175, 0.2632233500480652, -0.9635767936706543, 2.6131458681366437, 0.0, 0.0, 0.0, 1.0, 4.2647, 0.0, 0.5, 0.0, 4.2647, 0.5, 0.0, 0.0, 1.0]], ["1_10.png", [0.9960511922836304, -0.07367922365665436, -0.0495317317545414, 0.12723940620073995, -0.08360965549945831, -0.9661028385162354, -0.24424323439598083, 0.6200043453007966, -0.02985709346830845, 0.24742010235786438, -0.9684481620788574, 2.6247675602456333, 0.0, 0.0, 0.0, 1.0, 4.2647, 0.0, 0.5, 0.0, 4.2647, 0.5, 0.0, 0.0, 1.0]], ["1_10_mirror.png", [0.9960511922836304, 0.07367922365665436, 0.0495317317545414, -0.12723940620073995, 0.08360965549945831, -0.9661028385162354, -0.24424323439598083, 0.6200043453007966, 0.02985709346830845, 0.24742010235786438, -0.9684481620788574, 2.6247675602456333, 0.0, 0.0, 0.0, 1.0, 4.2647, 0.0, 0.5, 0.0, 4.2647, 0.5, 0.0, 0.0, 1.0]], ["1_11.png", [0.9964619278907776, -0.07979980856180191, 0.02637609839439392, -0.06725979372106021, -0.07371904700994492, -0.9805874228477478, -0.18169723451137543, 0.45621358813079116, 0.04036347568035126, 0.17910994589328766, -0.9830006957054138, 2.660328040327627, 0.0, 0.0, 0.0, 1.0, 4.2647, 0.0, 0.5, 0.0, 4.2647, 0.5, 0.0, 0.0, 1.0]], ["1_11_mirror.png", [0.9964619278907776, 0.07979980856180191, -0.02637609839439392, 0.06725979372106021, 0.07371904700994492, -0.9805874228477478, -0.18169723451137543, 0.45621358813079116, -0.04036347568035126, 0.17910994589328766, -0.9830006957054138, 2.660328040327627, 0.0, 0.0, 0.0, 1.0, 4.2647, 0.0, 0.5, 0.0, 4.2647, 0.5, 0.0, 0.0, 1.0]], ["1_12.png", [0.9837490916252136, -0.13775406777858734, -0.11515870690345764, 0.2934884178618781, -0.16208583116531372, -0.9572609066963196, -0.23954074084758759, 0.6139612080890747, -0.07723922282457352, 0.254313588142395, -0.9640325307846069, 2.612836807675278, 0.0, 0.0, 0.0, 1.0, 4.2647, 0.0, 0.5, 0.0, 4.2647, 0.5, 0.0, 0.0, 1.0]], ["1_12_mirror.png", [0.9837490916252136, 0.13775406777858734, 0.11515870690345764, -0.2934884178618781, 0.16208583116531372, -0.9572609066963196, -0.23954074084758759, 0.6139612080890747, 0.07723922282457352, 0.254313588142395, -0.9640325307846069, 2.612836807675278, 0.0, 0.0, 0.0, 1.0, 4.2647, 0.0, 0.5, 0.0, 4.2647, 0.5, 0.0, 0.0, 1.0]], ["1_13.png", [0.9949474930763245, -0.08583738654851913, -0.05207107588648796, 0.12920263365122658, -0.09598419070243835, -0.9653478264808655, -0.24267388880252838, 0.6149661011325069, -0.029436208307743073, 0.24644577503204346, -0.9687094688415527, 2.625856693331811, 0.0, 0.0, 0.0, 1.0, 4.2647, 0.0, 0.5, 0.0, 4.2647, 0.5, 0.0, 0.0, 1.0]], ["1_13_mirror.png", [0.9949474930763245, 0.08583738654851913, 0.05207107588648796, -0.12920263365122658, 0.09598419070243835, -0.9653478264808655, -0.24267388880252838, 0.6149661011325069, 0.029436208307743073, 0.24644577503204346, -0.9687094688415527, 2.625856693331811, 0.0, 0.0, 0.0, 1.0, 4.2647, 0.0, 0.5, 0.0, 4.2647, 0.5, 0.0, 0.0, 1.0]], ["1_14.png", [0.9945175051689148, -0.08914725482463837, -0.05465904623270035, 0.13472060543316966, -0.09982667863368988, -0.9650227427482605, -0.24241651594638824, 0.6168885728372211, -0.03113645315170288, 0.24654391407966614, -0.9686312675476074, 2.625128348704988, 0.0, 0.0, 0.0, 1.0, 4.2647, 0.0, 0.5, 0.0, 4.2647, 0.5, 0.0, 0.0, 1.0]], ["1_14_mirror.png", [0.9945175051689148, 0.08914725482463837, 0.05465904623270035, -0.13472060543316966, 0.09982667863368988, -0.9650227427482605, -0.24241651594638824, 0.6168885728372211, 0.03113645315170288, 0.24654391407966614, -0.9686312675476074, 2.625128348704988, 0.0, 0.0, 0.0, 1.0, 4.2647, 0.0, 0.5, 0.0, 4.2647, 0.5, 0.0, 0.0, 1.0]], ["1_15.png", [0.9454917907714844, -0.22154377400875092, -0.23867064714431763, 0.6115973005199271, -0.264395147562027, -0.9501140713691711, -0.16546480357646942, 0.42827904851562587, -0.19010663032531738, 0.21954897046089172, -0.9569000601768494, 2.5947111204523883, 0.0, 0.0, 0.0, 1.0, 4.2647, 0.0, 0.5, 0.0, 4.2647, 0.5, 0.0, 0.0, 1.0]], ["1_15_mirror.png", [0.9454917907714844, 0.22154377400875092, 0.23867064714431763, -0.6115973005199271, 0.264395147562027, -0.9501140713691711, -0.16546480357646942, 0.42827904851562587, 0.19010663032531738, 0.21954897046089172, -0.9569000601768494, 2.5947111204523883, 0.0, 0.0, 0.0, 1.0, 4.2647, 0.0, 0.5, 0.0, 4.2647, 0.5, 0.0, 0.0, 1.0]], ["1_16.png", [0.9802898168563843, -0.19756478071212769, -0.00015990156680345535, -0.0009986031602693339, -0.18986208736896515, -0.9418455958366394, -0.2772708833217621, 0.706532380231139, 0.05462835729122162, 0.27183616161346436, -0.9607917666435242, 2.6059184558379127, 0.0, 0.0, 0.0, 1.0, 4.2647, 0.0, 0.5, 0.0, 4.2647, 0.5, 0.0, 0.0, 1.0]], ["1_16_mirror.png", [0.9802898168563843, 0.19756478071212769, 0.00015990156680345535, 0.0009986031602693339, 0.18986208736896515, -0.9418455958366394, -0.2772708833217621, 0.706532380231139, -0.05462835729122162, 0.27183616161346436, -0.9607917666435242, 2.6059184558379127, 0.0, 0.0, 0.0, 1.0, 4.2647, 0.0, 0.5, 0.0, 4.2647, 0.5, 0.0, 0.0, 1.0]], ["1_17.png", [0.9875238537788391, -0.15731056034564972, 0.007069544866681099, -0.01955752104293622, -0.15242664515972137, -0.9662066102027893, -0.2078721821308136, 0.5256085837862108, 0.039531126618385315, 0.20420114696025848, -0.9781304597854614, 2.6482736112458074, 0.0, 0.0, 0.0, 1.0, 4.2647, 0.0, 0.5, 0.0, 4.2647, 0.5, 0.0, 0.0, 1.0]], ["1_17_mirror.png", [0.9875238537788391, 0.15731056034564972, -0.007069544866681099, 0.01955752104293622, 0.15242664515972137, -0.9662066102027893, -0.2078721821308136, 0.5256085837862108, -0.039531126618385315, 0.20420114696025848, -0.9781304597854614, 2.6482736112458074, 0.0, 0.0, 0.0, 1.0, 4.2647, 0.0, 0.5, 0.0, 4.2647, 0.5, 0.0, 0.0, 1.0]], ["1_18.png", [0.9932563900947571, -0.09609731286764145, -0.06486141681671143, 0.16336984205635807, -0.10636360198259354, -0.9779077172279358, -0.17995312809944153, 0.45066143593266106, -0.046135466545820236, 0.18563848733901978, -0.9815344214439392, 2.65710642708748, 0.0, 0.0, 0.0, 1.0, 4.2647, 0.0, 0.5, 0.0, 4.2647, 0.5, 0.0, 0.0, 1.0]], ["1_18_mirror.png", [0.9932563900947571, 0.09609731286764145, 0.06486141681671143, -0.16336984205635807, 0.10636360198259354, -0.9779077172279358, -0.17995312809944153, 0.45066143593266106, 0.046135466545820236, 0.18563848733901978, -0.9815344214439392, 2.65710642708748, 0.0, 0.0, 0.0, 1.0, 4.2647, 0.0, 0.5, 0.0, 4.2647, 0.5, 0.0, 0.0, 1.0]], ["1_19.png", [0.9638829231262207, -0.26622509956359863, -0.007340146228671074, 0.017851278886887326, -0.26043766736984253, -0.9364492893218994, -0.23502103984355927, 0.594136196086772, 0.055694829672575, 0.2284444272518158, -0.971962571144104, 2.633758438494625, 0.0, 0.0, 0.0, 1.0, 4.2647, 0.0, 0.5, 0.0, 4.2647, 0.5, 0.0, 0.0, 1.0]], ["1_19_mirror.png", [0.9638829231262207, 0.26622509956359863, 0.007340146228671074, -0.017851278886887326, 0.26043766736984253, -0.9364492893218994, -0.23502103984355927, 0.594136196086772, -0.055694829672575, 0.2284444272518158, -0.971962571144104, 2.633758438494625, 0.0, 0.0, 0.0, 1.0, 4.2647, 0.0, 0.5, 0.0, 4.2647, 0.5, 0.0, 0.0, 1.0]], ["1_2.png", [0.9844538569450378, -0.17562741041183472, 0.0023777862079441547, -0.009020766556640527, -0.1696671098470688, -0.9543713331222534, -0.24574078619480133, 0.6246855841160812, 0.04542810842394829, 0.24151700735092163, -0.9693326950073242, 2.6267254418321455, 0.0, 0.0, 0.0, 1.0, 4.2647, 0.0, 0.5, 0.0, 4.2647, 0.5, 0.0, 0.0, 1.0]], ["1_2_mirror.png", [0.9844538569450378, 0.17562741041183472, -0.0023777862079441547, 0.009020766556640527, 0.1696671098470688, -0.9543713331222534, -0.24574078619480133, 0.6246855841160812, -0.04542810842394829, 0.24151700735092163, -0.9693326950073242, 2.6267254418321455, 0.0, 0.0, 0.0, 1.0, 4.2647, 0.0, 0.5, 0.0, 4.2647, 0.5, 0.0, 0.0, 1.0]], ["1_3.png", [0.9666951894760132, -0.25592976808547974, 0.0006523290066979825, -0.001103182866005974, -0.24725469946861267, -0.9345797300338745, -0.25578463077545166, 0.6461529436449296, 0.06607256084680557, 0.2471044808626175, -0.9667335748672485, 2.621542514705142, 0.0, 0.0, 0.0, 1.0, 4.2647, 0.0, 0.5, 0.0, 4.2647, 0.5, 0.0, 0.0, 1.0]], ["1_3_mirror.png", [0.9666951894760132, 0.25592976808547974, -0.0006523290066979825, 0.001103182866005974, 0.24725469946861267, -0.9345797300338745, -0.25578463077545166, 0.6461529436449296, -0.06607256084680557, 0.2471044808626175, -0.9667335748672485, 2.621542514705142, 0.0, 0.0, 0.0, 1.0, 4.2647, 0.0, 0.5, 0.0, 4.2647, 0.5, 0.0, 0.0, 1.0]], ["1_4.png", [0.967775285243988, -0.24981074035167694, -0.03171076625585556, 0.07604080706132714, -0.2514306604862213, -0.951646089553833, -0.17650026082992554, 0.4418042542317263, 0.013914234936237335, 0.17878565192222595, -0.9837896227836609, 2.6625226377637077, 0.0, 0.0, 0.0, 1.0, 4.2647, 0.0, 0.5, 0.0, 4.2647, 0.5, 0.0, 0.0, 1.0]], ["1_4_mirror.png", [0.967775285243988, 0.24981074035167694, 0.03171076625585556, -0.07604080706132714, 0.2514306604862213, -0.951646089553833, -0.17650026082992554, 0.4418042542317263, -0.013914234936237335, 0.17878565192222595, -0.9837896227836609, 2.6625226377637077, 0.0, 0.0, 0.0, 1.0, 4.2647, 0.0, 0.5, 0.0, 4.2647, 0.5, 0.0, 0.0, 1.0]], ["1_5.png", [0.990638017654419, -0.1280149668455124, -0.04741857200860977, 0.11930565466120632, -0.13474993407726288, -0.9726213216781616, -0.1893417239189148, 0.4773728628233354, -0.02188173681497574, 0.19395877420902252, -0.9807655811309814, 2.6547846071961687, 0.0, 0.0, 0.0, 1.0, 4.2647, 0.0, 0.5, 0.0, 4.2647, 0.5, 0.0, 0.0, 1.0]], ["1_5_mirror.png", [0.990638017654419, 0.1280149668455124, 0.04741857200860977, -0.11930565466120632, 0.13474993407726288, -0.9726213216781616, -0.1893417239189148, 0.4773728628233354, 0.02188173681497574, 0.19395877420902252, -0.9807655811309814, 2.6547846071961687, 0.0, 0.0, 0.0, 1.0, 4.2647, 0.0, 0.5, 0.0, 4.2647, 0.5, 0.0, 0.0, 1.0]], ["1_6.png", [0.9655084013938904, -0.26018163561820984, -0.009953114204108715, 0.027999532250734784, -0.25346919894218445, -0.9304810166358948, -0.26449644565582275, 0.672023544597304, 0.05955593287944794, 0.2578963339328766, -0.9643353223800659, 2.61488056738747, 0.0, 0.0, 0.0, 1.0, 4.2647, 0.0, 0.5, 0.0, 4.2647, 0.5, 0.0, 0.0, 1.0]], ["1_6_mirror.png", [0.9655084013938904, 0.26018163561820984, 0.009953114204108715, -0.027999532250734784, 0.25346919894218445, -0.9304810166358948, -0.26449644565582275, 0.672023544597304, -0.05955593287944794, 0.2578963339328766, -0.9643353223800659, 2.61488056738747, 0.0, 0.0, 0.0, 1.0, 4.2647, 0.0, 0.5, 0.0, 4.2647, 0.5, 0.0, 0.0, 1.0]], ["1_7.png", [0.9967190623283386, -0.0669798031449318, -0.04543982073664665, 0.11275720513785008, -0.07546432316303253, -0.9719964265823364, -0.2225491851568222, 0.5625860123307067, -0.029261037707328796, 0.22524811327457428, -0.9738619327545166, 2.638329545644239, 0.0, 0.0, 0.0, 1.0, 4.2647, 0.0, 0.5, 0.0, 4.2647, 0.5, 0.0, 0.0, 1.0]], ["1_7_mirror.png", [0.9967190623283386, 0.0669798031449318, 0.04543982073664665, -0.11275720513785008, 0.07546432316303253, -0.9719964265823364, -0.2225491851568222, 0.5625860123307067, 0.029261037707328796, 0.22524811327457428, -0.9738619327545166, 2.638329545644239, 0.0, 0.0, 0.0, 1.0, 4.2647, 0.0, 0.5, 0.0, 4.2647, 0.5, 0.0, 0.0, 1.0]], ["1_8.png", [0.9896112084388733, -0.13587844371795654, 0.04697529226541519, -0.12284728306971288, -0.1215452179312706, -0.9652295112609863, -0.23142771422863007, 0.5856941606771788, 0.07678797841072083, 0.2233138382434845, -0.971717357635498, 2.632844639395011, 0.0, 0.0, 0.0, 1.0, 4.2647, 0.0, 0.5, 0.0, 4.2647, 0.5, 0.0, 0.0, 1.0]], ["1_8_mirror.png", [0.9896112084388733, 0.13587844371795654, -0.04697529226541519, 0.12284728306971288, 0.1215452179312706, -0.9652295112609863, -0.23142771422863007, 0.5856941606771788, -0.07678797841072083, 0.2233138382434845, -0.971717357635498, 2.632844639395011, 0.0, 0.0, 0.0, 1.0, 4.2647, 0.0, 0.5, 0.0, 4.2647, 0.5, 0.0, 0.0, 1.0]], ["1_9.png", [0.9673578143119812, -0.25230610370635986, -0.0236746147274971, 0.05894851513208967, -0.2522672712802887, -0.9498885273933411, -0.18458880484104156, 0.4648768296424369, 0.024084633216261864, 0.18453575670719147, -0.9825307130813599, 2.659025123203111, 0.0, 0.0, 0.0, 1.0, 4.2647, 0.0, 0.5, 0.0, 4.2647, 0.5, 0.0, 0.0, 1.0]], ["1_9_mirror.png", [0.9673578143119812, 0.25230610370635986, 0.0236746147274971, -0.05894851513208967, 0.2522672712802887, -0.9498885273933411, -0.18458880484104156, 0.4648768296424369, -0.024084633216261864, 0.18453575670719147, -0.9825307130813599, 2.659025123203111, 0.0, 0.0, 0.0, 1.0, 4.2647, 0.0, 0.5, 0.0, 4.2647, 0.5, 0.0, 0.0, 1.0]]]}