{"labels": [["2_9.png", [0.9862073063850403, 0.08273541927337646, 0.14335300028324127, -0.3634650186453282, 0.0879468098282814, -0.9956613183021545, -0.030395789071917534, 0.08174919033001804, 0.14021621644496918, 0.04258398339152336, -0.9892047643661499, 2.67417468578654, 0.0, 0.0, 0.0, 1.0, 4.2647, 0.0, 0.5, 0.0, 4.2647, 0.5, 0.0, 0.0, 1.0]], ["1_14.png", [0.9809162616729736, 0.014656724408268929, 0.19387756288051605, -0.4899131418492492, 0.02609327808022499, -0.9980577230453491, -0.056566961109638214, 0.1462164626580335, 0.19267190992832184, 0.06054634600877762, -0.9793935418128967, 2.651151798651139, 0.0, 0.0, 0.0, 1.0, 4.2647, 0.0, 0.5, 0.0, 4.2647, 0.5, 0.0, 0.0, 1.0]], ["2_8.png", [0.9852165579795837, 0.06828977167606354, 0.15711446106433868, -0.4000903489457404, 0.08389423787593842, -0.9919428825378418, -0.09492720663547516, 0.25076475471514414, 0.14936600625514984, 0.10670485347509384, -0.9830076098442078, 2.658391383990162, 0.0, 0.0, 0.0, 1.0, 4.2647, 0.0, 0.5, 0.0, 4.2647, 0.5, 0.0, 0.0, 1.0]]]}