{"labels": [["0.png", [0.9781361222267151, 0.16381162405014038, 0.12812277674674988, -0.32633186657762875, 0.18196792900562286, -0.9724164009094238, -0.14592477679252625, 0.3756960221378373, 0.1006845161318779, 0.1660485416650772, -0.9809640645980835, 2.6537445264768365, 0.0, 0.0, 0.0, 1.0, 4.2647, 0.0, 0.5, 0.0, 4.2647, 0.5, 0.0, 0.0, 1.0]], ["0_mirror.png", [0.9781361222267151, -0.16381162405014038, -0.12812277674674988, 0.32633186657762875, -0.18196792900562286, -0.9724164009094238, -0.14592477679252625, 0.3756960221378373, -0.1006845161318779, 0.1660485416650772, -0.9809640645980835, 2.6537445264768365, 0.0, 0.0, 0.0, 1.0, 4.2647, 0.0, 0.5, 0.0, 4.2647, 0.5, 0.0, 0.0, 1.0]], ["1.png", [0.7671723961830139, 0.06763046234846115, -0.6378656625747681, 1.636630678064026, 0.03408215939998627, -0.997319221496582, -0.06475074589252472, 0.16077673880618135, -0.6405348181724548, 0.027935151010751724, -0.7674208283424377, 2.1413992770799513, 0.0, 0.0, 0.0, 1.0, 4.2647, 0.0, 0.5, 0.0, 4.2647, 0.5, 0.0, 0.0, 1.0]], ["1_mirror.png", [0.7671723961830139, -0.06763046234846115, 0.6378656625747681, -1.636630678064026, -0.03408215939998627, -0.997319221496582, -0.06475074589252472, 0.16077673880618135, 0.6405348181724548, 0.027935151010751724, -0.7674208283424377, 2.1413992770799513, 0.0, 0.0, 0.0, 1.0, 4.2647, 0.0, 0.5, 0.0, 4.2647, 0.5, 0.0, 0.0, 1.0]], ["10.png", [0.9828802943229675, 0.0009921547025442123, -0.1842426359653473, 0.46197085555030787, -0.037767037749290466, -0.9776665568351746, -0.20674081146717072, 0.5287898009077532, -0.1803329885005951, 0.2101597636938095, -0.9608917236328125, 2.6070988234200208, 0.0, 0.0, 0.0, 1.0, 4.2647, 0.0, 0.5, 0.0, 4.2647, 0.5, 0.0, 0.0, 1.0]], ["10_mirror.png", [0.9828802943229675, -0.0009921547025442123, 0.1842426359653473, -0.46197085555030787, 0.037767037749290466, -0.9776665568351746, -0.20674081146717072, 0.5287898009077532, 0.1803329885005951, 0.2101597636938095, -0.9608917236328125, 2.6070988234200208, 0.0, 0.0, 0.0, 1.0, 4.2647, 0.0, 0.5, 0.0, 4.2647, 0.5, 0.0, 0.0, 1.0]], ["11.png", [0.9766630530357361, 0.02430097758769989, -0.21339820325374603, 0.5432366263539222, -0.019594838842749596, -0.979353129863739, -0.2012050300836563, 0.5179259557664644, -0.2138816863298416, 0.20069102942943573, -0.9560218453407288, 2.5935779672358037, 0.0, 0.0, 0.0, 1.0, 4.2647, 0.0, 0.5, 0.0, 4.2647, 0.5, 0.0, 0.0, 1.0]], ["11_mirror.png", [0.9766630530357361, -0.02430097758769989, 0.21339820325374603, -0.5432366263539222, 0.019594838842749596, -0.979353129863739, -0.2012050300836563, 0.5179259557664644, 0.2138816863298416, 0.20069102942943573, -0.9560218453407288, 2.5935779672358037, 0.0, 0.0, 0.0, 1.0, 4.2647, 0.0, 0.5, 0.0, 4.2647, 0.5, 0.0, 0.0, 1.0]], ["12.png", [0.9256836175918579, -0.02333133853971958, -0.3775785565376282, 0.961483011545077, -0.0062744878232479095, -0.9989059567451477, 0.046341672539711, -0.12378517014337258, -0.3782466948032379, -0.04052861034870148, -0.9248172044754028, 2.519965803371702, 0.0, 0.0, 0.0, 1.0, 4.2647, 0.0, 0.5, 0.0, 4.2647, 0.5, 0.0, 0.0, 1.0]], ["12_mirror.png", [0.9256836175918579, 0.02333133853971958, 0.3775785565376282, -0.961483011545077, 0.0062744878232479095, -0.9989059567451477, 0.046341672539711, -0.12378517014337258, 0.3782466948032379, -0.04052861034870148, -0.9248172044754028, 2.519965803371702, 0.0, 0.0, 0.0, 1.0, 4.2647, 0.0, 0.5, 0.0, 4.2647, 0.5, 0.0, 0.0, 1.0]], ["13.png", [0.9287207126617432, -0.0003305430000182241, -0.3707799017429352, 0.9349415077492776, -0.03403223305940628, -0.995854377746582, -0.08435533940792084, 0.21413716110565395, -0.36921489238739014, 0.0909610167145729, -0.9248818159103394, 2.523891767354757, 0.0, 0.0, 0.0, 1.0, 4.2647, 0.0, 0.5, 0.0, 4.2647, 0.5, 0.0, 0.0, 1.0]], ["13_mirror.png", [0.9287207126617432, 0.0003305430000182241, 0.3707799017429352, -0.9349415077492776, 0.03403223305940628, -0.995854377746582, -0.08435533940792084, 0.21413716110565395, 0.36921489238739014, 0.0909610167145729, -0.9248818159103394, 2.523891767354757, 0.0, 0.0, 0.0, 1.0, 4.2647, 0.0, 0.5, 0.0, 4.2647, 0.5, 0.0, 0.0, 1.0]], ["14.png", [0.7467262744903564, -0.12426464259624481, -0.6534203290939331, 1.675962207352146, -0.09723977744579315, -0.9922332167625427, 0.07757335901260376, -0.19852388162631707, -0.6579849720001221, 0.005612380802631378, -0.753010094165802, 2.107543344263966, 0.0, 0.0, 0.0, 1.0, 4.2647, 0.0, 0.5, 0.0, 4.2647, 0.5, 0.0, 0.0, 1.0]], ["14_mirror.png", [0.7467262744903564, 0.12426464259624481, 0.6534203290939331, -1.675962207352146, 0.09723977744579315, -0.9922332167625427, 0.07757335901260376, -0.19852388162631707, 0.6579849720001221, 0.005612380802631378, -0.753010094165802, 2.107543344263966, 0.0, 0.0, 0.0, 1.0, 4.2647, 0.0, 0.5, 0.0, 4.2647, 0.5, 0.0, 0.0, 1.0]], ["15.png", [0.9985287189483643, 0.047200411558151245, -0.026693187654018402, 0.06556885826321761, 0.040472421795129776, -0.9763363599777222, -0.21243631839752197, 0.5612409683011838, -0.03608861193060875, 0.21104341745376587, -0.9768102765083313, 2.6402100863996427, 0.0, 0.0, 0.0, 1.0, 4.2647, 0.0, 0.5, 0.0, 4.2647, 0.5, 0.0, 0.0, 1.0]], ["15_mirror.png", [0.9985287189483643, -0.047200411558151245, 0.026693187654018402, -0.06556885826321761, -0.040472421795129776, -0.9763363599777222, -0.21243631839752197, 0.5612409683011838, 0.03608861193060875, 0.21104341745376587, -0.9768102765083313, 2.6402100863996427, 0.0, 0.0, 0.0, 1.0, 4.2647, 0.0, 0.5, 0.0, 4.2647, 0.5, 0.0, 0.0, 1.0]], ["16.png", [0.9626962542533875, -0.08754593878984451, -0.256030410528183, 0.645740023455403, -0.13170601427555084, -0.9781672358512878, -0.16075557470321655, 0.4118067228972239, -0.23636707663536072, 0.18847954273223877, -0.953208327293396, 2.589099272929577, 0.0, 0.0, 0.0, 1.0, 4.2647, 0.0, 0.5, 0.0, 4.2647, 0.5, 0.0, 0.0, 1.0]], ["16_mirror.png", [0.9626962542533875, 0.08754593878984451, 0.256030410528183, -0.645740023455403, 0.13170601427555084, -0.9781672358512878, -0.16075557470321655, 0.4118067228972239, 0.23636707663536072, 0.18847954273223877, -0.953208327293396, 2.589099272929577, 0.0, 0.0, 0.0, 1.0, 4.2647, 0.0, 0.5, 0.0, 4.2647, 0.5, 0.0, 0.0, 1.0]], ["17.png", [0.9555165767669678, 0.04835612699389458, -0.2909463047981262, 0.7365918434996993, 0.0013319477438926697, -0.9871653914451599, -0.15969544649124146, 0.40265263658992917, -0.29493436217308044, 0.15220412611961365, -0.9433172941207886, 2.566184582281036, 0.0, 0.0, 0.0, 1.0, 4.2647, 0.0, 0.5, 0.0, 4.2647, 0.5, 0.0, 0.0, 1.0]], ["17_mirror.png", [0.9555165767669678, -0.04835612699389458, 0.2909463047981262, -0.7365918434996993, -0.0013319477438926697, -0.9871653914451599, -0.15969544649124146, 0.40265263658992917, 0.29493436217308044, 0.15220412611961365, -0.9433172941207886, 2.566184582281036, 0.0, 0.0, 0.0, 1.0, 4.2647, 0.0, 0.5, 0.0, 4.2647, 0.5, 0.0, 0.0, 1.0]], ["18.png", [0.9689479470252991, 0.09461337327957153, -0.22844728827476501, 0.5761541865482325, 0.0720411092042923, -0.9918362498283386, -0.1052185446023941, 0.26399297393403, -0.236537367105484, 0.08549369871616364, -0.9678537845611572, 2.624567404932937, 0.0, 0.0, 0.0, 1.0, 4.2647, 0.0, 0.5, 0.0, 4.2647, 0.5, 0.0, 0.0, 1.0]], ["18_mirror.png", [0.9689479470252991, -0.09461337327957153, 0.22844728827476501, -0.5761541865482325, -0.0720411092042923, -0.9918362498283386, -0.1052185446023941, 0.26399297393403, 0.236537367105484, 0.08549369871616364, -0.9678537845611572, 2.624567404932937, 0.0, 0.0, 0.0, 1.0, 4.2647, 0.0, 0.5, 0.0, 4.2647, 0.5, 0.0, 0.0, 1.0]], ["19.png", [0.9721927642822266, 0.12499271333217621, -0.1980355829000473, 0.4982476084173011, 0.09072010219097137, -0.9806328415870667, -0.17357756197452545, 0.43039388907646625, -0.2158961147069931, 0.15078504383563995, -0.964703381061554, 2.6184939222675454, 0.0, 0.0, 0.0, 1.0, 4.2647, 0.0, 0.5, 0.0, 4.2647, 0.5, 0.0, 0.0, 1.0]], ["19_mirror.png", [0.9721927642822266, -0.12499271333217621, 0.1980355829000473, -0.4982476084173011, -0.09072010219097137, -0.9806328415870667, -0.17357756197452545, 0.43039388907646625, 0.2158961147069931, 0.15078504383563995, -0.964703381061554, 2.6184939222675454, 0.0, 0.0, 0.0, 1.0, 4.2647, 0.0, 0.5, 0.0, 4.2647, 0.5, 0.0, 0.0, 1.0]], ["2.png", [0.9849265217781067, 0.09535574913024902, -0.14431558549404144, 0.3669757376472323, 0.06312364339828491, -0.9749295711517334, -0.21337252855300903, 0.5393114898483145, -0.16104382276535034, 0.20104654133319855, -0.9662531614303589, 2.6200137260892093, 0.0, 0.0, 0.0, 1.0, 4.2647, 0.0, 0.5, 0.0, 4.2647, 0.5, 0.0, 0.0, 1.0]], ["2_mirror.png", [0.9849265217781067, -0.09535574913024902, 0.14431558549404144, -0.3669757376472323, -0.06312364339828491, -0.9749295711517334, -0.21337252855300903, 0.5393114898483145, 0.16104382276535034, 0.20104654133319855, -0.9662531614303589, 2.6200137260892093, 0.0, 0.0, 0.0, 1.0, 4.2647, 0.0, 0.5, 0.0, 4.2647, 0.5, 0.0, 0.0, 1.0]], ["3.png", [0.9838718771934509, 0.07197662442922592, -0.16375482082366943, 0.41382960454159223, 0.05466407537460327, -0.9926599860191345, -0.10787994414567947, 0.2691836604459964, -0.17031769454479218, 0.09718853235244751, -0.9805846810340881, 2.654483982877622, 0.0, 0.0, 0.0, 1.0, 4.2647, 0.0, 0.5, 0.0, 4.2647, 0.5, 0.0, 0.0, 1.0]], ["3_mirror.png", [0.9838718771934509, -0.07197662442922592, 0.16375482082366943, -0.41382960454159223, -0.05466407537460327, -0.9926599860191345, -0.10787994414567947, 0.2691836604459964, 0.17031769454479218, 0.09718853235244751, -0.9805846810340881, 2.654483982877622, 0.0, 0.0, 0.0, 1.0, 4.2647, 0.0, 0.5, 0.0, 4.2647, 0.5, 0.0, 0.0, 1.0]], ["4.png", [0.9319570064544678, -0.2419986128807068, -0.2699867784976959, 0.6825070211728388, -0.24755211174488068, -0.9687758684158325, 0.013832167722284794, -0.03748317755875312, -0.2649040222167969, 0.05394480377435684, -0.9627646803855896, 2.612045018266316, 0.0, 0.0, 0.0, 1.0, 4.2647, 0.0, 0.5, 0.0, 4.2647, 0.5, 0.0, 0.0, 1.0]], ["4_mirror.png", [0.9319570064544678, 0.2419986128807068, 0.2699867784976959, -0.6825070211728388, 0.24755211174488068, -0.9687758684158325, 0.013832167722284794, -0.03748317755875312, 0.2649040222167969, 0.05394480377435684, -0.9627646803855896, 2.612045018266316, 0.0, 0.0, 0.0, 1.0, 4.2647, 0.0, 0.5, 0.0, 4.2647, 0.5, 0.0, 0.0, 1.0]], ["5.png", [0.8221380114555359, 0.09764742106199265, -0.5608512163162231, 1.4327047245776519, 0.040720559656620026, -0.9927430152893066, -0.11315099895000458, 0.28469924142113046, -0.5678300261497498, 0.07018756121397018, -0.8201479911804199, 2.270749548961115, 0.0, 0.0, 0.0, 1.0, 4.2647, 0.0, 0.5, 0.0, 4.2647, 0.5, 0.0, 0.0, 1.0]], ["5_mirror.png", [0.8221380114555359, -0.09764742106199265, 0.5608512163162231, -1.4327047245776519, -0.040720559656620026, -0.9927430152893066, -0.11315099895000458, 0.28469924142113046, 0.5678300261497498, 0.07018756121397018, -0.8201479911804199, 2.270749548961115, 0.0, 0.0, 0.0, 1.0, 4.2647, 0.0, 0.5, 0.0, 4.2647, 0.5, 0.0, 0.0, 1.0]], ["6.png", [0.9873496294021606, 0.11189369857311249, -0.11234050244092941, 0.28445421906438456, 0.10962776094675064, -0.9936281442642212, -0.026168648153543472, 0.05975997176223556, -0.11455279588699341, 0.013521968387067318, -0.9933251142501831, 2.6843089507415963, 0.0, 0.0, 0.0, 1.0, 4.2647, 0.0, 0.5, 0.0, 4.2647, 0.5, 0.0, 0.0, 1.0]], ["6_mirror.png", [0.9873496294021606, -0.11189369857311249, 0.11234050244092941, -0.28445421906438456, -0.10962776094675064, -0.9936281442642212, -0.026168648153543472, 0.05975997176223556, 0.11455279588699341, 0.013521968387067318, -0.9933251142501831, 2.6843089507415963, 0.0, 0.0, 0.0, 1.0, 4.2647, 0.0, 0.5, 0.0, 4.2647, 0.5, 0.0, 0.0, 1.0]], ["7.png", [0.8727953433990479, 0.15620560944080353, -0.462415486574173, 1.1770144727610112, 0.08471890538930893, -0.9815080761909485, -0.17165255546569824, 0.4369216774278953, -0.48067763447761536, 0.110642209649086, -0.8698892593383789, 2.3903423141267264, 0.0, 0.0, 0.0, 1.0, 4.2647, 0.0, 0.5, 0.0, 4.2647, 0.5, 0.0, 0.0, 1.0]], ["7_mirror.png", [0.8727953433990479, -0.15620560944080353, 0.462415486574173, -1.1770144727610112, -0.08471890538930893, -0.9815080761909485, -0.17165255546569824, 0.4369216774278953, 0.48067763447761536, 0.110642209649086, -0.8698892593383789, 2.3903423141267264, 0.0, 0.0, 0.0, 1.0, 4.2647, 0.0, 0.5, 0.0, 4.2647, 0.5, 0.0, 0.0, 1.0]], ["8.png", [0.9008768796920776, 0.14956587553024292, -0.40749335289001465, 1.0361565675811273, 0.10203859210014343, -0.9854255318641663, -0.13610486686229706, 0.3436954874732712, -0.42191097140312195, 0.08103366196155548, -0.9030086398124695, 2.4694641077264126, 0.0, 0.0, 0.0, 1.0, 4.2647, 0.0, 0.5, 0.0, 4.2647, 0.5, 0.0, 0.0, 1.0]], ["8_mirror.png", [0.9008768796920776, -0.14956587553024292, 0.40749335289001465, -1.0361565675811273, -0.10203859210014343, -0.9854255318641663, -0.13610486686229706, 0.3436954874732712, 0.42191097140312195, 0.08103366196155548, -0.9030086398124695, 2.4694641077264126, 0.0, 0.0, 0.0, 1.0, 4.2647, 0.0, 0.5, 0.0, 4.2647, 0.5, 0.0, 0.0, 1.0]], ["9.png", [0.9692666530609131, -0.0790175050497055, -0.232977494597435, 0.589668334014616, -0.09973903000354767, -0.9919099807739258, -0.07852886617183685, 0.19998896833554328, -0.22488753497600555, 0.09935235232114792, -0.9693063497543335, 2.627222043985722, 0.0, 0.0, 0.0, 1.0, 4.2647, 0.0, 0.5, 0.0, 4.2647, 0.5, 0.0, 0.0, 1.0]], ["9_mirror.png", [0.9692666530609131, 0.0790175050497055, 0.232977494597435, -0.589668334014616, 0.09973903000354767, -0.9919099807739258, -0.07852886617183685, 0.19998896833554328, 0.22488753497600555, 0.09935235232114792, -0.9693063497543335, 2.627222043985722, 0.0, 0.0, 0.0, 1.0, 4.2647, 0.0, 0.5, 0.0, 4.2647, 0.5, 0.0, 0.0, 1.0]]]}