{"labels": [["4_11.png", [0.9516801238059998, -0.2088714838027954, -0.225117027759552, 0.572110382190824, -0.24532584846019745, -0.9580451846122742, -0.1482047587633133, 0.3813694939549614, -0.18471653759479523, 0.19627054035663605, -0.9629940986633301, 2.6109858329125433, 0.0, 0.0, 0.0, 1.0, 4.2647, 0.0, 0.5, 0.0, 4.2647, 0.5, 0.0, 0.0, 1.0]], ["2_15.png", [0.8436542749404907, 0.04310838133096695, -0.5351533889770508, 1.3650701489707269, -0.015667319297790527, -0.9943700432777405, -0.10479889065027237, 0.26409882214648583, -0.5366582274436951, 0.09679845720529556, -0.8382291197776794, 2.314483808655804, 0.0, 0.0, 0.0, 1.0, 4.2647, 0.0, 0.5, 0.0, 4.2647, 0.5, 0.0, 0.0, 1.0]], ["6_11.png", [0.959201455116272, 0.11345532536506653, 0.2589603662490845, -0.6584691947906072, 0.16639162600040436, -0.9670601487159729, -0.19263552129268646, 0.500107274086934, 0.228574737906456, 0.2278650999069214, -0.9464835524559021, 2.570274505557168, 0.0, 0.0, 0.0, 1.0, 4.2647, 0.0, 0.5, 0.0, 4.2647, 0.5, 0.0, 0.0, 1.0]]]}