{"labels": [["1_7.png", [0.8520902991294861, 0.047363393008708954, -0.5212474465370178, 1.331851060095731, 0.006091821938753128, -0.9967271685600281, -0.08060968667268753, 0.21723315241202, -0.523359477519989, 0.06551137566566467, -0.849590003490448, 2.3385855791941874, 0.0, 0.0, 0.0, 1.0, 4.2647, 0.0, 0.5, 0.0, 4.2647, 0.5, 0.0, 0.0, 1.0]], ["2_8.png", [0.9814050793647766, -0.17793060839176178, -0.07200590521097183, 0.18529977242527007, -0.17760226130485535, -0.9840409755706787, 0.010988797061145306, -0.01644286287930051, -0.07281200587749481, 0.0020039500668644905, -0.9973437190055847, 2.693583788672533, 0.0, 0.0, 0.0, 1.0, 4.2647, 0.0, 0.5, 0.0, 4.2647, 0.5, 0.0, 0.0, 1.0]], ["0_13.png", [0.9892341494560242, 0.05013091117143631, 0.13748657703399658, -0.34807832454739684, 0.06545209884643555, -0.9918534159660339, -0.1092829778790474, 0.28068544859233724, 0.13088807463645935, 0.11710524559020996, -0.9844565391540527, 2.6627161243603865, 0.0, 0.0, 0.0, 1.0, 4.2647, 0.0, 0.5, 0.0, 4.2647, 0.5, 0.0, 0.0, 1.0]]]}