{"labels": [["0.png", [0.973828136920929, -0.13504332304000854, -0.18281686305999756, 0.45747635293227984, -0.14270982146263123, -0.9893282055854797, -0.029388243332505226, 0.08611816158743313, -0.17689719796180725, 0.05470886081457138, -0.9827076196670532, 2.659567455198793, 0.0, 0.0, 0.0, 1.0, 4.2647, 0.0, 0.5, 0.0, 4.2647, 0.5, 0.0, 0.0, 1.0]], ["0_mirror.png", [0.973828136920929, 0.13504332304000854, 0.18281686305999756, -0.45747635293227984, 0.14270982146263123, -0.9893282055854797, -0.029388243332505226, 0.08611816158743313, 0.17689719796180725, 0.05470886081457138, -0.9827076196670532, 2.659567455198793, 0.0, 0.0, 0.0, 1.0, 4.2647, 0.0, 0.5, 0.0, 4.2647, 0.5, 0.0, 0.0, 1.0]], ["1.png", [0.8853709697723389, 0.03810703754425049, -0.4633207619190216, 1.1836945415697828, -0.09103310108184814, -0.9631286263465881, -0.2531723976135254, 0.6621588165691165, -0.4558851420879364, 0.2663290202617645, -0.8492571115493774, 2.3346119450344824, 0.0, 0.0, 0.0, 1.0, 4.2647, 0.0, 0.5, 0.0, 4.2647, 0.5, 0.0, 0.0, 1.0]], ["1_mirror.png", [0.8853709697723389, -0.03810703754425049, 0.4633207619190216, -1.1836945415697828, 0.09103310108184814, -0.9631286263465881, -0.2531723976135254, 0.6621588165691165, 0.4558851420879364, 0.2663290202617645, -0.8492571115493774, 2.3346119450344824, 0.0, 0.0, 0.0, 1.0, 4.2647, 0.0, 0.5, 0.0, 4.2647, 0.5, 0.0, 0.0, 1.0]], ["10.png", [0.7867895364761353, 0.16744117438793182, -0.5940754413604736, 1.5323134646682957, 0.1660667061805725, -0.9844351410865784, -0.057527076452970505, 0.15251222737853534, -0.5944610834121704, -0.05339445173740387, -0.8023496866226196, 2.217826744021336, 0.0, 0.0, 0.0, 1.0, 4.2647, 0.0, 0.5, 0.0, 4.2647, 0.5, 0.0, 0.0, 1.0]], ["10_mirror.png", [0.7867895364761353, -0.16744117438793182, 0.5940754413604736, -1.5323134646682957, -0.1660667061805725, -0.9844351410865784, -0.057527076452970505, 0.15251222737853534, 0.5944610834121704, -0.05339445173740387, -0.8023496866226196, 2.217826744021336, 0.0, 0.0, 0.0, 1.0, 4.2647, 0.0, 0.5, 0.0, 4.2647, 0.5, 0.0, 0.0, 1.0]], ["11.png", [0.9314468502998352, -0.009266902692615986, -0.36375942826271057, 0.9276602075991341, -0.0555134192109108, -0.991592526435852, -0.1168871596455574, 0.3137287162287093, -0.3596179485321045, 0.12906770408153534, -0.9241301417350769, 2.5161519890202615, 0.0, 0.0, 0.0, 1.0, 4.2647, 0.0, 0.5, 0.0, 4.2647, 0.5, 0.0, 0.0, 1.0]], ["11_mirror.png", [0.9314468502998352, 0.009266902692615986, 0.36375942826271057, -0.9276602075991341, 0.0555134192109108, -0.991592526435852, -0.1168871596455574, 0.3137287162287093, 0.3596179485321045, 0.12906770408153534, -0.9241301417350769, 2.5161519890202615, 0.0, 0.0, 0.0, 1.0, 4.2647, 0.0, 0.5, 0.0, 4.2647, 0.5, 0.0, 0.0, 1.0]], ["12.png", [0.8653321266174316, -0.041922006756067276, -0.49944257736206055, 1.2778818151377713, -0.003010861575603485, -0.9969125986099243, 0.07846184074878693, -0.20230653012046615, -0.5011898875236511, -0.06639178842306137, -0.8627867102622986, 2.3698291361215924, 0.0, 0.0, 0.0, 1.0, 4.2647, 0.0, 0.5, 0.0, 4.2647, 0.5, 0.0, 0.0, 1.0]], ["12_mirror.png", [0.8653321266174316, 0.041922006756067276, 0.49944257736206055, -1.2778818151377713, 0.003010861575603485, -0.9969125986099243, 0.07846184074878693, -0.20230653012046615, 0.5011898875236511, -0.06639178842306137, -0.8627867102622986, 2.3698291361215924, 0.0, 0.0, 0.0, 1.0, 4.2647, 0.0, 0.5, 0.0, 4.2647, 0.5, 0.0, 0.0, 1.0]], ["13.png", [0.8984843492507935, -0.01243332214653492, -0.4388294517993927, 1.1182437903690985, -0.05099654197692871, -0.9957876205444336, -0.07619964331388474, 0.20246456605086896, -0.4360335171222687, 0.09084296971559525, -0.8953336477279663, 2.4491914838972444, 0.0, 0.0, 0.0, 1.0, 4.2647, 0.0, 0.5, 0.0, 4.2647, 0.5, 0.0, 0.0, 1.0]], ["13_mirror.png", [0.8984843492507935, 0.01243332214653492, 0.4388294517993927, -1.1182437903690985, 0.05099654197692871, -0.9957876205444336, -0.07619964331388474, 0.20246456605086896, 0.4360335171222687, 0.09084296971559525, -0.8953336477279663, 2.4491914838972444, 0.0, 0.0, 0.0, 1.0, 4.2647, 0.0, 0.5, 0.0, 4.2647, 0.5, 0.0, 0.0, 1.0]], ["14.png", [0.991249680519104, -0.07121157646179199, -0.11114399135112762, 0.2845034385268979, -0.07053614407777786, -0.9974590539932251, 0.010002309456467628, -0.020059260721583587, -0.11157386004924774, -0.0020751170814037323, -0.993753969669342, 2.6848939307774664, 0.0, 0.0, 0.0, 1.0, 4.2647, 0.0, 0.5, 0.0, 4.2647, 0.5, 0.0, 0.0, 1.0]], ["14_mirror.png", [0.991249680519104, 0.07121157646179199, 0.11114399135112762, -0.2845034385268979, 0.07053614407777786, -0.9974590539932251, 0.010002309456467628, -0.020059260721583587, 0.11157386004924774, -0.0020751170814037323, -0.993753969669342, 2.6848939307774664, 0.0, 0.0, 0.0, 1.0, 4.2647, 0.0, 0.5, 0.0, 4.2647, 0.5, 0.0, 0.0, 1.0]], ["15.png", [0.9338883757591248, 0.016660956665873528, -0.35717636346817017, 0.9070651650592769, -0.017283970490098, -0.9956427216529846, -0.09163444489240646, 0.24565427631355824, -0.3571467399597168, 0.09174976497888565, -0.9295311570167542, 2.5311828781944716, 0.0, 0.0, 0.0, 1.0, 4.2647, 0.0, 0.5, 0.0, 4.2647, 0.5, 0.0, 0.0, 1.0]], ["15_mirror.png", [0.9338883757591248, -0.016660956665873528, 0.35717636346817017, -0.9070651650592769, 0.017283970490098, -0.9956427216529846, -0.09163444489240646, 0.24565427631355824, 0.3571467399597168, 0.09174976497888565, -0.9295311570167542, 2.5311828781944716, 0.0, 0.0, 0.0, 1.0, 4.2647, 0.0, 0.5, 0.0, 4.2647, 0.5, 0.0, 0.0, 1.0]], ["16.png", [0.9713550209999084, 0.07219710201025009, -0.2264000028371811, 0.5790077797664871, 0.08387875556945801, -0.9955736994743347, 0.042396266013383865, -0.111429141773155, -0.222337007522583, -0.06017197668552399, -0.9731113314628601, 2.6348308365687507, 0.0, 0.0, 0.0, 1.0, 4.2647, 0.0, 0.5, 0.0, 4.2647, 0.5, 0.0, 0.0, 1.0]], ["16_mirror.png", [0.9713550209999084, -0.07219710201025009, 0.2264000028371811, -0.5790077797664871, -0.08387875556945801, -0.9955736994743347, 0.042396266013383865, -0.111429141773155, 0.222337007522583, -0.06017197668552399, -0.9731113314628601, 2.6348308365687507, 0.0, 0.0, 0.0, 1.0, 4.2647, 0.0, 0.5, 0.0, 4.2647, 0.5, 0.0, 0.0, 1.0]], ["17.png", [0.8502584099769592, -0.06480765342712402, -0.5223605632781982, 1.3342934406175035, -0.13910385966300964, -0.9847756624221802, -0.10424450784921646, 0.2748102286323127, -0.5076521039009094, 0.16129714250564575, -0.846328854560852, 2.33112426793686, 0.0, 0.0, 0.0, 1.0, 4.2647, 0.0, 0.5, 0.0, 4.2647, 0.5, 0.0, 0.0, 1.0]], ["17_mirror.png", [0.8502584099769592, 0.06480765342712402, 0.5223605632781982, -1.3342934406175035, 0.13910385966300964, -0.9847756624221802, -0.10424450784921646, 0.2748102286323127, 0.5076521039009094, 0.16129714250564575, -0.846328854560852, 2.33112426793686, 0.0, 0.0, 0.0, 1.0, 4.2647, 0.0, 0.5, 0.0, 4.2647, 0.5, 0.0, 0.0, 1.0]], ["18.png", [0.8578899502754211, -0.01288678590208292, -0.5136718153953552, 1.3108184116329704, -0.03678881749510765, -0.9986603260040283, -0.036387499421834946, 0.10535645326871274, -0.5125147700309753, 0.050113845616579056, -0.8572148084640503, 2.358104134570536, 0.0, 0.0, 0.0, 1.0, 4.2647, 0.0, 0.5, 0.0, 4.2647, 0.5, 0.0, 0.0, 1.0]], ["18_mirror.png", [0.8578899502754211, 0.01288678590208292, 0.5136718153953552, -1.3108184116329704, 0.03678881749510765, -0.9986603260040283, -0.036387499421834946, 0.10535645326871274, 0.5125147700309753, 0.050113845616579056, -0.8572148084640503, 2.358104134570536, 0.0, 0.0, 0.0, 1.0, 4.2647, 0.0, 0.5, 0.0, 4.2647, 0.5, 0.0, 0.0, 1.0]], ["19.png", [0.8762990832328796, 0.061440546065568924, -0.47783368825912476, 1.222941593192974, -0.00822485238313675, -0.9897820353507996, -0.1423511505126953, 0.37525839387682547, -0.48169735074043274, 0.1286722868680954, -0.8668397068977356, 2.377728957947818, 0.0, 0.0, 0.0, 1.0, 4.2647, 0.0, 0.5, 0.0, 4.2647, 0.5, 0.0, 0.0, 1.0]], ["19_mirror.png", [0.8762990832328796, -0.061440546065568924, 0.47783368825912476, -1.222941593192974, 0.00822485238313675, -0.9897820353507996, -0.1423511505126953, 0.37525839387682547, 0.48169735074043274, 0.1286722868680954, -0.8668397068977356, 2.377728957947818, 0.0, 0.0, 0.0, 1.0, 4.2647, 0.0, 0.5, 0.0, 4.2647, 0.5, 0.0, 0.0, 1.0]], ["2.png", [0.8863173127174377, -0.01895822398364544, -0.4626900851726532, 1.1789108219441806, -0.03078513965010643, -0.9993634819984436, -0.018023399636149406, 0.0532061556134908, -0.46205389499664307, 0.03021843172609806, -0.8863368630409241, 2.42844361246205, 0.0, 0.0, 0.0, 1.0, 4.2647, 0.0, 0.5, 0.0, 4.2647, 0.5, 0.0, 0.0, 1.0]], ["2_mirror.png", [0.8863173127174377, 0.01895822398364544, 0.4626900851726532, -1.1789108219441806, 0.03078513965010643, -0.9993634819984436, -0.018023399636149406, 0.0532061556134908, 0.46205389499664307, 0.03021843172609806, -0.8863368630409241, 2.42844361246205, 0.0, 0.0, 0.0, 1.0, 4.2647, 0.0, 0.5, 0.0, 4.2647, 0.5, 0.0, 0.0, 1.0]], ["3.png", [0.9422880411148071, 0.20863334834575653, -0.26185014843940735, 0.6651314187588329, 0.164341539144516, -0.9696237444877625, -0.18116769194602966, 0.4702527190118446, -0.29169371724128723, 0.12767928838729858, -0.9479519128799438, 2.574191635454095, 0.0, 0.0, 0.0, 1.0, 4.2647, 0.0, 0.5, 0.0, 4.2647, 0.5, 0.0, 0.0, 1.0]], ["3_mirror.png", [0.9422880411148071, -0.20863334834575653, 0.26185014843940735, -0.6651314187588329, -0.164341539144516, -0.9696237444877625, -0.18116769194602966, 0.4702527190118446, 0.29169371724128723, 0.12767928838729858, -0.9479519128799438, 2.574191635454095, 0.0, 0.0, 0.0, 1.0, 4.2647, 0.0, 0.5, 0.0, 4.2647, 0.5, 0.0, 0.0, 1.0]], ["4.png", [0.8326746225357056, -0.020402953028678894, -0.5533865690231323, 1.4215921575691164, -0.04165761545300484, -0.9987972974777222, -0.025856832042336464, 0.06879486853793965, -0.5521934628486633, 0.044583093374967575, -0.8325231075286865, 2.294415612656267, 0.0, 0.0, 0.0, 1.0, 4.2647, 0.0, 0.5, 0.0, 4.2647, 0.5, 0.0, 0.0, 1.0]], ["4_mirror.png", [0.8326746225357056, 0.020402953028678894, 0.5533865690231323, -1.4215921575691164, 0.04165761545300484, -0.9987972974777222, -0.025856832042336464, 0.06879486853793965, 0.5521934628486633, 0.044583093374967575, -0.8325231075286865, 2.294415612656267, 0.0, 0.0, 0.0, 1.0, 4.2647, 0.0, 0.5, 0.0, 4.2647, 0.5, 0.0, 0.0, 1.0]], ["5.png", [0.827427327632904, -0.026485836133360863, -0.5609478950500488, 1.4217950796140435, -0.07771694660186768, -0.9946761131286621, -0.06767168641090393, 0.1744853970870006, -0.5561691522598267, 0.0995885580778122, -0.8250806331634521, 2.2886794440875042, 0.0, 0.0, 0.0, 1.0, 4.2647, 0.0, 0.5, 0.0, 4.2647, 0.5, 0.0, 0.0, 1.0]], ["5_mirror.png", [0.827427327632904, 0.026485836133360863, 0.5609478950500488, -1.4217950796140435, 0.07771694660186768, -0.9946761131286621, -0.06767168641090393, 0.1744853970870006, 0.5561691522598267, 0.0995885580778122, -0.8250806331634521, 2.2886794440875042, 0.0, 0.0, 0.0, 1.0, 4.2647, 0.0, 0.5, 0.0, 4.2647, 0.5, 0.0, 0.0, 1.0]], ["6.png", [0.8940284252166748, -0.11303849518299103, -0.4335152208805084, 1.1055069627690808, -0.13734102249145508, -0.9902072548866272, -0.02504003793001175, 0.07765233427917995, -0.42643943428993225, 0.08192592859268188, -0.9007982611656189, 2.4620772673192204, 0.0, 0.0, 0.0, 1.0, 4.2647, 0.0, 0.5, 0.0, 4.2647, 0.5, 0.0, 0.0, 1.0]], ["6_mirror.png", [0.8940284252166748, 0.11303849518299103, 0.4335152208805084, -1.1055069627690808, 0.13734102249145508, -0.9902072548866272, -0.02504003793001175, 0.07765233427917995, 0.42643943428993225, 0.08192592859268188, -0.9007982611656189, 2.4620772673192204, 0.0, 0.0, 0.0, 1.0, 4.2647, 0.0, 0.5, 0.0, 4.2647, 0.5, 0.0, 0.0, 1.0]], ["7.png", [0.8520902991294861, 0.047363393008708954, -0.5212474465370178, 1.331851060095731, 0.006091821938753128, -0.9967271685600281, -0.08060968667268753, 0.21723315241202, -0.523359477519989, 0.06551137566566467, -0.849590003490448, 2.3385855791941874, 0.0, 0.0, 0.0, 1.0, 4.2647, 0.0, 0.5, 0.0, 4.2647, 0.5, 0.0, 0.0, 1.0]], ["7_mirror.png", [0.8520902991294861, -0.047363393008708954, 0.5212474465370178, -1.331851060095731, -0.006091821938753128, -0.9967271685600281, -0.08060968667268753, 0.21723315241202, 0.523359477519989, 0.06551137566566467, -0.849590003490448, 2.3385855791941874, 0.0, 0.0, 0.0, 1.0, 4.2647, 0.0, 0.5, 0.0, 4.2647, 0.5, 0.0, 0.0, 1.0]], ["8.png", [0.9139308333396912, 0.037890929728746414, -0.40409746766090393, 1.030347118543991, -0.00019148364663124084, -0.9955922961235046, -0.0937865823507309, 0.2351118744448328, -0.4058700203895569, 0.08579182624816895, -0.9098952412605286, 2.4845738511469397, 0.0, 0.0, 0.0, 1.0, 4.2647, 0.0, 0.5, 0.0, 4.2647, 0.5, 0.0, 0.0, 1.0]], ["8_mirror.png", [0.9139308333396912, -0.037890929728746414, 0.40409746766090393, -1.030347118543991, 0.00019148364663124084, -0.9955922961235046, -0.0937865823507309, 0.2351118744448328, 0.4058700203895569, 0.08579182624816895, -0.9098952412605286, 2.4845738511469397, 0.0, 0.0, 0.0, 1.0, 4.2647, 0.0, 0.5, 0.0, 4.2647, 0.5, 0.0, 0.0, 1.0]], ["9.png", [0.7932955026626587, -0.013830619864165783, -0.6086797714233398, 1.560601767624432, -0.06890563666820526, -0.9953581094741821, -0.06718821823596954, 0.17809587123028417, -0.6049250364303589, 0.09524156898260117, -0.790566086769104, 2.1960883369159414, 0.0, 0.0, 0.0, 1.0, 4.2647, 0.0, 0.5, 0.0, 4.2647, 0.5, 0.0, 0.0, 1.0]], ["9_mirror.png", [0.7932955026626587, 0.013830619864165783, 0.6086797714233398, -1.560601767624432, 0.06890563666820526, -0.9953581094741821, -0.06718821823596954, 0.17809587123028417, 0.6049250364303589, 0.09524156898260117, -0.790566086769104, 2.1960883369159414, 0.0, 0.0, 0.0, 1.0, 4.2647, 0.0, 0.5, 0.0, 4.2647, 0.5, 0.0, 0.0, 1.0]]]}