{"labels": [["5_0.png", [0.9968961477279663, 0.061191625893116, -0.049535397440195084, 0.12699775713010109, 0.058229710906744, -0.9965476989746094, -0.05917799472808838, 0.15601808608556378, -0.05298558622598648, 0.05610988289117813, -0.9970176815986633, 2.6924951116943783, 0.0, 0.0, 0.0, 1.0, 4.2647, 0.0, 0.5, 0.0, 4.2647, 0.5, 0.0, 0.0, 1.0]], ["5_0_mirror.png", [0.9968961477279663, -0.061191625893116, 0.049535397440195084, -0.12699775713010109, -0.058229710906744, -0.9965476989746094, -0.05917799472808838, 0.15601808608556378, 0.05298558622598648, 0.05610988289117813, -0.9970176815986633, 2.6924951116943783, 0.0, 0.0, 0.0, 1.0, 4.2647, 0.0, 0.5, 0.0, 4.2647, 0.5, 0.0, 0.0, 1.0]], ["5_1.png", [0.9523549675941467, 0.05867282301187515, -0.29929494857788086, 0.7651144236201947, 0.04209587723016739, -0.9972163438796997, -0.06154223531484604, 0.16023954598848797, -0.3020726442337036, 0.04601097106933594, -0.9521738290786743, 2.584361276344649, 0.0, 0.0, 0.0, 1.0, 4.2647, 0.0, 0.5, 0.0, 4.2647, 0.5, 0.0, 0.0, 1.0]], ["5_1_mirror.png", [0.9523549675941467, -0.05867282301187515, 0.29929494857788086, -0.7651144236201947, -0.04209587723016739, -0.9972163438796997, -0.06154223531484604, 0.16023954598848797, 0.3020726442337036, 0.04601097106933594, -0.9521738290786743, 2.584361276344649, 0.0, 0.0, 0.0, 1.0, 4.2647, 0.0, 0.5, 0.0, 4.2647, 0.5, 0.0, 0.0, 1.0]], ["5_10.png", [0.7586374282836914, 0.08716845512390137, -0.6456553936004639, 1.6579414018505834, 0.08817896246910095, -0.9956280589103699, -0.030808225274086, 0.08788639669230795, -0.6455181837081909, -0.033560942858457565, -0.7630071640014648, 2.1292032052639236, 0.0, 0.0, 0.0, 1.0, 4.2647, 0.0, 0.5, 0.0, 4.2647, 0.5, 0.0, 0.0, 1.0]], ["5_10_mirror.png", [0.7586374282836914, -0.08716845512390137, 0.6456553936004639, -1.6579414018505834, -0.08817896246910095, -0.9956280589103699, -0.030808225274086, 0.08788639669230795, 0.6455181837081909, -0.033560942858457565, -0.7630071640014648, 2.1292032052639236, 0.0, 0.0, 0.0, 1.0, 4.2647, 0.0, 0.5, 0.0, 4.2647, 0.5, 0.0, 0.0, 1.0]], ["5_11.png", [0.9471067786216736, 0.023854853585362434, 0.32003092765808105, -0.8224975453724093, 0.05498114600777626, -0.9945505261421204, -0.08857943117618561, 0.2395762325676039, 0.31617388129234314, 0.1014898419380188, -0.9432570934295654, 2.5604884332183726, 0.0, 0.0, 0.0, 1.0, 4.2647, 0.0, 0.5, 0.0, 4.2647, 0.5, 0.0, 0.0, 1.0]], ["5_11_mirror.png", [0.9471067786216736, -0.023854853585362434, -0.32003092765808105, 0.8224975453724093, -0.05498114600777626, -0.9945505261421204, -0.08857943117618561, 0.2395762325676039, -0.31617388129234314, 0.1014898419380188, -0.9432570934295654, 2.5604884332183726, 0.0, 0.0, 0.0, 1.0, 4.2647, 0.0, 0.5, 0.0, 4.2647, 0.5, 0.0, 0.0, 1.0]], ["5_12.png", [0.9703754186630249, 0.05333687737584114, 0.23564119637012482, -0.6045022102538904, 0.04554479569196701, -0.9982243180274963, 0.03839149326086044, -0.08924164659759456, 0.23727045953273773, -0.02652193047106266, -0.971081554889679, 2.6299454378961387, 0.0, 0.0, 0.0, 1.0, 4.2647, 0.0, 0.5, 0.0, 4.2647, 0.5, 0.0, 0.0, 1.0]], ["5_12_mirror.png", [0.9703754186630249, -0.05333687737584114, -0.23564119637012482, 0.6045022102538904, -0.04554479569196701, -0.9982243180274963, 0.03839149326086044, -0.08924164659759456, -0.23727045953273773, -0.02652193047106266, -0.971081554889679, 2.6299454378961387, 0.0, 0.0, 0.0, 1.0, 4.2647, 0.0, 0.5, 0.0, 4.2647, 0.5, 0.0, 0.0, 1.0]], ["5_13.png", [0.983829915523529, 0.121497742831707, -0.13159418106079102, 0.3309539155732862, 0.08868559449911118, -0.9687997102737427, -0.23143458366394043, 0.6042488199630618, -0.1556071937084198, 0.21602174639701843, -0.9639092683792114, 2.610623080672497, 0.0, 0.0, 0.0, 1.0, 4.2647, 0.0, 0.5, 0.0, 4.2647, 0.5, 0.0, 0.0, 1.0]], ["5_13_mirror.png", [0.983829915523529, -0.121497742831707, 0.13159418106079102, -0.3309539155732862, -0.08868559449911118, -0.9687997102737427, -0.23143458366394043, 0.6042488199630618, 0.1556071937084198, 0.21602174639701843, -0.9639092683792114, 2.610623080672497, 0.0, 0.0, 0.0, 1.0, 4.2647, 0.0, 0.5, 0.0, 4.2647, 0.5, 0.0, 0.0, 1.0]], ["5_14.png", [0.9583539366722107, 0.15057146549224854, -0.24266451597213745, 0.6189530299848963, 0.11703060567378998, -0.9821542501449585, -0.14723066985607147, 0.3816942189407066, -0.26050272583961487, 0.11269991099834442, -0.9588728547096252, 2.600232041549323, 0.0, 0.0, 0.0, 1.0, 4.2647, 0.0, 0.5, 0.0, 4.2647, 0.5, 0.0, 0.0, 1.0]], ["5_14_mirror.png", [0.9583539366722107, -0.15057146549224854, 0.24266451597213745, -0.6189530299848963, -0.11703060567378998, -0.9821542501449585, -0.14723066985607147, 0.3816942189407066, 0.26050272583961487, 0.11269991099834442, -0.9588728547096252, 2.600232041549323, 0.0, 0.0, 0.0, 1.0, 4.2647, 0.0, 0.5, 0.0, 4.2647, 0.5, 0.0, 0.0, 1.0]], ["5_15.png", [0.9882744550704956, 0.0777212604880333, 0.1314271092414856, -0.33328419165597817, 0.09924641996622086, -0.9811016321182251, -0.16610148549079895, 0.4249297278721564, 0.11603372544050217, 0.17719753086566925, -0.9773111939430237, 2.645440676704492, 0.0, 0.0, 0.0, 1.0, 4.2647, 0.0, 0.5, 0.0, 4.2647, 0.5, 0.0, 0.0, 1.0]], ["5_15_mirror.png", [0.9882744550704956, -0.0777212604880333, -0.1314271092414856, 0.33328419165597817, -0.09924641996622086, -0.9811016321182251, -0.16610148549079895, 0.4249297278721564, -0.11603372544050217, 0.17719753086566925, -0.9773111939430237, 2.645440676704492, 0.0, 0.0, 0.0, 1.0, 4.2647, 0.0, 0.5, 0.0, 4.2647, 0.5, 0.0, 0.0, 1.0]], ["5_16.png", [0.999897837638855, -0.0069084325805306435, 0.012515539303421974, -0.029673709804249403, -0.004565390758216381, -0.983949601650238, -0.17838820815086365, 0.4615171127695658, 0.013547043316066265, 0.17831285297870636, -0.9838805794715881, 2.6600980105190297, 0.0, 0.0, 0.0, 1.0, 4.2647, 0.0, 0.5, 0.0, 4.2647, 0.5, 0.0, 0.0, 1.0]], ["5_16_mirror.png", [0.999897837638855, 0.0069084325805306435, -0.012515539303421974, 0.029673709804249403, 0.004565390758216381, -0.983949601650238, -0.17838820815086365, 0.4615171127695658, -0.013547043316066265, 0.17831285297870636, -0.9838805794715881, 2.6600980105190297, 0.0, 0.0, 0.0, 1.0, 4.2647, 0.0, 0.5, 0.0, 4.2647, 0.5, 0.0, 0.0, 1.0]], ["5_17.png", [0.6586988568305969, 0.16151614487171173, -0.734866201877594, 1.9054936358395471, 0.0771319568157196, -0.9860373735427856, -0.14758361876010895, 0.3779560434925626, -0.7484427094459534, 0.040531501173973083, -0.6619597673416138, 1.8751648548760802, 0.0, 0.0, 0.0, 1.0, 4.2647, 0.0, 0.5, 0.0, 4.2647, 0.5, 0.0, 0.0, 1.0]], ["5_17_mirror.png", [0.6586988568305969, -0.16151614487171173, 0.734866201877594, -1.9054936358395471, -0.0771319568157196, -0.9860373735427856, -0.14758361876010895, 0.3779560434925626, 0.7484427094459534, 0.040531501173973083, -0.6619597673416138, 1.8751648548760802, 0.0, 0.0, 0.0, 1.0, 4.2647, 0.0, 0.5, 0.0, 4.2647, 0.5, 0.0, 0.0, 1.0]], ["5_18.png", [0.9835802912712097, -0.12491756677627563, 0.1302512139081955, -0.3323652472572926, -0.08351898193359375, -0.9548599720001221, -0.28507351875305176, 0.7324273786363487, 0.1599823534488678, 0.269514262676239, -0.9496144652366638, 2.5774179865593174, 0.0, 0.0, 0.0, 1.0, 4.2647, 0.0, 0.5, 0.0, 4.2647, 0.5, 0.0, 0.0, 1.0]], ["5_18_mirror.png", [0.9835802912712097, 0.12491756677627563, -0.1302512139081955, 0.3323652472572926, 0.08351898193359375, -0.9548599720001221, -0.28507351875305176, 0.7324273786363487, -0.1599823534488678, 0.269514262676239, -0.9496144652366638, 2.5774179865593174, 0.0, 0.0, 0.0, 1.0, 4.2647, 0.0, 0.5, 0.0, 4.2647, 0.5, 0.0, 0.0, 1.0]], ["5_19.png", [0.9302201867103577, -0.20843051373958588, 0.3020714521408081, -0.7761986975343124, -0.1859305053949356, -0.9772793650627136, -0.10175912827253342, 0.2691972603511394, 0.316417932510376, 0.03849410265684128, -0.947838544845581, 2.5719736423543456, 0.0, 0.0, 0.0, 1.0, 4.2647, 0.0, 0.5, 0.0, 4.2647, 0.5, 0.0, 0.0, 1.0]], ["5_19_mirror.png", [0.9302201867103577, 0.20843051373958588, -0.3020714521408081, 0.7761986975343124, 0.1859305053949356, -0.9772793650627136, -0.10175912827253342, 0.2691972603511394, -0.316417932510376, 0.03849410265684128, -0.947838544845581, 2.5719736423543456, 0.0, 0.0, 0.0, 1.0, 4.2647, 0.0, 0.5, 0.0, 4.2647, 0.5, 0.0, 0.0, 1.0]], ["5_2.png", [0.9992856979370117, -0.002550750970840454, 0.037703096866607666, -0.09681104747411062, 0.004882812034338713, -0.9806399941444397, -0.19575826823711395, 0.5057498028677007, 0.037472497671842575, 0.19580253958702087, -0.979927122592926, 2.6504423702443045, 0.0, 0.0, 0.0, 1.0, 4.2647, 0.0, 0.5, 0.0, 4.2647, 0.5, 0.0, 0.0, 1.0]], ["5_2_mirror.png", [0.9992856979370117, 0.002550750970840454, -0.037703096866607666, 0.09681104747411062, -0.004882812034338713, -0.9806399941444397, -0.19575826823711395, 0.5057498028677007, -0.037472497671842575, 0.19580253958702087, -0.979927122592926, 2.6504423702443045, 0.0, 0.0, 0.0, 1.0, 4.2647, 0.0, 0.5, 0.0, 4.2647, 0.5, 0.0, 0.0, 1.0]], ["5_3.png", [0.6905458569526672, 0.10105876624584198, -0.7161937952041626, 1.84698419891088, 0.08357889950275421, -0.994706928730011, -0.05977263301610947, 0.159564286721357, -0.7184434533119202, -0.018582940101623535, -0.6953370571136475, 1.962954051264736, 0.0, 0.0, 0.0, 1.0, 4.2647, 0.0, 0.5, 0.0, 4.2647, 0.5, 0.0, 0.0, 1.0]], ["5_3_mirror.png", [0.6905458569526672, -0.10105876624584198, 0.7161937952041626, -1.84698419891088, -0.08357889950275421, -0.994706928730011, -0.05977263301610947, 0.159564286721357, 0.7184434533119202, -0.018582940101623535, -0.6953370571136475, 1.962954051264736, 0.0, 0.0, 0.0, 1.0, 4.2647, 0.0, 0.5, 0.0, 4.2647, 0.5, 0.0, 0.0, 1.0]], ["5_4.png", [0.9732949733734131, 0.022194916382431984, 0.22848238050937653, -0.5792660616611461, 0.07470162212848663, -0.9717639088630676, -0.22381815314292908, 0.5712140510483563, 0.2170632928609848, 0.2349090874195099, -0.9474709630012512, 2.5745223513678246, 0.0, 0.0, 0.0, 1.0, 4.2647, 0.0, 0.5, 0.0, 4.2647, 0.5, 0.0, 0.0, 1.0]], ["5_4_mirror.png", [0.9732949733734131, -0.022194916382431984, -0.22848238050937653, 0.5792660616611461, -0.07470162212848663, -0.9717639088630676, -0.22381815314292908, 0.5712140510483563, -0.2170632928609848, 0.2349090874195099, -0.9474709630012512, 2.5745223513678246, 0.0, 0.0, 0.0, 1.0, 4.2647, 0.0, 0.5, 0.0, 4.2647, 0.5, 0.0, 0.0, 1.0]], ["5_5.png", [0.9802574515342712, 0.07355125993490219, -0.183536097407341, 0.4649544431425108, 0.029932957142591476, -0.9727416634559631, -0.22995135188102722, 0.5946096902644931, -0.1954464167356491, 0.21991774439811707, -0.95573890209198, 2.5923457875147755, 0.0, 0.0, 0.0, 1.0, 4.2647, 0.0, 0.5, 0.0, 4.2647, 0.5, 0.0, 0.0, 1.0]], ["5_5_mirror.png", [0.9802574515342712, -0.07355125993490219, 0.183536097407341, -0.4649544431425108, -0.029932957142591476, -0.9727416634559631, -0.22995135188102722, 0.5946096902644931, 0.1954464167356491, 0.21991774439811707, -0.95573890209198, 2.5923457875147755, 0.0, 0.0, 0.0, 1.0, 4.2647, 0.0, 0.5, 0.0, 4.2647, 0.5, 0.0, 0.0, 1.0]], ["5_6.png", [0.9990888237953186, -0.016529658809304237, 0.03934783861041069, -0.10169098160508126, -0.011197065934538841, -0.991176187992096, -0.1320769041776657, 0.34974741670648757, 0.04118382930755615, 0.1315159797668457, -0.9904581904411316, 2.675319735801187, 0.0, 0.0, 0.0, 1.0, 4.2647, 0.0, 0.5, 0.0, 4.2647, 0.5, 0.0, 0.0, 1.0]], ["5_6_mirror.png", [0.9990888237953186, 0.016529658809304237, -0.03934783861041069, 0.10169098160508126, 0.011197065934538841, -0.991176187992096, -0.1320769041776657, 0.34974741670648757, -0.04118382930755615, 0.1315159797668457, -0.9904581904411316, 2.675319735801187, 0.0, 0.0, 0.0, 1.0, 4.2647, 0.0, 0.5, 0.0, 4.2647, 0.5, 0.0, 0.0, 1.0]], ["5_7.png", [0.9928759336471558, 0.08420037478208542, 0.08430676907300949, -0.21693979877233358, 0.08677692711353302, -0.9958516955375671, -0.027371907606720924, 0.07094018780113155, 0.08165231347084045, 0.03449279069900513, -0.9960638284683228, 2.690335409101133, 0.0, 0.0, 0.0, 1.0, 4.2647, 0.0, 0.5, 0.0, 4.2647, 0.5, 0.0, 0.0, 1.0]], ["5_7_mirror.png", [0.9928759336471558, -0.08420037478208542, -0.08430676907300949, 0.21693979877233358, -0.08677692711353302, -0.9958516955375671, -0.027371907606720924, 0.07094018780113155, -0.08165231347084045, 0.03449279069900513, -0.9960638284683228, 2.690335409101133, 0.0, 0.0, 0.0, 1.0, 4.2647, 0.0, 0.5, 0.0, 4.2647, 0.5, 0.0, 0.0, 1.0]], ["5_8.png", [0.8891415596008301, -0.10645654052495956, 0.4450778067111969, -1.1406491706452397, -0.08485069870948792, -0.9940530061721802, -0.06825584173202515, 0.18055152173982927, 0.44969722628593445, 0.02292393520474434, -0.8928868174552917, 2.4405574399107595, 0.0, 0.0, 0.0, 1.0, 4.2647, 0.0, 0.5, 0.0, 4.2647, 0.5, 0.0, 0.0, 1.0]], ["5_8_mirror.png", [0.8891415596008301, 0.10645654052495956, -0.4450778067111969, 1.1406491706452397, 0.08485069870948792, -0.9940530061721802, -0.06825584173202515, 0.18055152173982927, -0.44969722628593445, 0.02292393520474434, -0.8928868174552917, 2.4405574399107595, 0.0, 0.0, 0.0, 1.0, 4.2647, 0.0, 0.5, 0.0, 4.2647, 0.5, 0.0, 0.0, 1.0]], ["5_9.png", [0.9075000286102295, -0.05347822606563568, 0.41663387417793274, -1.0718206251486657, -0.019035592675209045, -0.9960793256759644, -0.08639182150363922, 0.23192778465099273, 0.41962048411369324, 0.07046970725059509, -0.904960036277771, 2.467267729739277, 0.0, 0.0, 0.0, 1.0, 4.2647, 0.0, 0.5, 0.0, 4.2647, 0.5, 0.0, 0.0, 1.0]], ["5_9_mirror.png", [0.9075000286102295, 0.05347822606563568, -0.41663387417793274, 1.0718206251486657, 0.019035592675209045, -0.9960793256759644, -0.08639182150363922, 0.23192778465099273, -0.41962048411369324, 0.07046970725059509, -0.904960036277771, 2.467267729739277, 0.0, 0.0, 0.0, 1.0, 4.2647, 0.0, 0.5, 0.0, 4.2647, 0.5, 0.0, 0.0, 1.0]]]}