{"labels": [["1_6.png", [0.9949476718902588, 0.0051508378237485886, 0.1002625897526741, -0.2536731203575201, 0.01902594417333603, -0.9902592897415161, -0.13792935013771057, 0.36149310484090463, 0.09857551008462906, 0.1391400694847107, -0.9853541851043701, 2.663638992649072, 0.0, 0.0, 0.0, 1.0, 4.2647, 0.0, 0.5, 0.0, 4.2647, 0.5, 0.0, 0.0, 1.0]], ["1_4.png", [0.9764015078544617, 0.04948495700955391, 0.21021753549575806, -0.5325776512466677, 0.054173942655324936, -0.9983935356140137, -0.016602134332060814, 0.04841751046214251, 0.2090582698583603, 0.027598662301898003, -0.9775136709213257, 2.646510304169102, 0.0, 0.0, 0.0, 1.0, 4.2647, 0.0, 0.5, 0.0, 4.2647, 0.5, 0.0, 0.0, 1.0]], ["1_2.png", [0.9901554584503174, 0.06299660354852676, 0.12499433010816574, -0.3135650982386385, 0.06780098378658295, -0.9971002340316772, -0.0345582440495491, 0.08803381275361068, 0.12245482206344604, 0.042692773044109344, -0.9915554523468018, 2.6802848686247245, 0.0, 0.0, 0.0, 1.0, 4.2647, 0.0, 0.5, 0.0, 4.2647, 0.5, 0.0, 0.0, 1.0]]]}