{"labels": [["8_4.png", [0.9721958041191101, 0.1788780838251114, -0.15112222731113434, 0.3788943828239761, 0.16432692110538483, -0.9809153079986572, -0.10393121838569641, 0.262747776975662, -0.16682912409305573, 0.07620804011821747, -0.9830362796783447, 2.660338822849223, 0.0, 0.0, 0.0, 1.0, 4.2647, 0.0, 0.5, 0.0, 4.2647, 0.5, 0.0, 0.0, 1.0]], ["7_6.png", [0.9937363266944885, -0.0834905132651329, -0.07427957653999329, 0.1916107747253952, -0.07908433675765991, -0.9950359463691711, 0.0604081004858017, -0.15033323412842567, -0.07895434647798538, -0.0541553758084774, -0.9954061508178711, 2.6889933487693165, 0.0, 0.0, 0.0, 1.0, 4.2647, 0.0, 0.5, 0.0, 4.2647, 0.5, 0.0, 0.0, 1.0]], ["6_15.png", [0.973447322845459, 0.03892435133457184, -0.22557762265205383, 0.5807049016689336, 0.00770188495516777, -0.9904482960700989, -0.13766957819461823, 0.34843523851610675, -0.22878167033195496, 0.13227669894695282, -0.9644489884376526, 2.613689863342225, 0.0, 0.0, 0.0, 1.0, 4.2647, 0.0, 0.5, 0.0, 4.2647, 0.5, 0.0, 0.0, 1.0]]]}