{"labels": [["4_9.png", [0.9488210678100586, 0.14320090413093567, -0.28148186206817627, 0.7170289147541306, 0.1047128438949585, -0.9835200905799866, -0.14738862216472626, 0.36789503777924437, -0.29794925451278687, 0.11037067323923111, -0.9481796026229858, 2.576921181678618, 0.0, 0.0, 0.0, 1.0, 4.2647, 0.0, 0.5, 0.0, 4.2647, 0.5, 0.0, 0.0, 1.0]], ["7_16.png", [0.9859254956245422, -0.02312682941555977, -0.16557787358760834, 0.41731379798725565, -0.019460206851363182, -0.9995288848876953, 0.02373276837170124, -0.05997067684311446, -0.16604873538017273, -0.020176561549305916, -0.9859110713005066, 2.6668807082298285, 0.0, 0.0, 0.0, 1.0, 4.2647, 0.0, 0.5, 0.0, 4.2647, 0.5, 0.0, 0.0, 1.0]], ["5_15.png", [0.9950769543647766, 0.065048448741436, -0.07477028667926788, 0.1885133642665784, 0.05600229650735855, -0.9915170669555664, -0.11729332059621811, 0.2880513377912849, -0.08176576346158981, 0.11252856999635696, -0.9902786016464233, 2.6779636178054305, 0.0, 0.0, 0.0, 1.0, 4.2647, 0.0, 0.5, 0.0, 4.2647, 0.5, 0.0, 0.0, 1.0]]]}