{"labels": [["0.png", [0.9997555017471313, 0.021496593952178955, -0.005177473649382591, 0.009667127854435662, 0.020629964768886566, -0.9911089539527893, -0.13144372403621674, 0.33444321997976934, -0.00795703288167715, 0.1313047856092453, -0.9913101196289062, 2.6791891085267965, 0.0, 0.0, 0.0, 1.0, 4.2647, 0.0, 0.5, 0.0, 4.2647, 0.5, 0.0, 0.0, 1.0]], ["0_mirror.png", [0.9997555017471313, -0.021496593952178955, 0.005177473649382591, -0.009667127854435662, -0.020629964768886566, -0.9911089539527893, -0.13144372403621674, 0.33444321997976934, 0.00795703288167715, 0.1313047856092453, -0.9913101196289062, 2.6791891085267965, 0.0, 0.0, 0.0, 1.0, 4.2647, 0.0, 0.5, 0.0, 4.2647, 0.5, 0.0, 0.0, 1.0]], ["1.png", [0.9492340087890625, -0.05029737576842308, 0.31052374839782715, -0.7954504188323027, -0.02535611391067505, -0.9961563348770142, -0.08384273946285248, 0.2111107473095334, 0.313547283411026, 0.07171270251274109, -0.9468607902526855, 2.5715152893867703, 0.0, 0.0, 0.0, 1.0, 4.2647, 0.0, 0.5, 0.0, 4.2647, 0.5, 0.0, 0.0, 1.0]], ["1_mirror.png", [0.9492340087890625, 0.05029737576842308, -0.31052374839782715, 0.7954504188323027, 0.02535611391067505, -0.9961563348770142, -0.08384273946285248, 0.2111107473095334, -0.313547283411026, 0.07171270251274109, -0.9468607902526855, 2.5715152893867703, 0.0, 0.0, 0.0, 1.0, 4.2647, 0.0, 0.5, 0.0, 4.2647, 0.5, 0.0, 0.0, 1.0]], ["10.png", [0.7518203854560852, -0.024616817012429237, 0.6589083075523376, -1.6967785625874363, -0.07256220281124115, -0.9963222146034241, 0.04557153582572937, -0.1030211328623997, 0.655363142490387, -0.08207345008850098, -0.7508415579795837, 2.0976961542910506, 0.0, 0.0, 0.0, 1.0, 4.2647, 0.0, 0.5, 0.0, 4.2647, 0.5, 0.0, 0.0, 1.0]], ["10_mirror.png", [0.7518203854560852, 0.024616817012429237, -0.6589083075523376, 1.6967785625874363, 0.07256220281124115, -0.9963222146034241, 0.04557153582572937, -0.1030211328623997, -0.655363142490387, -0.08207345008850098, -0.7508415579795837, 2.0976961542910506, 0.0, 0.0, 0.0, 1.0, 4.2647, 0.0, 0.5, 0.0, 4.2647, 0.5, 0.0, 0.0, 1.0]], ["11.png", [0.6937170624732971, 0.00295263878069818, 0.7202416062355042, -1.8746559202379418, -0.03558958321809769, -0.9986295104026794, 0.03837280720472336, -0.11033567896986733, 0.7193678617477417, -0.052252963185310364, -0.6926612257957458, 1.939971963370372, 0.0, 0.0, 0.0, 1.0, 4.2647, 0.0, 0.5, 0.0, 4.2647, 0.5, 0.0, 0.0, 1.0]], ["11_mirror.png", [0.6937170624732971, -0.00295263878069818, -0.7202416062355042, 1.8746559202379418, 0.03558958321809769, -0.9986295104026794, 0.03837280720472336, -0.11033567896986733, -0.7193678617477417, -0.052252963185310364, -0.6926612257957458, 1.939971963370372, 0.0, 0.0, 0.0, 1.0, 4.2647, 0.0, 0.5, 0.0, 4.2647, 0.5, 0.0, 0.0, 1.0]], ["12.png", [0.8678934574127197, 0.15200358629226685, 0.472922682762146, -1.2146343762263392, 0.23508983850479126, -0.964353084564209, -0.1214740052819252, 0.3158507987689909, 0.43759995698928833, 0.21660581231117249, -0.8726902008056641, 2.3905860379844612, 0.0, 0.0, 0.0, 1.0, 4.2647, 0.0, 0.5, 0.0, 4.2647, 0.5, 0.0, 0.0, 1.0]], ["12_mirror.png", [0.8678934574127197, -0.15200358629226685, -0.472922682762146, 1.2146343762263392, -0.23508983850479126, -0.964353084564209, -0.1214740052819252, 0.3158507987689909, -0.43759995698928833, 0.21660581231117249, -0.8726902008056641, 2.3905860379844612, 0.0, 0.0, 0.0, 1.0, 4.2647, 0.0, 0.5, 0.0, 4.2647, 0.5, 0.0, 0.0, 1.0]], ["13.png", [0.8773193955421448, -0.13005109131336212, 0.46194952726364136, -1.1867360439497254, 0.0013266056776046753, -0.9619206786155701, -0.27332574129104614, 0.6989197051446202, 0.4799051284790039, 0.2404068112373352, -0.8437390923500061, 2.3223197040354098, 0.0, 0.0, 0.0, 1.0, 4.2647, 0.0, 0.5, 0.0, 4.2647, 0.5, 0.0, 0.0, 1.0]], ["13_mirror.png", [0.8773193955421448, 0.13005109131336212, -0.46194952726364136, 1.1867360439497254, -0.0013266056776046753, -0.9619206786155701, -0.27332574129104614, 0.6989197051446202, -0.4799051284790039, 0.2404068112373352, -0.8437390923500061, 2.3223197040354098, 0.0, 0.0, 0.0, 1.0, 4.2647, 0.0, 0.5, 0.0, 4.2647, 0.5, 0.0, 0.0, 1.0]], ["14.png", [0.9635031819343567, -0.050622280687093735, 0.26286715269088745, -0.6766966893145168, -0.01870884746313095, -0.9922899603843689, -0.12251796573400497, 0.3115963667328446, 0.2670425772666931, 0.11312849819660187, -0.9570215344429016, 2.595185791982852, 0.0, 0.0, 0.0, 1.0, 4.2647, 0.0, 0.5, 0.0, 4.2647, 0.5, 0.0, 0.0, 1.0]], ["14_mirror.png", [0.9635031819343567, 0.050622280687093735, -0.26286715269088745, 0.6766966893145168, 0.01870884746313095, -0.9922899603843689, -0.12251796573400497, 0.3115963667328446, -0.2670425772666931, 0.11312849819660187, -0.9570215344429016, 2.595185791982852, 0.0, 0.0, 0.0, 1.0, 4.2647, 0.0, 0.5, 0.0, 4.2647, 0.5, 0.0, 0.0, 1.0]], ["15.png", [0.9032942056655884, -0.09805918484926224, 0.4176648259162903, -1.0744874774508029, -0.07009856402873993, -0.9941797256469727, -0.08180921524763107, 0.21490987821499025, 0.4232560396194458, 0.0446200855076313, -0.9049106240272522, 2.467648760469575, 0.0, 0.0, 0.0, 1.0, 4.2647, 0.0, 0.5, 0.0, 4.2647, 0.5, 0.0, 0.0, 1.0]], ["15_mirror.png", [0.9032942056655884, 0.09805918484926224, -0.4176648259162903, 1.0744874774508029, 0.07009856402873993, -0.9941797256469727, -0.08180921524763107, 0.21490987821499025, -0.4232560396194458, 0.0446200855076313, -0.9049106240272522, 2.467648760469575, 0.0, 0.0, 0.0, 1.0, 4.2647, 0.0, 0.5, 0.0, 4.2647, 0.5, 0.0, 0.0, 1.0]], ["16.png", [0.8521537184715271, -0.013236950151622295, 0.523124098777771, -1.3468811322256782, 0.05142202600836754, -0.9927235245704651, -0.10888450592756271, 0.27953499933670967, 0.5207588076591492, 0.11968643963336945, -0.8452723622322083, 2.3233104398251005, 0.0, 0.0, 0.0, 1.0, 4.2647, 0.0, 0.5, 0.0, 4.2647, 0.5, 0.0, 0.0, 1.0]], ["16_mirror.png", [0.8521537184715271, 0.013236950151622295, -0.523124098777771, 1.3468811322256782, -0.05142202600836754, -0.9927235245704651, -0.10888450592756271, 0.27953499933670967, -0.5207588076591492, 0.11968643963336945, -0.8452723622322083, 2.3233104398251005, 0.0, 0.0, 0.0, 1.0, 4.2647, 0.0, 0.5, 0.0, 4.2647, 0.5, 0.0, 0.0, 1.0]], ["17.png", [0.8732703924179077, 0.07186111807823181, 0.48190757632255554, -1.2379027114102703, 0.1861094832420349, -0.9632642865180969, -0.19361108541488647, 0.5034471157413971, 0.450291246175766, 0.258762389421463, -0.8545641303062439, 2.346089912755854, 0.0, 0.0, 0.0, 1.0, 4.2647, 0.0, 0.5, 0.0, 4.2647, 0.5, 0.0, 0.0, 1.0]], ["17_mirror.png", [0.8732703924179077, -0.07186111807823181, -0.48190757632255554, 1.2379027114102703, -0.1861094832420349, -0.9632642865180969, -0.19361108541488647, 0.5034471157413971, -0.450291246175766, 0.258762389421463, -0.8545641303062439, 2.346089912755854, 0.0, 0.0, 0.0, 1.0, 4.2647, 0.0, 0.5, 0.0, 4.2647, 0.5, 0.0, 0.0, 1.0]], ["18.png", [0.960250735282898, 0.06654507666826248, 0.2710910439491272, -0.6962154144169587, 0.08940154314041138, -0.9933284521102905, -0.07284186035394669, 0.18713292476877733, 0.26443520188331604, 0.09418240189552307, -0.9597936272621155, 2.601973359816681, 0.0, 0.0, 0.0, 1.0, 4.2647, 0.0, 0.5, 0.0, 4.2647, 0.5, 0.0, 0.0, 1.0]], ["18_mirror.png", [0.960250735282898, -0.06654507666826248, -0.2710910439491272, 0.6962154144169587, -0.08940154314041138, -0.9933284521102905, -0.07284186035394669, 0.18713292476877733, -0.26443520188331604, 0.09418240189552307, -0.9597936272621155, 2.601973359816681, 0.0, 0.0, 0.0, 1.0, 4.2647, 0.0, 0.5, 0.0, 4.2647, 0.5, 0.0, 0.0, 1.0]], ["19.png", [0.9192225337028503, -0.05433639511466026, 0.3899712860584259, -1.0022369187048068, -0.0730467289686203, -0.9967724680900574, 0.03329775854945183, -0.08562918343801214, 0.3869033753871918, -0.059094175696372986, -0.9202247858047485, 2.505631417772541, 0.0, 0.0, 0.0, 1.0, 4.2647, 0.0, 0.5, 0.0, 4.2647, 0.5, 0.0, 0.0, 1.0]], ["19_mirror.png", [0.9192225337028503, 0.05433639511466026, -0.3899712860584259, 1.0022369187048068, 0.0730467289686203, -0.9967724680900574, 0.03329775854945183, -0.08562918343801214, -0.3869033753871918, -0.059094175696372986, -0.9202247858047485, 2.505631417772541, 0.0, 0.0, 0.0, 1.0, 4.2647, 0.0, 0.5, 0.0, 4.2647, 0.5, 0.0, 0.0, 1.0]], ["2.png", [0.8530616164207458, -0.2864396274089813, 0.4361629784107208, -1.126342372169375, -0.3472205400466919, -0.9355485439300537, 0.06470591574907303, -0.15662127465421993, 0.38951730728149414, -0.20664286613464355, -0.8975383043289185, 2.4488410803850775, 0.0, 0.0, 0.0, 1.0, 4.2647, 0.0, 0.5, 0.0, 4.2647, 0.5, 0.0, 0.0, 1.0]], ["2_mirror.png", [0.8530616164207458, 0.2864396274089813, -0.4361629784107208, 1.126342372169375, 0.3472205400466919, -0.9355485439300537, 0.06470591574907303, -0.15662127465421993, -0.38951730728149414, -0.20664286613464355, -0.8975383043289185, 2.4488410803850775, 0.0, 0.0, 0.0, 1.0, 4.2647, 0.0, 0.5, 0.0, 4.2647, 0.5, 0.0, 0.0, 1.0]], ["3.png", [0.9282603859901428, 0.13131634891033173, 0.3479781150817871, -0.8898869839757069, 0.13899719715118408, -0.990288496017456, 0.002918245969340205, -0.010200633451923583, 0.34498193860054016, 0.04565908759832382, -0.937498152256012, 2.5491169260800497, 0.0, 0.0, 0.0, 1.0, 4.2647, 0.0, 0.5, 0.0, 4.2647, 0.5, 0.0, 0.0, 1.0]], ["3_mirror.png", [0.9282603859901428, -0.13131634891033173, -0.3479781150817871, 0.8898869839757069, -0.13899719715118408, -0.990288496017456, 0.002918245969340205, -0.010200633451923583, -0.34498193860054016, 0.04565908759832382, -0.937498152256012, 2.5491169260800497, 0.0, 0.0, 0.0, 1.0, 4.2647, 0.0, 0.5, 0.0, 4.2647, 0.5, 0.0, 0.0, 1.0]], ["4.png", [0.9389773607254028, -0.08121078461408615, 0.3342549800872803, -0.8574576044592739, -0.1105777695775032, -0.9914165139198303, 0.06975607573986053, -0.18072749376598782, 0.32572096586227417, -0.10246054083108902, -0.9398977756500244, 2.553841034510964, 0.0, 0.0, 0.0, 1.0, 4.2647, 0.0, 0.5, 0.0, 4.2647, 0.5, 0.0, 0.0, 1.0]], ["4_mirror.png", [0.9389773607254028, 0.08121078461408615, -0.3342549800872803, 0.8574576044592739, 0.1105777695775032, -0.9914165139198303, 0.06975607573986053, -0.18072749376598782, -0.32572096586227417, -0.10246054083108902, -0.9398977756500244, 2.553841034510964, 0.0, 0.0, 0.0, 1.0, 4.2647, 0.0, 0.5, 0.0, 4.2647, 0.5, 0.0, 0.0, 1.0]], ["5.png", [0.9160202741622925, -0.02819990925490856, 0.4001394510269165, -1.0214294221531202, 0.03846606984734535, -0.9867534637451172, -0.15760020911693573, 0.39538147059014944, 0.3992833197116852, 0.15975677967071533, -0.902801513671875, 2.467864548202335, 0.0, 0.0, 0.0, 1.0, 4.2647, 0.0, 0.5, 0.0, 4.2647, 0.5, 0.0, 0.0, 1.0]], ["5_mirror.png", [0.9160202741622925, 0.02819990925490856, -0.4001394510269165, 1.0214294221531202, -0.03846606984734535, -0.9867534637451172, -0.15760020911693573, 0.39538147059014944, -0.3992833197116852, 0.15975677967071533, -0.902801513671875, 2.467864548202335, 0.0, 0.0, 0.0, 1.0, 4.2647, 0.0, 0.5, 0.0, 4.2647, 0.5, 0.0, 0.0, 1.0]], ["6.png", [0.9181092381477356, 0.061101485043764114, 0.39158907532691956, -1.0036922447163403, 0.05703619495034218, -0.9981293082237244, 0.02201727218925953, -0.05873249538992481, 0.39220181107521057, 0.0021204911172389984, -0.919876754283905, 2.5058236913002374, 0.0, 0.0, 0.0, 1.0, 4.2647, 0.0, 0.5, 0.0, 4.2647, 0.5, 0.0, 0.0, 1.0]], ["6_mirror.png", [0.9181092381477356, -0.061101485043764114, -0.39158907532691956, 1.0036922447163403, -0.05703619495034218, -0.9981293082237244, 0.02201727218925953, -0.05873249538992481, -0.39220181107521057, 0.0021204911172389984, -0.919876754283905, 2.5058236913002374, 0.0, 0.0, 0.0, 1.0, 4.2647, 0.0, 0.5, 0.0, 4.2647, 0.5, 0.0, 0.0, 1.0]], ["7.png", [0.8337854146957397, 0.026459064334630966, 0.5514542460441589, -1.418191199451823, 0.14393645524978638, -0.974725067615509, -0.17086060345172882, 0.43891661217757794, 0.5329954624176025, 0.2218354493379593, -0.8165199756622314, 2.2552352270554747, 0.0, 0.0, 0.0, 1.0, 4.2647, 0.0, 0.5, 0.0, 4.2647, 0.5, 0.0, 0.0, 1.0]], ["7_mirror.png", [0.8337854146957397, -0.026459064334630966, -0.5514542460441589, 1.418191199451823, -0.14393645524978638, -0.974725067615509, -0.17086060345172882, 0.43891661217757794, -0.5329954624176025, 0.2218354493379593, -0.8165199756622314, 2.2552352270554747, 0.0, 0.0, 0.0, 1.0, 4.2647, 0.0, 0.5, 0.0, 4.2647, 0.5, 0.0, 0.0, 1.0]], ["8.png", [0.9997357726097107, 0.02151411771774292, -0.008095907047390938, 0.01671516568940551, 0.020348140969872475, -0.9921091794967651, -0.12371539324522018, 0.3147159231422965, -0.01069365069270134, 0.1235179677605629, -0.9922847151756287, 2.6815433039495504, 0.0, 0.0, 0.0, 1.0, 4.2647, 0.0, 0.5, 0.0, 4.2647, 0.5, 0.0, 0.0, 1.0]], ["8_mirror.png", [0.9997357726097107, -0.02151411771774292, 0.008095907047390938, -0.01671516568940551, -0.020348140969872475, -0.9921091794967651, -0.12371539324522018, 0.3147159231422965, 0.01069365069270134, 0.1235179677605629, -0.9922847151756287, 2.6815433039495504, 0.0, 0.0, 0.0, 1.0, 4.2647, 0.0, 0.5, 0.0, 4.2647, 0.5, 0.0, 0.0, 1.0]], ["9.png", [0.884670078754425, -0.08419585973024368, 0.45855197310447693, -1.1761940182754531, -0.001295246183872223, -0.9839978814125061, -0.1781754046678543, 0.4528401117718014, 0.4662157893180847, 0.15703251957893372, -0.8706225156784058, 2.38778212250271, 0.0, 0.0, 0.0, 1.0, 4.2647, 0.0, 0.5, 0.0, 4.2647, 0.5, 0.0, 0.0, 1.0]], ["9_mirror.png", [0.884670078754425, 0.08419585973024368, -0.45855197310447693, 1.1761940182754531, 0.001295246183872223, -0.9839978814125061, -0.1781754046678543, 0.4528401117718014, -0.4662157893180847, 0.15703251957893372, -0.8706225156784058, 2.38778212250271, 0.0, 0.0, 0.0, 1.0, 4.2647, 0.0, 0.5, 0.0, 4.2647, 0.5, 0.0, 0.0, 1.0]]]}