{"labels": [["6_19.png", [0.9391363263130188, 0.033515386283397675, -0.3419058322906494, 0.8715865438582805, 0.002715621143579483, -0.9959229230880737, -0.0901663601398468, 0.24212110799954853, -0.34353384375572205, 0.08375001698732376, -0.935398519039154, 2.5439564197576674, 0.0, 0.0, 0.0, 1.0, 4.2647, 0.0, 0.5, 0.0, 4.2647, 0.5, 0.0, 0.0, 1.0]], ["6_5.png", [0.9384295344352722, 0.018461385741829872, -0.34497693181037903, 0.8786844312034183, -0.007491536438465118, -0.9972488284111023, -0.07374659925699234, 0.20161649917312424, -0.3453892767429352, 0.07179040461778641, -0.935709536075592, 2.545047044284624, 0.0, 0.0, 0.0, 1.0, 4.2647, 0.0, 0.5, 0.0, 4.2647, 0.5, 0.0, 0.0, 1.0]], ["6_9.png", [0.9179567098617554, 0.08814975619316101, -0.38676220178604126, 0.9822655032171642, 0.04377932474017143, -0.9915537238121033, -0.12208455801010132, 0.3156630579621246, -0.39425721764564514, 0.09513615816831589, -0.9140625596046448, 2.4950974560180073, 0.0, 0.0, 0.0, 1.0, 4.2647, 0.0, 0.5, 0.0, 4.2647, 0.5, 0.0, 0.0, 1.0]]]}