{"labels": [["6_8.png", [0.977672278881073, -0.047722797840833664, 0.20464441180229187, -0.5246140537367574, -0.0350724458694458, -0.9972683191299438, -0.065005823969841, 0.17363409312811218, 0.20718765258789062, 0.056377019733190536, -0.9766753911972046, 2.642845303139301, 0.0, 0.0, 0.0, 1.0, 4.2647, 0.0, 0.5, 0.0, 4.2647, 0.5, 0.0, 0.0, 1.0]], ["6_6.png", [0.8877137899398804, -0.1636451929807663, 0.43033066391944885, -1.0984036904772232, -0.18016673624515533, -0.9836331605911255, -0.002394287381321192, 0.014421657516574185, 0.42367932200431824, -0.07540583610534668, -0.9026681780815125, 2.466434947153582, 0.0, 0.0, 0.0, 1.0, 4.2647, 0.0, 0.5, 0.0, 4.2647, 0.5, 0.0, 0.0, 1.0]], ["6_13.png", [0.9308494925498962, 0.10336819291114807, 0.3504771590232849, -0.9013672201157189, 0.09559370577335358, -0.9946379065513611, 0.03946211561560631, -0.08352545071739433, 0.35267698764801025, -0.003229878842830658, -0.9357395768165588, 2.543729669910566, 0.0, 0.0, 0.0, 1.0, 4.2647, 0.0, 0.5, 0.0, 4.2647, 0.5, 0.0, 0.0, 1.0]]]}