{"labels": [["6_15.png", [0.973447322845459, 0.03892435133457184, -0.22557762265205383, 0.5807049016689336, 0.00770188495516777, -0.9904482960700989, -0.13766957819461823, 0.34843523851610675, -0.22878167033195496, 0.13227669894695282, -0.9644489884376526, 2.613689863342225, 0.0, 0.0, 0.0, 1.0, 4.2647, 0.0, 0.5, 0.0, 4.2647, 0.5, 0.0, 0.0, 1.0]], ["5_15.png", [0.9950769543647766, 0.065048448741436, -0.07477028667926788, 0.1885133642665784, 0.05600229650735855, -0.9915170669555664, -0.11729332059621811, 0.2880513377912849, -0.08176576346158981, 0.11252856999635696, -0.9902786016464233, 2.6779636178054305, 0.0, 0.0, 0.0, 1.0, 4.2647, 0.0, 0.5, 0.0, 4.2647, 0.5, 0.0, 0.0, 1.0]], ["6_12.png", [0.9700080752372742, -0.006849952973425388, -0.2429763823747635, 0.6180200607978988, -0.059396401047706604, -0.9759800434112549, -0.2096070498228073, 0.5329997961817872, -0.23570430278778076, 0.21775245666503906, -0.9471153020858765, 2.573705970331797, 0.0, 0.0, 0.0, 1.0, 4.2647, 0.0, 0.5, 0.0, 4.2647, 0.5, 0.0, 0.0, 1.0]]]}