{"labels": [["11_17.png", [0.9777305722236633, 0.024759620428085327, -0.20839829742908478, 0.525505400770652, 0.021976064890623093, -0.9996358156204224, -0.01566198281943798, 0.04326873778863245, -0.2087101936340332, 0.010733425617218018, -0.9779186248779297, 2.6480128190949257, 0.0, 0.0, 0.0, 1.0, 4.2647, 0.0, 0.5, 0.0, 4.2647, 0.5, 0.0, 0.0, 1.0]], ["10_5.png", [0.9491093158721924, 0.003406246891245246, -0.3149283826351166, 0.7976464918663868, -0.04693537577986717, -0.9872456192970276, -0.15212857723236084, 0.39020410072071604, -0.31142985820770264, 0.15916793048381805, -0.9368442296981812, 2.549804077531053, 0.0, 0.0, 0.0, 1.0, 4.2647, 0.0, 0.5, 0.0, 4.2647, 0.5, 0.0, 0.0, 1.0]], ["17_19.png", [0.9203609824180603, 0.14148417115211487, 0.36457911133766174, -0.9356162705414506, 0.09363612532615662, -0.9848693609237671, 0.14582404494285583, -0.3616693935079306, 0.3796945810317993, -0.10007299482822418, -0.9196833372116089, 2.506754364531498, 0.0, 0.0, 0.0, 1.0, 4.2647, 0.0, 0.5, 0.0, 4.2647, 0.5, 0.0, 0.0, 1.0]]]}