{"labels": [["4_0.png", [0.9158166646957397, -0.18082836270332336, 0.3585818409919739, -0.9226132291719686, -0.1784028857946396, -0.9831382632255554, -0.040144119411706924, 0.116070248341048, 0.3597947359085083, -0.027207374572753906, -0.9326346516609192, 2.5348200186220167, 0.0, 0.0, 0.0, 1.0, 4.2647, 0.0, 0.5, 0.0, 4.2647, 0.5, 0.0, 0.0, 1.0]], ["4_0_mirror.png", [0.9158166646957397, 0.18082836270332336, -0.3585818409919739, 0.9226132291719686, 0.1784028857946396, -0.9831382632255554, -0.040144119411706924, 0.116070248341048, -0.3597947359085083, -0.027207374572753906, -0.9326346516609192, 2.5348200186220167, 0.0, 0.0, 0.0, 1.0, 4.2647, 0.0, 0.5, 0.0, 4.2647, 0.5, 0.0, 0.0, 1.0]], ["4_1.png", [0.9796477556228638, -0.028982428833842278, 0.19862110912799835, -0.509847422391413, -0.01331806555390358, -0.9967257380485535, -0.07975243777036667, 0.21106649489207038, 0.20028218626976013, 0.07548405230045319, -0.9768261313438416, 2.6430108854514405, 0.0, 0.0, 0.0, 1.0, 4.2647, 0.0, 0.5, 0.0, 4.2647, 0.5, 0.0, 0.0, 1.0]], ["4_1_mirror.png", [0.9796477556228638, 0.028982428833842278, -0.19862110912799835, 0.509847422391413, 0.01331806555390358, -0.9967257380485535, -0.07975243777036667, 0.21106649489207038, -0.20028218626976013, 0.07548405230045319, -0.9768261313438416, 2.6430108854514405, 0.0, 0.0, 0.0, 1.0, 4.2647, 0.0, 0.5, 0.0, 4.2647, 0.5, 0.0, 0.0, 1.0]], ["4_10.png", [0.9407932162284851, -0.030840136110782623, 0.33757519721984863, -0.8665223867190498, 0.0181221142411232, -0.9898529648780823, -0.14093559980392456, 0.36595267175878027, 0.33849626779556274, 0.13870882987976074, -0.9306879639625549, 2.5308531358708537, 0.0, 0.0, 0.0, 1.0, 4.2647, 0.0, 0.5, 0.0, 4.2647, 0.5, 0.0, 0.0, 1.0]], ["4_10_mirror.png", [0.9407932162284851, 0.030840136110782623, -0.33757519721984863, 0.8665223867190498, -0.0181221142411232, -0.9898529648780823, -0.14093559980392456, 0.36595267175878027, -0.33849626779556274, 0.13870882987976074, -0.9306879639625549, 2.5308531358708537, 0.0, 0.0, 0.0, 1.0, 4.2647, 0.0, 0.5, 0.0, 4.2647, 0.5, 0.0, 0.0, 1.0]], ["4_11.png", [0.9956836104393005, -0.08298691362142563, 0.041561275720596313, -0.10459880786350745, -0.07014407217502594, -0.9660747051239014, -0.2485547661781311, 0.6548243262504473, 0.06077808886766434, 0.24456661939620972, -0.9677258133888245, 2.6173009362975788, 0.0, 0.0, 0.0, 1.0, 4.2647, 0.0, 0.5, 0.0, 4.2647, 0.5, 0.0, 0.0, 1.0]], ["4_11_mirror.png", [0.9956836104393005, 0.08298691362142563, -0.041561275720596313, 0.10459880786350745, 0.07014407217502594, -0.9660747051239014, -0.2485547661781311, 0.6548243262504473, -0.06077808886766434, 0.24456661939620972, -0.9677258133888245, 2.6173009362975788, 0.0, 0.0, 0.0, 1.0, 4.2647, 0.0, 0.5, 0.0, 4.2647, 0.5, 0.0, 0.0, 1.0]], ["4_12.png", [0.9460515379905701, 0.03703047335147858, 0.3218930959701538, -0.8281160843917703, 0.047184981405735016, -0.9986026287078857, -0.023798895999789238, 0.07041664779875408, 0.3205620050430298, 0.0377034991979599, -0.9464768767356873, 2.5689035105438327, 0.0, 0.0, 0.0, 1.0, 4.2647, 0.0, 0.5, 0.0, 4.2647, 0.5, 0.0, 0.0, 1.0]], ["4_12_mirror.png", [0.9460515379905701, -0.03703047335147858, -0.3218930959701538, 0.8281160843917703, -0.047184981405735016, -0.9986026287078857, -0.023798895999789238, 0.07041664779875408, -0.3205620050430298, 0.0377034991979599, -0.9464768767356873, 2.5689035105438327, 0.0, 0.0, 0.0, 1.0, 4.2647, 0.0, 0.5, 0.0, 4.2647, 0.5, 0.0, 0.0, 1.0]], ["4_13.png", [0.9325047731399536, -0.3110554814338684, 0.18351949751377106, -0.4639428221668101, -0.29346412420272827, -0.948785662651062, -0.11698095500469208, 0.29769361829420987, 0.21050822734832764, 0.05522890388965607, -0.9760307669639587, 2.6431298809152, 0.0, 0.0, 0.0, 1.0, 4.2647, 0.0, 0.5, 0.0, 4.2647, 0.5, 0.0, 0.0, 1.0]], ["4_13_mirror.png", [0.9325047731399536, 0.3110554814338684, -0.18351949751377106, 0.4639428221668101, 0.29346412420272827, -0.948785662651062, -0.11698095500469208, 0.29769361829420987, -0.21050822734832764, 0.05522890388965607, -0.9760307669639587, 2.6431298809152, 0.0, 0.0, 0.0, 1.0, 4.2647, 0.0, 0.5, 0.0, 4.2647, 0.5, 0.0, 0.0, 1.0]], ["4_14.png", [0.9985129237174988, -0.029371745884418488, -0.04592707380652428, 0.11901528849944792, -0.03481582924723625, -0.9918418526649475, -0.1226276233792305, 0.3171615811096055, -0.04195060953497887, 0.12404424697160721, -0.9913895130157471, 2.6786645726129, 0.0, 0.0, 0.0, 1.0, 4.2647, 0.0, 0.5, 0.0, 4.2647, 0.5, 0.0, 0.0, 1.0]], ["4_14_mirror.png", [0.9985129237174988, 0.029371745884418488, 0.04592707380652428, -0.11901528849944792, 0.03481582924723625, -0.9918418526649475, -0.1226276233792305, 0.3171615811096055, 0.04195060953497887, 0.12404424697160721, -0.9913895130157471, 2.6786645726129, 0.0, 0.0, 0.0, 1.0, 4.2647, 0.0, 0.5, 0.0, 4.2647, 0.5, 0.0, 0.0, 1.0]], ["4_15.png", [0.9474305510520935, 0.1951572299003601, 0.25355303287506104, -0.6479612688078226, 0.22378849983215332, -0.9705482125282288, -0.08919066935777664, 0.2298331761142687, 0.22867923974990845, 0.14124421775341034, -0.9632008671760559, 2.6110003648567703, 0.0, 0.0, 0.0, 1.0, 4.2647, 0.0, 0.5, 0.0, 4.2647, 0.5, 0.0, 0.0, 1.0]], ["4_15_mirror.png", [0.9474305510520935, -0.1951572299003601, -0.25355303287506104, 0.6479612688078226, -0.22378849983215332, -0.9705482125282288, -0.08919066935777664, 0.2298331761142687, -0.22867923974990845, 0.14124421775341034, -0.9632008671760559, 2.6110003648567703, 0.0, 0.0, 0.0, 1.0, 4.2647, 0.0, 0.5, 0.0, 4.2647, 0.5, 0.0, 0.0, 1.0]], ["4_16.png", [0.9253427982330322, -0.04566236212849617, 0.3763716220855713, -0.9666336928870657, 0.00614079087972641, -0.9907853007316589, -0.13530227541923523, 0.3548841260963122, 0.37908169627189636, 0.12751220166683197, -0.9165357351303101, 2.49593200244325, 0.0, 0.0, 0.0, 1.0, 4.2647, 0.0, 0.5, 0.0, 4.2647, 0.5, 0.0, 0.0, 1.0]], ["4_16_mirror.png", [0.9253427982330322, 0.04566236212849617, -0.3763716220855713, 0.9666336928870657, -0.00614079087972641, -0.9907853007316589, -0.13530227541923523, 0.3548841260963122, -0.37908169627189636, 0.12751220166683197, -0.9165357351303101, 2.49593200244325, 0.0, 0.0, 0.0, 1.0, 4.2647, 0.0, 0.5, 0.0, 4.2647, 0.5, 0.0, 0.0, 1.0]], ["4_17.png", [0.9314291477203369, 0.09660793840885162, 0.35086557269096375, -0.902486809095492, 0.13001057505607605, -0.9888314008712769, -0.07286745309829712, 0.20071180471283281, 0.33990734815597534, 0.11348709464073181, -0.9335864782333374, 2.5367759717518523, 0.0, 0.0, 0.0, 1.0, 4.2647, 0.0, 0.5, 0.0, 4.2647, 0.5, 0.0, 0.0, 1.0]], ["4_17_mirror.png", [0.9314291477203369, -0.09660793840885162, -0.35086557269096375, 0.902486809095492, -0.13001057505607605, -0.9888314008712769, -0.07286745309829712, 0.20071180471283281, -0.33990734815597534, 0.11348709464073181, -0.9335864782333374, 2.5367759717518523, 0.0, 0.0, 0.0, 1.0, 4.2647, 0.0, 0.5, 0.0, 4.2647, 0.5, 0.0, 0.0, 1.0]], ["4_18.png", [0.9947405457496643, -0.03167162835597992, 0.09740731120109558, -0.24465478997570342, -0.022671343758702278, -0.9954865574836731, -0.09215500950813293, 0.239796907969974, 0.09988637268543243, 0.08946197479963303, -0.9909688830375671, 2.6781787611490735, 0.0, 0.0, 0.0, 1.0, 4.2647, 0.0, 0.5, 0.0, 4.2647, 0.5, 0.0, 0.0, 1.0]], ["4_18_mirror.png", [0.9947405457496643, 0.03167162835597992, -0.09740731120109558, 0.24465478997570342, 0.022671343758702278, -0.9954865574836731, -0.09215500950813293, 0.239796907969974, -0.09988637268543243, 0.08946197479963303, -0.9909688830375671, 2.6781787611490735, 0.0, 0.0, 0.0, 1.0, 4.2647, 0.0, 0.5, 0.0, 4.2647, 0.5, 0.0, 0.0, 1.0]], ["4_19.png", [0.9992194175720215, -0.017788713797926903, 0.0352725014090538, -0.08780251916185468, -0.014673704281449318, -0.996127724647522, -0.08668455481529236, 0.2213159580496479, 0.036677923053503036, 0.08609931170940399, -0.9956111311912537, 2.689481356012977, 0.0, 0.0, 0.0, 1.0, 4.2647, 0.0, 0.5, 0.0, 4.2647, 0.5, 0.0, 0.0, 1.0]], ["4_19_mirror.png", [0.9992194175720215, 0.017788713797926903, -0.0352725014090538, 0.08780251916185468, 0.014673704281449318, -0.996127724647522, -0.08668455481529236, 0.2213159580496479, -0.036677923053503036, 0.08609931170940399, -0.9956111311912537, 2.689481356012977, 0.0, 0.0, 0.0, 1.0, 4.2647, 0.0, 0.5, 0.0, 4.2647, 0.5, 0.0, 0.0, 1.0]], ["4_2.png", [0.9026598930358887, -0.23495876789093018, 0.36055439710617065, -0.9290525169461985, -0.21106651425361633, -0.9718277454376221, -0.10488895326852798, 0.27574833843779367, 0.37504133582115173, 0.018578097224235535, -0.9268218874931335, 2.5200841800631837, 0.0, 0.0, 0.0, 1.0, 4.2647, 0.0, 0.5, 0.0, 4.2647, 0.5, 0.0, 0.0, 1.0]], ["4_2_mirror.png", [0.9026598930358887, 0.23495876789093018, -0.36055439710617065, 0.9290525169461985, 0.21106651425361633, -0.9718277454376221, -0.10488895326852798, 0.27574833843779367, -0.37504133582115173, 0.018578097224235535, -0.9268218874931335, 2.5200841800631837, 0.0, 0.0, 0.0, 1.0, 4.2647, 0.0, 0.5, 0.0, 4.2647, 0.5, 0.0, 0.0, 1.0]], ["4_3.png", [0.9852575659751892, 0.017621411010622978, 0.17016743123531342, -0.4308030804667652, 0.043005362153053284, -0.9882515072822571, -0.14666128158569336, 0.3706026314840328, 0.16558383405208588, 0.15181726217269897, -0.9744400978088379, 2.639519349312949, 0.0, 0.0, 0.0, 1.0, 4.2647, 0.0, 0.5, 0.0, 4.2647, 0.5, 0.0, 0.0, 1.0]], ["4_3_mirror.png", [0.9852575659751892, -0.017621411010622978, -0.17016743123531342, 0.4308030804667652, -0.043005362153053284, -0.9882515072822571, -0.14666128158569336, 0.3706026314840328, -0.16558383405208588, 0.15181726217269897, -0.9744400978088379, 2.639519349312949, 0.0, 0.0, 0.0, 1.0, 4.2647, 0.0, 0.5, 0.0, 4.2647, 0.5, 0.0, 0.0, 1.0]], ["4_4.png", [0.9530718326568604, -0.19625791907310486, 0.23051463067531586, -0.5897526902466274, -0.146325945854187, -0.9651947617530823, -0.21676704287528992, 0.5657026963309617, 0.2650337517261505, 0.17286427319049835, -0.9486175179481506, 2.5733581607912157, 0.0, 0.0, 0.0, 1.0, 4.2647, 0.0, 0.5, 0.0, 4.2647, 0.5, 0.0, 0.0, 1.0]], ["4_4_mirror.png", [0.9530718326568604, 0.19625791907310486, -0.23051463067531586, 0.5897526902466274, 0.146325945854187, -0.9651947617530823, -0.21676704287528992, 0.5657026963309617, -0.2650337517261505, 0.17286427319049835, -0.9486175179481506, 2.5733581607912157, 0.0, 0.0, 0.0, 1.0, 4.2647, 0.0, 0.5, 0.0, 4.2647, 0.5, 0.0, 0.0, 1.0]], ["4_5.png", [0.9239657521247864, -0.25375330448150635, 0.28617575764656067, -0.7354514987179503, -0.2259865701198578, -0.9658446907997131, -0.12678375840187073, 0.34120393917511677, 0.3085731267929077, 0.05247198045253754, -0.9497522711753845, 2.5754011269945707, 0.0, 0.0, 0.0, 1.0, 4.2647, 0.0, 0.5, 0.0, 4.2647, 0.5, 0.0, 0.0, 1.0]], ["4_5_mirror.png", [0.9239657521247864, 0.25375330448150635, -0.28617575764656067, 0.7354514987179503, 0.2259865701198578, -0.9658446907997131, -0.12678375840187073, 0.34120393917511677, -0.3085731267929077, 0.05247198045253754, -0.9497522711753845, 2.5754011269945707, 0.0, 0.0, 0.0, 1.0, 4.2647, 0.0, 0.5, 0.0, 4.2647, 0.5, 0.0, 0.0, 1.0]], ["4_6.png", [0.9649806022644043, -0.2603655457496643, 0.03197262063622475, -0.07714625101632643, -0.25267335772514343, -0.9553109407424927, -0.1534183919429779, 0.4038086012797727, 0.07048866152763367, 0.139967143535614, -0.9876439571380615, 2.668517766380168, 0.0, 0.0, 0.0, 1.0, 4.2647, 0.0, 0.5, 0.0, 4.2647, 0.5, 0.0, 0.0, 1.0]], ["4_6_mirror.png", [0.9649806022644043, 0.2603655457496643, -0.03197262063622475, 0.07714625101632643, 0.25267335772514343, -0.9553109407424927, -0.1534183919429779, 0.4038086012797727, -0.07048866152763367, 0.139967143535614, -0.9876439571380615, 2.668517766380168, 0.0, 0.0, 0.0, 1.0, 4.2647, 0.0, 0.5, 0.0, 4.2647, 0.5, 0.0, 0.0, 1.0]], ["4_7.png", [0.9138967990875244, 0.1385454684495926, 0.3815726935863495, -0.979269880020503, 0.18997065722942352, -0.9766442775726318, -0.10038435459136963, 0.2612876499819946, 0.3587529957294464, 0.16422855854034424, -0.9188717007637024, 2.502550552147053, 0.0, 0.0, 0.0, 1.0, 4.2647, 0.0, 0.5, 0.0, 4.2647, 0.5, 0.0, 0.0, 1.0]], ["4_7_mirror.png", [0.9138967990875244, -0.1385454684495926, -0.3815726935863495, 0.979269880020503, -0.18997065722942352, -0.9766442775726318, -0.10038435459136963, 0.2612876499819946, -0.3587529957294464, 0.16422855854034424, -0.9188717007637024, 2.502550552147053, 0.0, 0.0, 0.0, 1.0, 4.2647, 0.0, 0.5, 0.0, 4.2647, 0.5, 0.0, 0.0, 1.0]], ["4_8.png", [0.916806161403656, 0.06089722365140915, 0.3946617543697357, -1.0124202523949553, 0.03509865328669548, -0.9967674016952515, 0.07226873934268951, -0.18251850677640433, 0.3977869749069214, -0.05240432918071747, -0.9159799814224243, 2.4963357601141416, 0.0, 0.0, 0.0, 1.0, 4.2647, 0.0, 0.5, 0.0, 4.2647, 0.5, 0.0, 0.0, 1.0]], ["4_8_mirror.png", [0.916806161403656, -0.06089722365140915, -0.3946617543697357, 1.0124202523949553, -0.03509865328669548, -0.9967674016952515, 0.07226873934268951, -0.18251850677640433, -0.3977869749069214, -0.05240432918071747, -0.9159799814224243, 2.4963357601141416, 0.0, 0.0, 0.0, 1.0, 4.2647, 0.0, 0.5, 0.0, 4.2647, 0.5, 0.0, 0.0, 1.0]], ["4_9.png", [0.9433189630508423, 0.11293341964483261, 0.3120823800563812, -0.792951819594093, 0.11119630932807922, -0.9935225248336792, 0.0234178826212883, -0.060003124014087084, 0.31270554661750793, 0.012611877173185349, -0.9497664570808411, 2.5802377868930932, 0.0, 0.0, 0.0, 1.0, 4.2647, 0.0, 0.5, 0.0, 4.2647, 0.5, 0.0, 0.0, 1.0]], ["4_9_mirror.png", [0.9433189630508423, -0.11293341964483261, -0.3120823800563812, 0.792951819594093, -0.11119630932807922, -0.9935225248336792, 0.0234178826212883, -0.060003124014087084, -0.31270554661750793, 0.012611877173185349, -0.9497664570808411, 2.5802377868930932, 0.0, 0.0, 0.0, 1.0, 4.2647, 0.0, 0.5, 0.0, 4.2647, 0.5, 0.0, 0.0, 1.0]]]}