{"labels": [["0.png", [0.9653773307800293, -0.06681358814239502, 0.25215575098991394, -0.64579936629636, -0.018759623169898987, -0.9819212555885315, -0.18835806846618652, 0.502590580543422, 0.2601819634437561, 0.17710626125335693, -0.9491779208183289, 2.573003281544788, 0.0, 0.0, 0.0, 1.0, 4.2647, 0.0, 0.5, 0.0, 4.2647, 0.5, 0.0, 0.0, 1.0]], ["0_mirror.png", [0.9653773307800293, 0.06681358814239502, -0.25215575098991394, 0.64579936629636, 0.018759623169898987, -0.9819212555885315, -0.18835806846618652, 0.502590580543422, -0.2601819634437561, 0.17710626125335693, -0.9491779208183289, 2.573003281544788, 0.0, 0.0, 0.0, 1.0, 4.2647, 0.0, 0.5, 0.0, 4.2647, 0.5, 0.0, 0.0, 1.0]], ["1.png", [0.9418469071388245, -0.06132452189922333, 0.33039945363998413, -0.8475796021497379, -0.028465494513511658, -0.994233250617981, -0.10339225083589554, 0.28271202261988215, 0.33483463525772095, 0.0879746824502945, -0.9381611347198486, 2.5478780838740827, 0.0, 0.0, 0.0, 1.0, 4.2647, 0.0, 0.5, 0.0, 4.2647, 0.5, 0.0, 0.0, 1.0]], ["1_mirror.png", [0.9418469071388245, 0.06132452189922333, -0.33039945363998413, 0.8475796021497379, 0.028465494513511658, -0.994233250617981, -0.10339225083589554, 0.28271202261988215, -0.33483463525772095, 0.0879746824502945, -0.9381611347198486, 2.5478780838740827, 0.0, 0.0, 0.0, 1.0, 4.2647, 0.0, 0.5, 0.0, 4.2647, 0.5, 0.0, 0.0, 1.0]], ["10.png", [0.9911051988601685, -0.1111140251159668, 0.07324108481407166, -0.1867176573100504, -0.10683239996433258, -0.9924649000167847, -0.06000204384326935, 0.16434625837909209, 0.07935627549886703, 0.051643818616867065, -0.9955076575279236, 2.688517588524472, 0.0, 0.0, 0.0, 1.0, 4.2647, 0.0, 0.5, 0.0, 4.2647, 0.5, 0.0, 0.0, 1.0]], ["10_mirror.png", [0.9911051988601685, 0.1111140251159668, -0.07324108481407166, 0.1867176573100504, 0.10683239996433258, -0.9924649000167847, -0.06000204384326935, 0.16434625837909209, -0.07935627549886703, 0.051643818616867065, -0.9955076575279236, 2.688517588524472, 0.0, 0.0, 0.0, 1.0, 4.2647, 0.0, 0.5, 0.0, 4.2647, 0.5, 0.0, 0.0, 1.0]], ["11.png", [0.965647280216217, -0.20328472554683685, 0.16186608374118805, -0.407648398531237, -0.18003644049167633, -0.972557783126831, -0.14737145602703094, 0.37674089559877566, 0.18738248944282532, 0.11316706240177155, -0.9757463932037354, 2.642326452344288, 0.0, 0.0, 0.0, 1.0, 4.2647, 0.0, 0.5, 0.0, 4.2647, 0.5, 0.0, 0.0, 1.0]], ["11_mirror.png", [0.965647280216217, 0.20328472554683685, -0.16186608374118805, 0.407648398531237, 0.18003644049167633, -0.972557783126831, -0.14737145602703094, 0.37674089559877566, -0.18738248944282532, 0.11316706240177155, -0.9757463932037354, 2.642326452344288, 0.0, 0.0, 0.0, 1.0, 4.2647, 0.0, 0.5, 0.0, 4.2647, 0.5, 0.0, 0.0, 1.0]], ["12.png", [0.9000136256217957, 0.25301027297973633, 0.3549102246761322, -0.9110412879872916, 0.28444352746009827, -0.9579222202301025, -0.03842906281352043, 0.10813692740034184, 0.3302534520626068, 0.13553859293460846, -0.9341102242469788, 2.539352314373662, 0.0, 0.0, 0.0, 1.0, 4.2647, 0.0, 0.5, 0.0, 4.2647, 0.5, 0.0, 0.0, 1.0]], ["12_mirror.png", [0.9000136256217957, -0.25301027297973633, -0.3549102246761322, 0.9110412879872916, -0.28444352746009827, -0.9579222202301025, -0.03842906281352043, 0.10813692740034184, -0.3302534520626068, 0.13553859293460846, -0.9341102242469788, 2.539352314373662, 0.0, 0.0, 0.0, 1.0, 4.2647, 0.0, 0.5, 0.0, 4.2647, 0.5, 0.0, 0.0, 1.0]], ["13.png", [0.8978090286254883, 0.059436917304992676, 0.4363555610179901, -1.1223280972283545, 0.09016749262809753, -0.9946689605712891, -0.050035182386636734, 0.13870964456003784, 0.4310553967952728, 0.08426712453365326, -0.8983820676803589, 2.4517624837405867, 0.0, 0.0, 0.0, 1.0, 4.2647, 0.0, 0.5, 0.0, 4.2647, 0.5, 0.0, 0.0, 1.0]], ["13_mirror.png", [0.8978090286254883, -0.059436917304992676, -0.4363555610179901, 1.1223280972283545, -0.09016749262809753, -0.9946689605712891, -0.050035182386636734, 0.13870964456003784, -0.4310553967952728, 0.08426712453365326, -0.8983820676803589, 2.4517624837405867, 0.0, 0.0, 0.0, 1.0, 4.2647, 0.0, 0.5, 0.0, 4.2647, 0.5, 0.0, 0.0, 1.0]], ["14.png", [0.9824193716049194, -0.018199248239398003, -0.1857982575893402, 0.47635635640514273, -0.010033536702394485, -0.9989457726478577, 0.04479547590017319, -0.11233959385786013, -0.1864176243543625, -0.04214372858405113, -0.981566309928894, 2.6552710666454127, 0.0, 0.0, 0.0, 1.0, 4.2647, 0.0, 0.5, 0.0, 4.2647, 0.5, 0.0, 0.0, 1.0]], ["14_mirror.png", [0.9824193716049194, 0.018199248239398003, 0.1857982575893402, -0.47635635640514273, 0.010033536702394485, -0.9989457726478577, 0.04479547590017319, -0.11233959385786013, 0.1864176243543625, -0.04214372858405113, -0.981566309928894, 2.6552710666454127, 0.0, 0.0, 0.0, 1.0, 4.2647, 0.0, 0.5, 0.0, 4.2647, 0.5, 0.0, 0.0, 1.0]], ["15.png", [0.976797878742218, -0.036488763988018036, 0.21103183925151825, -0.5385615758943183, -0.008273238316178322, -0.9910722374916077, -0.13306865096092224, 0.3428234979720049, 0.214003324508667, 0.12823525071144104, -0.9683792591094971, 2.6234373402481843, 0.0, 0.0, 0.0, 1.0, 4.2647, 0.0, 0.5, 0.0, 4.2647, 0.5, 0.0, 0.0, 1.0]], ["15_mirror.png", [0.976797878742218, 0.036488763988018036, -0.21103183925151825, 0.5385615758943183, 0.008273238316178322, -0.9910722374916077, -0.13306865096092224, 0.3428234979720049, -0.214003324508667, 0.12823525071144104, -0.9683792591094971, 2.6234373402481843, 0.0, 0.0, 0.0, 1.0, 4.2647, 0.0, 0.5, 0.0, 4.2647, 0.5, 0.0, 0.0, 1.0]], ["16.png", [0.9493570923805237, -0.12783282995224, 0.28701892495155334, -0.7337810486947429, -0.14697417616844177, -0.9880667924880981, 0.046072281897068024, -0.11670482673690895, 0.27770429849624634, -0.08592341840267181, -0.9568163156509399, 2.5957552573370153, 0.0, 0.0, 0.0, 1.0, 4.2647, 0.0, 0.5, 0.0, 4.2647, 0.5, 0.0, 0.0, 1.0]], ["16_mirror.png", [0.9493570923805237, 0.12783282995224, -0.28701892495155334, 0.7337810486947429, 0.14697417616844177, -0.9880667924880981, 0.046072281897068024, -0.11670482673690895, -0.27770429849624634, -0.08592341840267181, -0.9568163156509399, 2.5957552573370153, 0.0, 0.0, 0.0, 1.0, 4.2647, 0.0, 0.5, 0.0, 4.2647, 0.5, 0.0, 0.0, 1.0]], ["17.png", [0.9517741203308105, 0.05997582525014877, 0.30088040232658386, -0.771227915570673, 0.04014042392373085, -0.9966193437576294, 0.07168447226285934, -0.17078046840837868, 0.3041625916957855, -0.056149955838918686, -0.9509639143943787, 2.581867838185125, 0.0, 0.0, 0.0, 1.0, 4.2647, 0.0, 0.5, 0.0, 4.2647, 0.5, 0.0, 0.0, 1.0]], ["17_mirror.png", [0.9517741203308105, -0.05997582525014877, -0.30088040232658386, 0.771227915570673, -0.04014042392373085, -0.9966193437576294, 0.07168447226285934, -0.17078046840837868, -0.3041625916957855, -0.056149955838918686, -0.9509639143943787, 2.581867838185125, 0.0, 0.0, 0.0, 1.0, 4.2647, 0.0, 0.5, 0.0, 4.2647, 0.5, 0.0, 0.0, 1.0]], ["18.png", [0.9851227402687073, -0.17141924798488617, 0.01218663901090622, -0.025975914665702794, -0.17000925540924072, -0.9824632406234741, -0.07656848430633545, 0.20321013525665285, 0.02509823627769947, 0.07335751503705978, -0.9969898462295532, 2.692216724705917, 0.0, 0.0, 0.0, 1.0, 4.2647, 0.0, 0.5, 0.0, 4.2647, 0.5, 0.0, 0.0, 1.0]], ["18_mirror.png", [0.9851227402687073, 0.17141924798488617, -0.01218663901090622, 0.025975914665702794, 0.17000925540924072, -0.9824632406234741, -0.07656848430633545, 0.20321013525665285, -0.02509823627769947, 0.07335751503705978, -0.9969898462295532, 2.692216724705917, 0.0, 0.0, 0.0, 1.0, 4.2647, 0.0, 0.5, 0.0, 4.2647, 0.5, 0.0, 0.0, 1.0]], ["19.png", [0.9203609824180603, 0.14148417115211487, 0.36457911133766174, -0.9356162705414506, 0.09363612532615662, -0.9848693609237671, 0.14582404494285583, -0.3616693935079306, 0.3796945810317993, -0.10007299482822418, -0.9196833372116089, 2.506754364531498, 0.0, 0.0, 0.0, 1.0, 4.2647, 0.0, 0.5, 0.0, 4.2647, 0.5, 0.0, 0.0, 1.0]], ["19_mirror.png", [0.9203609824180603, -0.14148417115211487, -0.36457911133766174, 0.9356162705414506, -0.09363612532615662, -0.9848693609237671, 0.14582404494285583, -0.3616693935079306, -0.3796945810317993, -0.10007299482822418, -0.9196833372116089, 2.506754364531498, 0.0, 0.0, 0.0, 1.0, 4.2647, 0.0, 0.5, 0.0, 4.2647, 0.5, 0.0, 0.0, 1.0]], ["2.png", [0.9865832328796387, -0.154043510556221, 0.054074760526418686, -0.13975045597044192, -0.15316778421401978, -0.9879975914955139, -0.020006775856018066, 0.054552844416051266, 0.056507647037506104, 0.011455838568508625, -0.9983364343643188, 2.6958289629021666, 0.0, 0.0, 0.0, 1.0, 4.2647, 0.0, 0.5, 0.0, 4.2647, 0.5, 0.0, 0.0, 1.0]], ["2_mirror.png", [0.9865832328796387, 0.154043510556221, -0.054074760526418686, 0.13975045597044192, 0.15316778421401978, -0.9879975914955139, -0.020006775856018066, 0.054552844416051266, -0.056507647037506104, 0.011455838568508625, -0.9983364343643188, 2.6958289629021666, 0.0, 0.0, 0.0, 1.0, 4.2647, 0.0, 0.5, 0.0, 4.2647, 0.5, 0.0, 0.0, 1.0]], ["3.png", [0.9724038243293762, -0.1599743515253067, 0.1698203831911087, -0.42837938448250396, -0.14881032705307007, -0.9858919978141785, -0.07663215696811676, 0.20121881199255573, 0.17968373000621796, 0.04924638569355011, -0.9824909567832947, 2.6581952698495828, 0.0, 0.0, 0.0, 1.0, 4.2647, 0.0, 0.5, 0.0, 4.2647, 0.5, 0.0, 0.0, 1.0]], ["3_mirror.png", [0.9724038243293762, 0.1599743515253067, -0.1698203831911087, 0.42837938448250396, 0.14881032705307007, -0.9858919978141785, -0.07663215696811676, 0.20121881199255573, -0.17968373000621796, 0.04924638569355011, -0.9824909567832947, 2.6581952698495828, 0.0, 0.0, 0.0, 1.0, 4.2647, 0.0, 0.5, 0.0, 4.2647, 0.5, 0.0, 0.0, 1.0]], ["4.png", [0.934384822845459, -0.09413978457450867, 0.34360256791114807, -0.881260597537482, -0.01845349371433258, -0.9759509563446045, -0.21720778942108154, 0.5619200968758343, 0.35578712821006775, 0.19661499559879303, -0.9136509299278259, 2.4895030757070646, 0.0, 0.0, 0.0, 1.0, 4.2647, 0.0, 0.5, 0.0, 4.2647, 0.5, 0.0, 0.0, 1.0]], ["4_mirror.png", [0.934384822845459, 0.09413978457450867, -0.34360256791114807, 0.881260597537482, 0.01845349371433258, -0.9759509563446045, -0.21720778942108154, 0.5619200968758343, -0.35578712821006775, 0.19661499559879303, -0.9136509299278259, 2.4895030757070646, 0.0, 0.0, 0.0, 1.0, 4.2647, 0.0, 0.5, 0.0, 4.2647, 0.5, 0.0, 0.0, 1.0]], ["5.png", [0.9040132761001587, 0.2362782508134842, 0.35627591609954834, -0.9137618021735128, 0.19790928065776825, -0.970008134841919, 0.14112435281276703, -0.35300569267355064, 0.37893515825271606, -0.05706797540187836, -0.9236618876457214, 2.5160338530768387, 0.0, 0.0, 0.0, 1.0, 4.2647, 0.0, 0.5, 0.0, 4.2647, 0.5, 0.0, 0.0, 1.0]], ["5_mirror.png", [0.9040132761001587, -0.2362782508134842, -0.35627591609954834, 0.9137618021735128, -0.19790928065776825, -0.970008134841919, 0.14112435281276703, -0.35300569267355064, -0.37893515825271606, -0.05706797540187836, -0.9236618876457214, 2.5160338530768387, 0.0, 0.0, 0.0, 1.0, 4.2647, 0.0, 0.5, 0.0, 4.2647, 0.5, 0.0, 0.0, 1.0]], ["6.png", [0.9371553659439087, -0.1977483332157135, 0.28746387362480164, -0.7385271855567845, -0.14637383818626404, -0.9707013368606567, -0.1905614584684372, 0.5085032450607295, 0.3167247772216797, 0.1365084946155548, -0.9386430978775024, 2.546763052574048, 0.0, 0.0, 0.0, 1.0, 4.2647, 0.0, 0.5, 0.0, 4.2647, 0.5, 0.0, 0.0, 1.0]], ["6_mirror.png", [0.9371553659439087, 0.1977483332157135, -0.28746387362480164, 0.7385271855567845, 0.14637383818626404, -0.9707013368606567, -0.1905614584684372, 0.5085032450607295, -0.3167247772216797, 0.1365084946155548, -0.9386430978775024, 2.546763052574048, 0.0, 0.0, 0.0, 1.0, 4.2647, 0.0, 0.5, 0.0, 4.2647, 0.5, 0.0, 0.0, 1.0]], ["7.png", [0.9816867709159851, -0.16163703799247742, 0.1008194237947464, -0.2504919828661607, -0.16081762313842773, -0.9868502020835876, -0.016256920993328094, 0.05035307787768834, 0.10212138295173645, -0.0002543386071920395, -0.9947718977928162, 2.6878836161686803, 0.0, 0.0, 0.0, 1.0, 4.2647, 0.0, 0.5, 0.0, 4.2647, 0.5, 0.0, 0.0, 1.0]], ["7_mirror.png", [0.9816867709159851, 0.16163703799247742, -0.1008194237947464, 0.2504919828661607, 0.16081762313842773, -0.9868502020835876, -0.016256920993328094, 0.05035307787768834, -0.10212138295173645, -0.0002543386071920395, -0.9947718977928162, 2.6878836161686803, 0.0, 0.0, 0.0, 1.0, 4.2647, 0.0, 0.5, 0.0, 4.2647, 0.5, 0.0, 0.0, 1.0]], ["8.png", [0.9197198152542114, -0.03630576282739639, 0.3908931612968445, -0.9982526564220205, 0.012182176113128662, -0.9925955533981323, -0.12085431814193726, 0.31693441941801437, 0.3923864960670471, 0.11591403186321259, -0.9124674201011658, 2.4885827709229495, 0.0, 0.0, 0.0, 1.0, 4.2647, 0.0, 0.5, 0.0, 4.2647, 0.5, 0.0, 0.0, 1.0]], ["8_mirror.png", [0.9197198152542114, 0.03630576282739639, -0.3908931612968445, 0.9982526564220205, -0.012182176113128662, -0.9925955533981323, -0.12085431814193726, 0.31693441941801437, -0.3923864960670471, 0.11591403186321259, -0.9124674201011658, 2.4885827709229495, 0.0, 0.0, 0.0, 1.0, 4.2647, 0.0, 0.5, 0.0, 4.2647, 0.5, 0.0, 0.0, 1.0]], ["9.png", [0.9329786896705627, -0.10362018644809723, 0.3446935713291168, -0.8841885447196441, -0.08138110488653183, -0.9935934543609619, -0.07841603457927704, 0.2062869347084613, 0.35061076283454895, 0.04510894790291786, -0.9354342818260193, 2.542765486228556, 0.0, 0.0, 0.0, 1.0, 4.2647, 0.0, 0.5, 0.0, 4.2647, 0.5, 0.0, 0.0, 1.0]], ["9_mirror.png", [0.9329786896705627, 0.10362018644809723, -0.3446935713291168, 0.8841885447196441, 0.08138110488653183, -0.9935934543609619, -0.07841603457927704, 0.2062869347084613, -0.35061076283454895, 0.04510894790291786, -0.9354342818260193, 2.542765486228556, 0.0, 0.0, 0.0, 1.0, 4.2647, 0.0, 0.5, 0.0, 4.2647, 0.5, 0.0, 0.0, 1.0]]]}