{"labels": [["0_13.png", [0.9994491338729858, -0.03305289149284363, -0.0029860215727239847, 0.0052058352234883466, -0.03317772224545479, -0.9929189085960388, -0.11406714469194412, 0.2924828035217158, 0.0008053716737776995, 0.11410337686538696, -0.9934685230255127, 2.6841063147579876, 0.0, 0.0, 0.0, 1.0, 4.2647, 0.0, 0.5, 0.0, 4.2647, 0.5, 0.0, 0.0, 1.0]], ["2_7.png", [0.9826832413673401, 0.0708920806646347, 0.17119544744491577, -0.4336597221924291, 0.08970683068037033, -0.9904405474662781, -0.104786716401577, 0.2715318180400987, 0.16213035583496094, 0.11832956224679947, -0.9796488285064697, 2.651077086231146, 0.0, 0.0, 0.0, 1.0, 4.2647, 0.0, 0.5, 0.0, 4.2647, 0.5, 0.0, 0.0, 1.0]], ["1_13.png", [0.9920929670333862, -0.012557360343635082, 0.1248752549290657, -0.31599504932816064, -0.008081963285803795, -0.9993089437484741, -0.03628120198845863, 0.09322086260015587, 0.12524454295635223, 0.03498509153723717, -0.9915088415145874, 2.679824061310029, 0.0, 0.0, 0.0, 1.0, 4.2647, 0.0, 0.5, 0.0, 4.2647, 0.5, 0.0, 0.0, 1.0]]]}