{"labels": [["0_15.png", [0.9845702052116394, -0.06244451552629471, 0.16346943378448486, -0.41783556024445173, -0.03779266029596329, -0.9879958629608154, -0.1497858166694641, 0.3746967085563246, 0.1708604246377945, 0.14129669964313507, -0.9751112461090088, 2.641025524524945, 0.0, 0.0, 0.0, 1.0, 4.2647, 0.0, 0.5, 0.0, 4.2647, 0.5, 0.0, 0.0, 1.0]], ["0_6.png", [0.8363486528396606, 0.051226500421762466, 0.5457992553710938, -1.385342279961675, 0.10780424624681473, -0.9915521144866943, -0.07212942093610764, 0.18349512303817364, 0.5374934673309326, 0.11916482448577881, -0.8348056674003601, 2.3102286266020933, 0.0, 0.0, 0.0, 1.0, 4.2647, 0.0, 0.5, 0.0, 4.2647, 0.5, 0.0, 0.0, 1.0]], ["0_5.png", [0.9263092875480652, -0.11378487944602966, 0.3591715395450592, -0.9089838788474778, -0.057633839547634125, -0.9848800897598267, -0.1633695662021637, 0.4090200088549575, 0.37232986092567444, 0.13063031435012817, -0.9188613891601562, 2.5092729904001447, 0.0, 0.0, 0.0, 1.0, 4.2647, 0.0, 0.5, 0.0, 4.2647, 0.5, 0.0, 0.0, 1.0]]]}