{"labels": [["5_18.png", [0.9971381425857544, -0.07541011273860931, 0.005373885855078697, -0.014021799854685909, -0.07557705789804459, -0.9960979223251343, 0.045574288815259933, -0.118596939264188, 0.001916154520586133, -0.0458500012755394, -0.998946487903595, 2.697357624625627, 0.0, 0.0, 0.0, 1.0, 4.2647, 0.0, 0.5, 0.0, 4.2647, 0.5, 0.0, 0.0, 1.0]], ["5_15.png", [0.9954574704170227, -0.06469891220331192, -0.06984516233205795, 0.1756174597023318, -0.06924977898597717, -0.9954906105995178, -0.06482990831136703, 0.16379719905612866, -0.06533577293157578, 0.06937218457460403, -0.9954490065574646, 2.689298976579039, 0.0, 0.0, 0.0, 1.0, 4.2647, 0.0, 0.5, 0.0, 4.2647, 0.5, 0.0, 0.0, 1.0]], ["4_16.png", [0.9823943972587585, -0.08874692767858505, 0.16439373791217804, -0.41959585959981516, -0.07930634170770645, -0.9948487281799316, -0.06313902884721756, 0.17103987463454107, 0.16915027797222137, 0.04898995906114578, -0.9843719601631165, 2.6617070980653925, 0.0, 0.0, 0.0, 1.0, 4.2647, 0.0, 0.5, 0.0, 4.2647, 0.5, 0.0, 0.0, 1.0]]]}