{"labels": [["2_15.png", [0.9970424771308899, -0.06056054309010506, -0.04731563478708267, 0.11660895866854869, -0.06013044714927673, -0.9981357455253601, 0.010462408885359764, -0.02935030123385272, -0.04786103591322899, -0.007586355321109295, -0.998825192451477, 2.6973210618270347, 0.0, 0.0, 0.0, 1.0, 4.2647, 0.0, 0.5, 0.0, 4.2647, 0.5, 0.0, 0.0, 1.0]], ["2_8.png", [0.9876202940940857, 0.0158153735101223, -0.15606386959552765, 0.3970078458295215, -0.03345469385385513, -0.9507776498794556, -0.3080626130104065, 0.7868438691463195, -0.1532541662454605, 0.30946996808052063, -0.9384782910346985, 2.5521092249229174, 0.0, 0.0, 0.0, 1.0, 4.2647, 0.0, 0.5, 0.0, 4.2647, 0.5, 0.0, 0.0, 1.0]], ["1_19.png", [0.9991080164909363, -0.03941578045487404, -0.015148530714213848, 0.03366546251101692, -0.03785789757966995, -0.9950270056724548, 0.09213005006313324, -0.23293899145283806, -0.018704576417803764, -0.09147438406944275, -0.995631754398346, 2.6897223021893644, 0.0, 0.0, 0.0, 1.0, 4.2647, 0.0, 0.5, 0.0, 4.2647, 0.5, 0.0, 0.0, 1.0]]]}