{"labels": [["2_9.png", [0.9790921211242676, -0.11361061781644821, -0.1687341034412384, 0.42948843292393557, -0.134108766913414, -0.9842133522033691, -0.11549381166696548, 0.2995432682082471, -0.15294905006885529, 0.1357077956199646, -0.9788718223571777, 2.648738098879477, 0.0, 0.0, 0.0, 1.0, 4.2647, 0.0, 0.5, 0.0, 4.2647, 0.5, 0.0, 0.0, 1.0]], ["2_8.png", [0.9814050793647766, -0.17793060839176178, -0.07200590521097183, 0.18529977242527007, -0.17760226130485535, -0.9840409755706787, 0.010988797061145306, -0.01644286287930051, -0.07281200587749481, 0.0020039500668644905, -0.9973437190055847, 2.693583788672533, 0.0, 0.0, 0.0, 1.0, 4.2647, 0.0, 0.5, 0.0, 4.2647, 0.5, 0.0, 0.0, 1.0]], ["1_19.png", [0.8762990832328796, 0.061440546065568924, -0.47783368825912476, 1.222941593192974, -0.00822485238313675, -0.9897820353507996, -0.1423511505126953, 0.37525839387682547, -0.48169735074043274, 0.1286722868680954, -0.8668397068977356, 2.377728957947818, 0.0, 0.0, 0.0, 1.0, 4.2647, 0.0, 0.5, 0.0, 4.2647, 0.5, 0.0, 0.0, 1.0]]]}