{"labels": [["5_2.png", [0.9992856979370117, -0.002550750970840454, 0.037703096866607666, -0.09681104747411062, 0.004882812034338713, -0.9806399941444397, -0.19575826823711395, 0.5057498028677007, 0.037472497671842575, 0.19580253958702087, -0.979927122592926, 2.6504423702443045, 0.0, 0.0, 0.0, 1.0, 4.2647, 0.0, 0.5, 0.0, 4.2647, 0.5, 0.0, 0.0, 1.0]], ["5_8.png", [0.8891415596008301, -0.10645654052495956, 0.4450778067111969, -1.1406491706452397, -0.08485069870948792, -0.9940530061721802, -0.06825584173202515, 0.18055152173982927, 0.44969722628593445, 0.02292393520474434, -0.8928868174552917, 2.4405574399107595, 0.0, 0.0, 0.0, 1.0, 4.2647, 0.0, 0.5, 0.0, 4.2647, 0.5, 0.0, 0.0, 1.0]], ["5_12.png", [0.9703754186630249, 0.05333687737584114, 0.23564119637012482, -0.6045022102538904, 0.04554479569196701, -0.9982243180274963, 0.03839149326086044, -0.08924164659759456, 0.23727045953273773, -0.02652193047106266, -0.971081554889679, 2.6299454378961387, 0.0, 0.0, 0.0, 1.0, 4.2647, 0.0, 0.5, 0.0, 4.2647, 0.5, 0.0, 0.0, 1.0]]]}