{"labels": [["6_0.png", [0.9748972654342651, 0.08314669877290726, 0.20654787123203278, -0.5280495063211731, 0.13115450739860535, -0.96408611536026, -0.2309468686580658, 0.5877756853200105, 0.17992746829986572, 0.2522391378879547, -0.9507899880409241, 2.5817984938063154, 0.0, 0.0, 0.0, 1.0, 4.2647, 0.0, 0.5, 0.0, 4.2647, 0.5, 0.0, 0.0, 1.0]], ["6_0_mirror.png", [0.9748972654342651, -0.08314669877290726, -0.20654787123203278, 0.5280495063211731, -0.13115450739860535, -0.96408611536026, -0.2309468686580658, 0.5877756853200105, -0.17992746829986572, 0.2522391378879547, -0.9507899880409241, 2.5817984938063154, 0.0, 0.0, 0.0, 1.0, 4.2647, 0.0, 0.5, 0.0, 4.2647, 0.5, 0.0, 0.0, 1.0]], ["6_1.png", [0.9720179438591003, -0.014967706054449081, 0.23442921042442322, -0.6057831871479168, -0.020310208201408386, -0.999585747718811, 0.020391572266817093, -0.046566455528926014, 0.23402687907218933, -0.024582279846072197, -0.9719193577766418, 2.630752420009984, 0.0, 0.0, 0.0, 1.0, 4.2647, 0.0, 0.5, 0.0, 4.2647, 0.5, 0.0, 0.0, 1.0]], ["6_1_mirror.png", [0.9720179438591003, 0.014967706054449081, -0.23442921042442322, 0.6057831871479168, 0.020310208201408386, -0.999585747718811, 0.020391572266817093, -0.046566455528926014, -0.23402687907218933, -0.024582279846072197, -0.9719193577766418, 2.630752420009984, 0.0, 0.0, 0.0, 1.0, 4.2647, 0.0, 0.5, 0.0, 4.2647, 0.5, 0.0, 0.0, 1.0]], ["6_10.png", [0.9833409786224365, 0.10553987324237823, 0.1479928195476532, -0.3821081239202828, 0.12065546214580536, -0.9879276752471924, -0.09716480225324631, 0.25342952883175573, 0.1359514594078064, 0.11340226978063583, -0.9842038154602051, 2.6607831282444345, 0.0, 0.0, 0.0, 1.0, 4.2647, 0.0, 0.5, 0.0, 4.2647, 0.5, 0.0, 0.0, 1.0]], ["6_10_mirror.png", [0.9833409786224365, -0.10553987324237823, -0.1479928195476532, 0.3821081239202828, -0.12065546214580536, -0.9879276752471924, -0.09716480225324631, 0.25342952883175573, -0.1359514594078064, 0.11340226978063583, -0.9842038154602051, 2.6607831282444345, 0.0, 0.0, 0.0, 1.0, 4.2647, 0.0, 0.5, 0.0, 4.2647, 0.5, 0.0, 0.0, 1.0]], ["6_11.png", [0.9198146462440491, 0.06099754199385643, 0.3875826299190521, -0.991443139379184, 0.06423307955265045, -0.997924268245697, 0.004614243749529123, -0.014228665983745269, 0.38705959916114807, 0.020651377737522125, -0.9218233823776245, 2.5113418816326605, 0.0, 0.0, 0.0, 1.0, 4.2647, 0.0, 0.5, 0.0, 4.2647, 0.5, 0.0, 0.0, 1.0]], ["6_11_mirror.png", [0.9198146462440491, -0.06099754199385643, -0.3875826299190521, 0.991443139379184, -0.06423307955265045, -0.997924268245697, 0.004614243749529123, -0.014228665983745269, -0.38705959916114807, 0.020651377737522125, -0.9218233823776245, 2.5113418816326605, 0.0, 0.0, 0.0, 1.0, 4.2647, 0.0, 0.5, 0.0, 4.2647, 0.5, 0.0, 0.0, 1.0]], ["6_12.png", [0.9862725138664246, 0.0008859679219312966, 0.16512319445610046, -0.4219938764887383, 0.03909604251384735, -0.9728057384490967, -0.2282991260290146, 0.5838139822851915, 0.16043052077293396, 0.23162083327770233, -0.9594862461090088, 2.602130358436009, 0.0, 0.0, 0.0, 1.0, 4.2647, 0.0, 0.5, 0.0, 4.2647, 0.5, 0.0, 0.0, 1.0]], ["6_12_mirror.png", [0.9862725138664246, -0.0008859679219312966, -0.16512319445610046, 0.4219938764887383, -0.03909604251384735, -0.9728057384490967, -0.2282991260290146, 0.5838139822851915, -0.16043052077293396, 0.23162083327770233, -0.9594862461090088, 2.602130358436009, 0.0, 0.0, 0.0, 1.0, 4.2647, 0.0, 0.5, 0.0, 4.2647, 0.5, 0.0, 0.0, 1.0]], ["6_13.png", [0.9205721616744995, 0.053324103355407715, 0.3869152367115021, -0.9910140275768822, 0.11144319176673889, -0.9853156805038452, -0.12935759127140045, 0.3275955277740029, 0.37433576583862305, 0.16220207512378693, -0.912996768951416, 2.490094851070601, 0.0, 0.0, 0.0, 1.0, 4.2647, 0.0, 0.5, 0.0, 4.2647, 0.5, 0.0, 0.0, 1.0]], ["6_13_mirror.png", [0.9205721616744995, -0.053324103355407715, -0.3869152367115021, 0.9910140275768822, -0.11144319176673889, -0.9853156805038452, -0.12935759127140045, 0.3275955277740029, -0.37433576583862305, 0.16220207512378693, -0.912996768951416, 2.490094851070601, 0.0, 0.0, 0.0, 1.0, 4.2647, 0.0, 0.5, 0.0, 4.2647, 0.5, 0.0, 0.0, 1.0]], ["6_14.png", [0.933634340763092, 0.20882883667945862, 0.2910625636577606, -0.7373486482173749, 0.2276158630847931, -0.9732298254966736, -0.03185408562421799, 0.07763196356567242, 0.27661874890327454, 0.09599052369594574, -0.9561735987663269, 2.596206896455856, 0.0, 0.0, 0.0, 1.0, 4.2647, 0.0, 0.5, 0.0, 4.2647, 0.5, 0.0, 0.0, 1.0]], ["6_14_mirror.png", [0.933634340763092, -0.20882883667945862, -0.2910625636577606, 0.7373486482173749, -0.2276158630847931, -0.9732298254966736, -0.03185408562421799, 0.07763196356567242, -0.27661874890327454, 0.09599052369594574, -0.9561735987663269, 2.596206896455856, 0.0, 0.0, 0.0, 1.0, 4.2647, 0.0, 0.5, 0.0, 4.2647, 0.5, 0.0, 0.0, 1.0]], ["6_15.png", [0.9369043111801147, -0.12421076744794846, 0.32677513360977173, -0.8349494755413395, -0.09706957638263702, -0.990425169467926, -0.09816095232963562, 0.24535928457985898, 0.3358389437198639, 0.06024749577045441, -0.9399906396865845, 2.5559065309129956, 0.0, 0.0, 0.0, 1.0, 4.2647, 0.0, 0.5, 0.0, 4.2647, 0.5, 0.0, 0.0, 1.0]], ["6_15_mirror.png", [0.9369043111801147, 0.12421076744794846, -0.32677513360977173, 0.8349494755413395, 0.09706957638263702, -0.990425169467926, -0.09816095232963562, 0.24535928457985898, -0.3358389437198639, 0.06024749577045441, -0.9399906396865845, 2.5559065309129956, 0.0, 0.0, 0.0, 1.0, 4.2647, 0.0, 0.5, 0.0, 4.2647, 0.5, 0.0, 0.0, 1.0]], ["6_16.png", [0.9916506409645081, 0.006189200561493635, 0.12880469858646393, -0.3276232975303616, 0.040277149528265, -0.963741660118103, -0.26377972960472107, 0.6705725861451267, 0.12250187247991562, 0.26676520705223083, -0.9559443593025208, 2.5948016073730895, 0.0, 0.0, 0.0, 1.0, 4.2647, 0.0, 0.5, 0.0, 4.2647, 0.5, 0.0, 0.0, 1.0]], ["6_16_mirror.png", [0.9916506409645081, -0.006189200561493635, -0.12880469858646393, 0.3276232975303616, -0.040277149528265, -0.963741660118103, -0.26377972960472107, 0.6705725861451267, -0.12250187247991562, 0.26676520705223083, -0.9559443593025208, 2.5948016073730895, 0.0, 0.0, 0.0, 1.0, 4.2647, 0.0, 0.5, 0.0, 4.2647, 0.5, 0.0, 0.0, 1.0]], ["6_17.png", [0.952965497970581, 0.01836518757045269, 0.30252188444137573, -0.7775125903747174, 0.09299297630786896, -0.9677339196205139, -0.2341863214969635, 0.5940966018047567, 0.288459837436676, 0.25130388140678406, -0.9239249229431152, 2.5164505557496732, 0.0, 0.0, 0.0, 1.0, 4.2647, 0.0, 0.5, 0.0, 4.2647, 0.5, 0.0, 0.0, 1.0]], ["6_17_mirror.png", [0.952965497970581, -0.01836518757045269, -0.30252188444137573, 0.7775125903747174, -0.09299297630786896, -0.9677339196205139, -0.2341863214969635, 0.5940966018047567, -0.288459837436676, 0.25130388140678406, -0.9239249229431152, 2.5164505557496732, 0.0, 0.0, 0.0, 1.0, 4.2647, 0.0, 0.5, 0.0, 4.2647, 0.5, 0.0, 0.0, 1.0]], ["6_18.png", [0.9775435328483582, 0.057450052350759506, 0.2027512639760971, -0.5164268595641857, 0.11872044205665588, -0.94504714012146, -0.3046166002750397, 0.7746211846438243, 0.17410926520824432, 0.32184669375419617, -0.9306452870368958, 2.534416169262987, 0.0, 0.0, 0.0, 1.0, 4.2647, 0.0, 0.5, 0.0, 4.2647, 0.5, 0.0, 0.0, 1.0]], ["6_18_mirror.png", [0.9775435328483582, -0.057450052350759506, -0.2027512639760971, 0.5164268595641857, -0.11872044205665588, -0.94504714012146, -0.3046166002750397, 0.7746211846438243, -0.17410926520824432, 0.32184669375419617, -0.9306452870368958, 2.534416169262987, 0.0, 0.0, 0.0, 1.0, 4.2647, 0.0, 0.5, 0.0, 4.2647, 0.5, 0.0, 0.0, 1.0]], ["6_19.png", [0.9837835431098938, 0.027722032740712166, 0.17720423638820648, -0.4549765723266499, 0.07500773668289185, -0.9610295295715332, -0.26607537269592285, 0.673975024648692, 0.16292233765125275, 0.2750522792339325, -0.9475244283676147, 2.57463667044181, 0.0, 0.0, 0.0, 1.0, 4.2647, 0.0, 0.5, 0.0, 4.2647, 0.5, 0.0, 0.0, 1.0]], ["6_19_mirror.png", [0.9837835431098938, -0.027722032740712166, -0.17720423638820648, 0.4549765723266499, -0.07500773668289185, -0.9610295295715332, -0.26607537269592285, 0.673975024648692, -0.16292233765125275, 0.2750522792339325, -0.9475244283676147, 2.57463667044181, 0.0, 0.0, 0.0, 1.0, 4.2647, 0.0, 0.5, 0.0, 4.2647, 0.5, 0.0, 0.0, 1.0]], ["6_2.png", [0.9130688309669495, 0.03455224260687828, 0.4063390791416168, -1.0417445632849307, 0.10032130777835846, -0.9848149418830872, -0.1416863352060318, 0.36988247158799176, 0.39527323842048645, 0.17013384401798248, -0.9026702642440796, 2.4633219891192155, 0.0, 0.0, 0.0, 1.0, 4.2647, 0.0, 0.5, 0.0, 4.2647, 0.5, 0.0, 0.0, 1.0]], ["6_2_mirror.png", [0.9130688309669495, -0.03455224260687828, -0.4063390791416168, 1.0417445632849307, -0.10032130777835846, -0.9848149418830872, -0.1416863352060318, 0.36988247158799176, -0.39527323842048645, 0.17013384401798248, -0.9026702642440796, 2.4633219891192155, 0.0, 0.0, 0.0, 1.0, 4.2647, 0.0, 0.5, 0.0, 4.2647, 0.5, 0.0, 0.0, 1.0]], ["6_3.png", [0.9150250554084778, 0.03452741727232933, 0.4019166827201843, -1.0334317751556434, 0.103401780128479, -0.9831180572509766, -0.15095338225364685, 0.39514893415048097, 0.3899195194244385, 0.17968502640724182, -0.90314781665802, 2.462899934211375, 0.0, 0.0, 0.0, 1.0, 4.2647, 0.0, 0.5, 0.0, 4.2647, 0.5, 0.0, 0.0, 1.0]], ["6_3_mirror.png", [0.9150250554084778, -0.03452741727232933, -0.4019166827201843, 1.0334317751556434, -0.103401780128479, -0.9831180572509766, -0.15095338225364685, 0.39514893415048097, -0.3899195194244385, 0.17968502640724182, -0.90314781665802, 2.462899934211375, 0.0, 0.0, 0.0, 1.0, 4.2647, 0.0, 0.5, 0.0, 4.2647, 0.5, 0.0, 0.0, 1.0]], ["6_4.png", [0.970356822013855, 0.013814400881528854, 0.24128155410289764, -0.615191415346725, 0.08929508924484253, -0.9482125043869019, -0.304826945066452, 0.7720023744124134, 0.2245751917362213, 0.31733614206314087, -0.9213380813598633, 2.5130761740117014, 0.0, 0.0, 0.0, 1.0, 4.2647, 0.0, 0.5, 0.0, 4.2647, 0.5, 0.0, 0.0, 1.0]], ["6_4_mirror.png", [0.970356822013855, -0.013814400881528854, -0.24128155410289764, 0.615191415346725, -0.08929508924484253, -0.9482125043869019, -0.304826945066452, 0.7720023744124134, -0.2245751917362213, 0.31733614206314087, -0.9213380813598633, 2.5130761740117014, 0.0, 0.0, 0.0, 1.0, 4.2647, 0.0, 0.5, 0.0, 4.2647, 0.5, 0.0, 0.0, 1.0]], ["6_5.png", [0.9772703647613525, -0.07531365007162094, 0.1981678307056427, -0.5115429936590924, 0.0032510682940483093, -0.9293339848518372, -0.36922594904899597, 0.9472684098139521, 0.21197184920310974, 0.3614778518676758, -0.9079657196998596, 2.476086897789906, 0.0, 0.0, 0.0, 1.0, 4.2647, 0.0, 0.5, 0.0, 4.2647, 0.5, 0.0, 0.0, 1.0]], ["6_5_mirror.png", [0.9772703647613525, 0.07531365007162094, -0.1981678307056427, 0.5115429936590924, -0.0032510682940483093, -0.9293339848518372, -0.36922594904899597, 0.9472684098139521, -0.21197184920310974, 0.3614778518676758, -0.9079657196998596, 2.476086897789906, 0.0, 0.0, 0.0, 1.0, 4.2647, 0.0, 0.5, 0.0, 4.2647, 0.5, 0.0, 0.0, 1.0]], ["6_6.png", [0.9105743169784546, -0.041362322866916656, 0.41127070784568787, -1.0528821785542228, 0.0149078369140625, -0.9910470247268677, -0.1326783001422882, 0.3372445048174345, 0.4130764901638031, 0.1269446164369583, -0.9018053412437439, 2.4632712522280933, 0.0, 0.0, 0.0, 1.0, 4.2647, 0.0, 0.5, 0.0, 4.2647, 0.5, 0.0, 0.0, 1.0]], ["6_6_mirror.png", [0.9105743169784546, 0.041362322866916656, -0.41127070784568787, 1.0528821785542228, -0.0149078369140625, -0.9910470247268677, -0.1326783001422882, 0.3372445048174345, -0.4130764901638031, 0.1269446164369583, -0.9018053412437439, 2.4632712522280933, 0.0, 0.0, 0.0, 1.0, 4.2647, 0.0, 0.5, 0.0, 4.2647, 0.5, 0.0, 0.0, 1.0]], ["6_7.png", [0.9684608578681946, 0.017126021906733513, 0.24857646226882935, -0.6319215558096319, 0.08847349137067795, -0.9562615752220154, -0.2788122594356537, 0.7047957202317583, 0.23292918503284454, 0.29201117157936096, -0.9276171922683716, 2.528623764035712, 0.0, 0.0, 0.0, 1.0, 4.2647, 0.0, 0.5, 0.0, 4.2647, 0.5, 0.0, 0.0, 1.0]], ["6_7_mirror.png", [0.9684608578681946, -0.017126021906733513, -0.24857646226882935, 0.6319215558096319, -0.08847349137067795, -0.9562615752220154, -0.2788122594356537, 0.7047957202317583, -0.23292918503284454, 0.29201117157936096, -0.9276171922683716, 2.528623764035712, 0.0, 0.0, 0.0, 1.0, 4.2647, 0.0, 0.5, 0.0, 4.2647, 0.5, 0.0, 0.0, 1.0]], ["6_8.png", [0.9880174994468689, 0.0067725819535553455, 0.15419338643550873, -0.39308196863052364, 0.03982719033956528, -0.9763897657394409, -0.21231314539909363, 0.5429828186488621, 0.1491149216890335, 0.2159101814031601, -0.9649598598480225, 2.6154648199870114, 0.0, 0.0, 0.0, 1.0, 4.2647, 0.0, 0.5, 0.0, 4.2647, 0.5, 0.0, 0.0, 1.0]], ["6_8_mirror.png", [0.9880174994468689, -0.0067725819535553455, -0.15419338643550873, 0.39308196863052364, -0.03982719033956528, -0.9763897657394409, -0.21231314539909363, 0.5429828186488621, -0.1491149216890335, 0.2159101814031601, -0.9649598598480225, 2.6154648199870114, 0.0, 0.0, 0.0, 1.0, 4.2647, 0.0, 0.5, 0.0, 4.2647, 0.5, 0.0, 0.0, 1.0]], ["6_9.png", [0.9579497575759888, 0.017042193561792374, 0.28642937541007996, -0.7301648516122977, 0.09286782145500183, -0.9629200100898743, -0.2532995641231537, 0.6454780132422869, 0.27149179577827454, 0.2692483365535736, -0.9240116477012634, 2.517978837061738, 0.0, 0.0, 0.0, 1.0, 4.2647, 0.0, 0.5, 0.0, 4.2647, 0.5, 0.0, 0.0, 1.0]], ["6_9_mirror.png", [0.9579497575759888, -0.017042193561792374, -0.28642937541007996, 0.7301648516122977, -0.09286782145500183, -0.9629200100898743, -0.2532995641231537, 0.6454780132422869, -0.27149179577827454, 0.2692483365535736, -0.9240116477012634, 2.517978837061738, 0.0, 0.0, 0.0, 1.0, 4.2647, 0.0, 0.5, 0.0, 4.2647, 0.5, 0.0, 0.0, 1.0]]]}