{"labels": [["3_11.png", [0.9964967966079712, -0.057490743696689606, 0.06073600798845291, -0.15614479531636274, -0.05424782633781433, -0.9970793128013611, -0.053757987916469574, 0.13906567936452194, 0.06364920735359192, 0.050274867564439774, -0.996705174446106, 2.6918914427811713, 0.0, 0.0, 0.0, 1.0, 4.2647, 0.0, 0.5, 0.0, 4.2647, 0.5, 0.0, 0.0, 1.0]], ["4_3.png", [0.9900968074798584, 0.03966289758682251, 0.1346662938594818, -0.3410488435133393, 0.05483384430408478, -0.9923192858695984, -0.1108856275677681, 0.2839818362431164, 0.12923391163349152, 0.11717178672552109, -0.9846671223640442, 2.663276178510633, 0.0, 0.0, 0.0, 1.0, 4.2647, 0.0, 0.5, 0.0, 4.2647, 0.5, 0.0, 0.0, 1.0]], ["4_16.png", [0.9823943972587585, -0.08874692767858505, 0.16439373791217804, -0.41959585959981516, -0.07930634170770645, -0.9948487281799316, -0.06313902884721756, 0.17103987463454107, 0.16915027797222137, 0.04898995906114578, -0.9843719601631165, 2.6617070980653925, 0.0, 0.0, 0.0, 1.0, 4.2647, 0.0, 0.5, 0.0, 4.2647, 0.5, 0.0, 0.0, 1.0]]]}