{"labels": [["2_0.png", [0.9911773204803467, -0.043345190584659576, -0.12525475025177002, 0.31743743218686943, -0.03580714017152786, -0.9974448680877686, 0.06181969866156578, -0.15596068538001692, -0.12761428952217102, -0.05678927153348923, -0.9901967644691467, 2.6767349030605185, 0.0, 0.0, 0.0, 1.0, 4.2647, 0.0, 0.5, 0.0, 4.2647, 0.5, 0.0, 0.0, 1.0]], ["2_0_mirror.png", [0.9911773204803467, 0.043345190584659576, 0.12525475025177002, -0.31743743218686943, 0.03580714017152786, -0.9974448680877686, 0.06181969866156578, -0.15596068538001692, 0.12761428952217102, -0.05678927153348923, -0.9901967644691467, 2.6767349030605185, 0.0, 0.0, 0.0, 1.0, 4.2647, 0.0, 0.5, 0.0, 4.2647, 0.5, 0.0, 0.0, 1.0]], ["2_1.png", [0.9859308004379272, 0.007151532452553511, -0.1670008897781372, 0.42105006086603775, -0.03208823502063751, -0.9724048972129822, -0.23108240962028503, 0.5927260335080227, -0.1640450656414032, 0.23319004476070404, -0.9584944248199463, 2.600267812254452, 0.0, 0.0, 0.0, 1.0, 4.2647, 0.0, 0.5, 0.0, 4.2647, 0.5, 0.0, 0.0, 1.0]], ["2_1_mirror.png", [0.9859308004379272, -0.007151532452553511, 0.1670008897781372, -0.42105006086603775, 0.03208823502063751, -0.9724048972129822, -0.23108240962028503, 0.5927260335080227, 0.1640450656414032, 0.23319004476070404, -0.9584944248199463, 2.600267812254452, 0.0, 0.0, 0.0, 1.0, 4.2647, 0.0, 0.5, 0.0, 4.2647, 0.5, 0.0, 0.0, 1.0]], ["2_10.png", [0.8419011831283569, -0.025330258533358574, -0.5390369892120361, 1.3824667955732426, -0.19239738583564758, -0.9473421573638916, -0.25598084926605225, 0.6535758422345184, -0.5041683912277222, 0.3192198872566223, -0.8024418950080872, 2.225224522960524, 0.0, 0.0, 0.0, 1.0, 4.2647, 0.0, 0.5, 0.0, 4.2647, 0.5, 0.0, 0.0, 1.0]], ["2_10_mirror.png", [0.8419011831283569, 0.025330258533358574, 0.5390369892120361, -1.3824667955732426, 0.19239738583564758, -0.9473421573638916, -0.25598084926605225, 0.6535758422345184, 0.5041683912277222, 0.3192198872566223, -0.8024418950080872, 2.225224522960524, 0.0, 0.0, 0.0, 1.0, 4.2647, 0.0, 0.5, 0.0, 4.2647, 0.5, 0.0, 0.0, 1.0]], ["2_11.png", [0.9993123412132263, 0.03564611077308655, 0.010205698199570179, -0.028376710770733178, 0.035927534103393555, -0.9989373683929443, -0.028865596279501915, 0.06849289703707731, 0.00916590727865696, 0.029212411493062973, -0.9995311498641968, 2.6989819349786885, 0.0, 0.0, 0.0, 1.0, 4.2647, 0.0, 0.5, 0.0, 4.2647, 0.5, 0.0, 0.0, 1.0]], ["2_11_mirror.png", [0.9993123412132263, -0.03564611077308655, -0.010205698199570179, 0.028376710770733178, -0.035927534103393555, -0.9989373683929443, -0.028865596279501915, 0.06849289703707731, -0.00916590727865696, 0.029212411493062973, -0.9995311498641968, 2.6989819349786885, 0.0, 0.0, 0.0, 1.0, 4.2647, 0.0, 0.5, 0.0, 4.2647, 0.5, 0.0, 0.0, 1.0]], ["2_12.png", [0.8158518075942993, 0.1153334304690361, -0.5666427612304688, 1.4486463015398952, -0.026008158922195435, -0.9715980291366577, -0.2352038323879242, 0.5988350779695817, -0.5776758193969727, 0.20662881433963776, -0.7896804213523865, 2.198367676806577, 0.0, 0.0, 0.0, 1.0, 4.2647, 0.0, 0.5, 0.0, 4.2647, 0.5, 0.0, 0.0, 1.0]], ["2_12_mirror.png", [0.8158518075942993, -0.1153334304690361, 0.5666427612304688, -1.4486463015398952, 0.026008158922195435, -0.9715980291366577, -0.2352038323879242, 0.5988350779695817, 0.5776758193969727, 0.20662881433963776, -0.7896804213523865, 2.198367676806577, 0.0, 0.0, 0.0, 1.0, 4.2647, 0.0, 0.5, 0.0, 4.2647, 0.5, 0.0, 0.0, 1.0]], ["2_13.png", [0.8397220969200134, -0.03529053181409836, -0.5418683886528015, 1.3850245295093797, -0.07519243657588959, -0.9958295226097107, -0.05166824907064438, 0.12763971743357694, -0.5377851128578186, 0.08413137495517731, -0.8388736844062805, 2.3141769930562353, 0.0, 0.0, 0.0, 1.0, 4.2647, 0.0, 0.5, 0.0, 4.2647, 0.5, 0.0, 0.0, 1.0]], ["2_13_mirror.png", [0.8397220969200134, 0.03529053181409836, 0.5418683886528015, -1.3850245295093797, 0.07519243657588959, -0.9958295226097107, -0.05166824907064438, 0.12763971743357694, 0.5377851128578186, 0.08413137495517731, -0.8388736844062805, 2.3141769930562353, 0.0, 0.0, 0.0, 1.0, 4.2647, 0.0, 0.5, 0.0, 4.2647, 0.5, 0.0, 0.0, 1.0]], ["2_14.png", [0.8177443742752075, 0.12319185584783554, -0.562243640422821, 1.4387129787253685, -0.028122693300247192, -0.9671087861061096, -0.25280341506004333, 0.6407342248588178, -0.57489413022995, 0.22254034876823425, -0.7873833775520325, 2.193071959134435, 0.0, 0.0, 0.0, 1.0, 4.2647, 0.0, 0.5, 0.0, 4.2647, 0.5, 0.0, 0.0, 1.0]], ["2_14_mirror.png", [0.8177443742752075, -0.12319185584783554, 0.562243640422821, -1.4387129787253685, 0.028122693300247192, -0.9671087861061096, -0.25280341506004333, 0.6407342248588178, 0.57489413022995, 0.22254034876823425, -0.7873833775520325, 2.193071959134435, 0.0, 0.0, 0.0, 1.0, 4.2647, 0.0, 0.5, 0.0, 4.2647, 0.5, 0.0, 0.0, 1.0]], ["2_15.png", [0.8436542749404907, 0.04310838133096695, -0.5351533889770508, 1.3650701489707269, -0.015667319297790527, -0.9943700432777405, -0.10479889065027237, 0.26409882214648583, -0.5366582274436951, 0.09679845720529556, -0.8382291197776794, 2.314483808655804, 0.0, 0.0, 0.0, 1.0, 4.2647, 0.0, 0.5, 0.0, 4.2647, 0.5, 0.0, 0.0, 1.0]], ["2_15_mirror.png", [0.8436542749404907, -0.04310838133096695, 0.5351533889770508, -1.3650701489707269, 0.015667319297790527, -0.9943700432777405, -0.10479889065027237, 0.26409882214648583, 0.5366582274436951, 0.09679845720529556, -0.8382291197776794, 2.314483808655804, 0.0, 0.0, 0.0, 1.0, 4.2647, 0.0, 0.5, 0.0, 4.2647, 0.5, 0.0, 0.0, 1.0]], ["2_16.png", [0.9754648208618164, -0.15657033026218414, -0.15477128326892853, 0.38860331796288977, -0.1385936141014099, -0.9829459190368652, 0.12086842209100723, -0.3104580952681474, -0.17105621099472046, -0.09645258635282516, -0.9805287718772888, 2.653790351996689, 0.0, 0.0, 0.0, 1.0, 4.2647, 0.0, 0.5, 0.0, 4.2647, 0.5, 0.0, 0.0, 1.0]], ["2_16_mirror.png", [0.9754648208618164, 0.15657033026218414, 0.15477128326892853, -0.38860331796288977, 0.1385936141014099, -0.9829459190368652, 0.12086842209100723, -0.3104580952681474, 0.17105621099472046, -0.09645258635282516, -0.9805287718772888, 2.653790351996689, 0.0, 0.0, 0.0, 1.0, 4.2647, 0.0, 0.5, 0.0, 4.2647, 0.5, 0.0, 0.0, 1.0]], ["2_17.png", [0.8265429139137268, -0.004069384653121233, -0.5628589987754822, 1.4364329504253968, -0.031774211674928665, -0.9987167119979858, -0.03943898156285286, 0.09164222897299625, -0.5619761943817139, 0.05048241466283798, -0.8256114721298218, 2.2843515668130094, 0.0, 0.0, 0.0, 1.0, 4.2647, 0.0, 0.5, 0.0, 4.2647, 0.5, 0.0, 0.0, 1.0]], ["2_17_mirror.png", [0.8265429139137268, 0.004069384653121233, 0.5628589987754822, -1.4364329504253968, 0.031774211674928665, -0.9987167119979858, -0.03943898156285286, 0.09164222897299625, 0.5619761943817139, 0.05048241466283798, -0.8256114721298218, 2.2843515668130094, 0.0, 0.0, 0.0, 1.0, 4.2647, 0.0, 0.5, 0.0, 4.2647, 0.5, 0.0, 0.0, 1.0]], ["2_18.png", [0.9954067468643188, -0.012724658474326134, -0.09488606452941895, 0.24039164449697747, -0.021234335377812386, -0.9957855343818665, -0.08922038227319717, 0.2268473372585874, -0.0933508649468422, 0.09082542359828949, -0.9914819002151489, 2.6796925463259265, 0.0, 0.0, 0.0, 1.0, 4.2647, 0.0, 0.5, 0.0, 4.2647, 0.5, 0.0, 0.0, 1.0]], ["2_18_mirror.png", [0.9954067468643188, 0.012724658474326134, 0.09488606452941895, -0.24039164449697747, 0.021234335377812386, -0.9957855343818665, -0.08922038227319717, 0.2268473372585874, 0.0933508649468422, 0.09082542359828949, -0.9914819002151489, 2.6796925463259265, 0.0, 0.0, 0.0, 1.0, 4.2647, 0.0, 0.5, 0.0, 4.2647, 0.5, 0.0, 0.0, 1.0]], ["2_19.png", [0.9831247925758362, -0.1414777636528015, -0.1159728541970253, 0.2920695688159949, -0.1474255472421646, -0.9880770444869995, -0.04437913000583649, 0.1207680888317634, -0.10831145942211151, 0.06072758138179779, -0.9922604560852051, 2.6814381282609454, 0.0, 0.0, 0.0, 1.0, 4.2647, 0.0, 0.5, 0.0, 4.2647, 0.5, 0.0, 0.0, 1.0]], ["2_19_mirror.png", [0.9831247925758362, 0.1414777636528015, 0.1159728541970253, -0.2920695688159949, 0.1474255472421646, -0.9880770444869995, -0.04437913000583649, 0.1207680888317634, 0.10831145942211151, 0.06072758138179779, -0.9922604560852051, 2.6814381282609454, 0.0, 0.0, 0.0, 1.0, 4.2647, 0.0, 0.5, 0.0, 4.2647, 0.5, 0.0, 0.0, 1.0]], ["2_2.png", [0.854521632194519, 0.006248946767300367, -0.519378125667572, 1.3239329348702453, -0.08116452395915985, -0.9860378503799438, -0.14540185034275055, 0.3633600612231896, -0.5130351185798645, 0.1664041131734848, -0.8420835137367249, 2.3249023742673023, 0.0, 0.0, 0.0, 1.0, 4.2647, 0.0, 0.5, 0.0, 4.2647, 0.5, 0.0, 0.0, 1.0]], ["2_2_mirror.png", [0.854521632194519, -0.006248946767300367, 0.519378125667572, -1.3239329348702453, 0.08116452395915985, -0.9860378503799438, -0.14540185034275055, 0.3633600612231896, 0.5130351185798645, 0.1664041131734848, -0.8420835137367249, 2.3249023742673023, 0.0, 0.0, 0.0, 1.0, 4.2647, 0.0, 0.5, 0.0, 4.2647, 0.5, 0.0, 0.0, 1.0]], ["2_3.png", [0.9815151691436768, 0.019083812832832336, -0.1904306709766388, 0.4808156085432329, -0.019458459690213203, -0.9799091219902039, -0.1984931081533432, 0.5022624573406683, -0.19039274752140045, 0.19852948188781738, -0.9614242911338806, 2.6089363301022344, 0.0, 0.0, 0.0, 1.0, 4.2647, 0.0, 0.5, 0.0, 4.2647, 0.5, 0.0, 0.0, 1.0]], ["2_3_mirror.png", [0.9815151691436768, -0.019083812832832336, 0.1904306709766388, -0.4808156085432329, 0.019458459690213203, -0.9799091219902039, -0.1984931081533432, 0.5022624573406683, 0.19039274752140045, 0.19852948188781738, -0.9614242911338806, 2.6089363301022344, 0.0, 0.0, 0.0, 1.0, 4.2647, 0.0, 0.5, 0.0, 4.2647, 0.5, 0.0, 0.0, 1.0]], ["2_4.png", [0.9512442946434021, 0.06435207277536392, -0.3016505837440491, 0.7656301237828012, 0.027255374938249588, -0.9917046427726746, -0.12561462819576263, 0.31965457773396183, -0.3072318434715271, 0.11126860231161118, -0.9451073408126831, 2.569364019458912, 0.0, 0.0, 0.0, 1.0, 4.2647, 0.0, 0.5, 0.0, 4.2647, 0.5, 0.0, 0.0, 1.0]], ["2_4_mirror.png", [0.9512442946434021, -0.06435207277536392, 0.3016505837440491, -0.7656301237828012, -0.027255374938249588, -0.9917046427726746, -0.12561462819576263, 0.31965457773396183, 0.3072318434715271, 0.11126860231161118, -0.9451073408126831, 2.569364019458912, 0.0, 0.0, 0.0, 1.0, 4.2647, 0.0, 0.5, 0.0, 4.2647, 0.5, 0.0, 0.0, 1.0]], ["2_5.png", [0.996909499168396, -0.03249722346663475, -0.07152161002159119, 0.1794336300836309, -0.03664732724428177, -0.9976726770401001, -0.05749973654747009, 0.13690225231233194, -0.0694865807890892, 0.05994311347603798, -0.9957802891731262, 2.690550379700559, 0.0, 0.0, 0.0, 1.0, 4.2647, 0.0, 0.5, 0.0, 4.2647, 0.5, 0.0, 0.0, 1.0]], ["2_5_mirror.png", [0.996909499168396, 0.03249722346663475, 0.07152161002159119, -0.1794336300836309, 0.03664732724428177, -0.9976726770401001, -0.05749973654747009, 0.13690225231233194, 0.0694865807890892, 0.05994311347603798, -0.9957802891731262, 2.690550379700559, 0.0, 0.0, 0.0, 1.0, 4.2647, 0.0, 0.5, 0.0, 4.2647, 0.5, 0.0, 0.0, 1.0]], ["2_6.png", [0.9800460934638977, 0.025867270305752754, -0.19708003103733063, 0.503639676283512, -0.016789287328720093, -0.9771801233291626, -0.21174778044223785, 0.5369362268141861, -0.1980600208044052, 0.2108314335346222, -0.957247257232666, 2.5977002453723537, 0.0, 0.0, 0.0, 1.0, 4.2647, 0.0, 0.5, 0.0, 4.2647, 0.5, 0.0, 0.0, 1.0]], ["2_6_mirror.png", [0.9800460934638977, -0.025867270305752754, 0.19708003103733063, -0.503639676283512, 0.016789287328720093, -0.9771801233291626, -0.21174778044223785, 0.5369362268141861, 0.1980600208044052, 0.2108314335346222, -0.957247257232666, 2.5977002453723537, 0.0, 0.0, 0.0, 1.0, 4.2647, 0.0, 0.5, 0.0, 4.2647, 0.5, 0.0, 0.0, 1.0]], ["2_7.png", [0.9930881857872009, -0.032685600221157074, -0.11272741109132767, 0.2862921573838853, -0.02406599000096321, -0.996740996837616, 0.0769948661327362, -0.1991041435144382, -0.1148766502737999, -0.07374979555606842, -0.9906383752822876, 2.6773857287764615, 0.0, 0.0, 0.0, 1.0, 4.2647, 0.0, 0.5, 0.0, 4.2647, 0.5, 0.0, 0.0, 1.0]], ["2_7_mirror.png", [0.9930881857872009, 0.032685600221157074, 0.11272741109132767, -0.2862921573838853, 0.02406599000096321, -0.996740996837616, 0.0769948661327362, -0.1991041435144382, 0.1148766502737999, -0.07374979555606842, -0.9906383752822876, 2.6773857287764615, 0.0, 0.0, 0.0, 1.0, 4.2647, 0.0, 0.5, 0.0, 4.2647, 0.5, 0.0, 0.0, 1.0]], ["2_8.png", [0.9834553003311157, 0.028136197477579117, -0.17895269393920898, 0.45339797011984756, -0.010643936693668365, -0.9771825075149536, -0.2121344804763794, 0.5363996903301415, -0.18083809316158295, 0.21052953600883484, -0.9607158303260803, 2.607049223337552, 0.0, 0.0, 0.0, 1.0, 4.2647, 0.0, 0.5, 0.0, 4.2647, 0.5, 0.0, 0.0, 1.0]], ["2_8_mirror.png", [0.9834553003311157, -0.028136197477579117, 0.17895269393920898, -0.45339797011984756, 0.010643936693668365, -0.9771825075149536, -0.2121344804763794, 0.5363996903301415, 0.18083809316158295, 0.21052953600883484, -0.9607158303260803, 2.607049223337552, 0.0, 0.0, 0.0, 1.0, 4.2647, 0.0, 0.5, 0.0, 4.2647, 0.5, 0.0, 0.0, 1.0]], ["2_9.png", [0.8434333801269531, -0.019957147538661957, -0.5368629097938538, 1.3725164143908912, -0.18987374007701874, -0.9458893537521362, -0.26313722133636475, 0.6722735499467146, -0.5025613903999329, 0.32387489080429077, -0.8015840649604797, 2.2258137761882986, 0.0, 0.0, 0.0, 1.0, 4.2647, 0.0, 0.5, 0.0, 4.2647, 0.5, 0.0, 0.0, 1.0]], ["2_9_mirror.png", [0.8434333801269531, 0.019957147538661957, 0.5368629097938538, -1.3725164143908912, 0.18987374007701874, -0.9458893537521362, -0.26313722133636475, 0.6722735499467146, 0.5025613903999329, 0.32387489080429077, -0.8015840649604797, 2.2258137761882986, 0.0, 0.0, 0.0, 1.0, 4.2647, 0.0, 0.5, 0.0, 4.2647, 0.5, 0.0, 0.0, 1.0]]]}