{"labels": [["3_10.png", [0.996465265750885, -0.06599748879671097, 0.051975052803754807, -0.13361509511085587, -0.06323672086000443, -0.9965858459472656, -0.05308251455426216, 0.1374915970630959, 0.055300913751125336, 0.04960814490914345, -0.9972366094589233, 2.693184558676876, 0.0, 0.0, 0.0, 1.0, 4.2647, 0.0, 0.5, 0.0, 4.2647, 0.5, 0.0, 0.0, 1.0]], ["0_13.png", [0.9994491338729858, -0.03305289149284363, -0.0029860215727239847, 0.0052058352234883466, -0.03317772224545479, -0.9929189085960388, -0.11406714469194412, 0.2924828035217158, 0.0008053716737776995, 0.11410337686538696, -0.9934685230255127, 2.6841063147579876, 0.0, 0.0, 0.0, 1.0, 4.2647, 0.0, 0.5, 0.0, 4.2647, 0.5, 0.0, 0.0, 1.0]], ["2_7.png", [0.9826832413673401, 0.0708920806646347, 0.17119544744491577, -0.4336597221924291, 0.08970683068037033, -0.9904405474662781, -0.104786716401577, 0.2715318180400987, 0.16213035583496094, 0.11832956224679947, -0.9796488285064697, 2.651077086231146, 0.0, 0.0, 0.0, 1.0, 4.2647, 0.0, 0.5, 0.0, 4.2647, 0.5, 0.0, 0.0, 1.0]]]}