{"labels": [["4_16.png", [0.9253427982330322, -0.04566236212849617, 0.3763716220855713, -0.9666336928870657, 0.00614079087972641, -0.9907853007316589, -0.13530227541923523, 0.3548841260963122, 0.37908169627189636, 0.12751220166683197, -0.9165357351303101, 2.49593200244325, 0.0, 0.0, 0.0, 1.0, 4.2647, 0.0, 0.5, 0.0, 4.2647, 0.5, 0.0, 0.0, 1.0]], ["3_11.png", [0.8935571312904358, 0.040605586022138596, -0.4471094310283661, 1.141434886465877, 0.06986766308546066, -0.9963448643684387, 0.049145858734846115, -0.127285165295886, -0.44347959756851196, -0.07515311986207962, -0.8931280970573425, 2.443547602698632, 0.0, 0.0, 0.0, 1.0, 4.2647, 0.0, 0.5, 0.0, 4.2647, 0.5, 0.0, 0.0, 1.0]], ["4_0.png", [0.9158166646957397, -0.18082836270332336, 0.3585818409919739, -0.9226132291719686, -0.1784028857946396, -0.9831382632255554, -0.040144119411706924, 0.116070248341048, 0.3597947359085083, -0.027207374572753906, -0.9326346516609192, 2.5348200186220167, 0.0, 0.0, 0.0, 1.0, 4.2647, 0.0, 0.5, 0.0, 4.2647, 0.5, 0.0, 0.0, 1.0]]]}