{"labels": [["3_3.png", [0.9713184237480164, -0.10446662455797195, -0.21360519528388977, 0.5407259020526765, -0.12684056162834167, -0.9874743819236755, -0.09383883327245712, 0.23969593650255838, -0.20112663507461548, 0.11824119091033936, -0.9724027514457703, 2.634418599401675, 0.0, 0.0, 0.0, 1.0, 4.2647, 0.0, 0.5, 0.0, 4.2647, 0.5, 0.0, 0.0, 1.0]], ["3_19.png", [0.8266676068305969, 0.10488429665565491, -0.5528290271759033, 1.4200632109566225, 0.04089207947254181, -0.9910746216773987, -0.1268819123506546, 0.32883965374528523, -0.5612027049064636, 0.08228284120559692, -0.8235781788825989, 2.2727263273461347, 0.0, 0.0, 0.0, 1.0, 4.2647, 0.0, 0.5, 0.0, 4.2647, 0.5, 0.0, 0.0, 1.0]], ["3_14.png", [0.9757989048957825, 0.14817224442958832, -0.16081498563289642, 0.40965876009174285, 0.09255262464284897, -0.9461610317230225, -0.3101828694343567, 0.7891984538600807, -0.19811736047267914, 0.28779226541519165, -0.9369766116142273, 2.5493813956928757, 0.0, 0.0, 0.0, 1.0, 4.2647, 0.0, 0.5, 0.0, 4.2647, 0.5, 0.0, 0.0, 1.0]]]}