{"labels": [["5_15.png", [0.9882744550704956, 0.0777212604880333, 0.1314271092414856, -0.33328419165597817, 0.09924641996622086, -0.9811016321182251, -0.16610148549079895, 0.4249297278721564, 0.11603372544050217, 0.17719753086566925, -0.9773111939430237, 2.645440676704492, 0.0, 0.0, 0.0, 1.0, 4.2647, 0.0, 0.5, 0.0, 4.2647, 0.5, 0.0, 0.0, 1.0]], ["5_7.png", [0.9928759336471558, 0.08420037478208542, 0.08430676907300949, -0.21693979877233358, 0.08677692711353302, -0.9958516955375671, -0.027371907606720924, 0.07094018780113155, 0.08165231347084045, 0.03449279069900513, -0.9960638284683228, 2.690335409101133, 0.0, 0.0, 0.0, 1.0, 4.2647, 0.0, 0.5, 0.0, 4.2647, 0.5, 0.0, 0.0, 1.0]], ["4_16.png", [0.9253427982330322, -0.04566236212849617, 0.3763716220855713, -0.9666336928870657, 0.00614079087972641, -0.9907853007316589, -0.13530227541923523, 0.3548841260963122, 0.37908169627189636, 0.12751220166683197, -0.9165357351303101, 2.49593200244325, 0.0, 0.0, 0.0, 1.0, 4.2647, 0.0, 0.5, 0.0, 4.2647, 0.5, 0.0, 0.0, 1.0]]]}