{"labels": [["1_6.png", [0.8940284252166748, -0.11303849518299103, -0.4335152208805084, 1.1055069627690808, -0.13734102249145508, -0.9902072548866272, -0.02504003793001175, 0.07765233427917995, -0.42643943428993225, 0.08192592859268188, -0.9007982611656189, 2.4620772673192204, 0.0, 0.0, 0.0, 1.0, 4.2647, 0.0, 0.5, 0.0, 4.2647, 0.5, 0.0, 0.0, 1.0]], ["1_11.png", [0.9314468502998352, -0.009266902692615986, -0.36375942826271057, 0.9276602075991341, -0.0555134192109108, -0.991592526435852, -0.1168871596455574, 0.3137287162287093, -0.3596179485321045, 0.12906770408153534, -0.9241301417350769, 2.5161519890202615, 0.0, 0.0, 0.0, 1.0, 4.2647, 0.0, 0.5, 0.0, 4.2647, 0.5, 0.0, 0.0, 1.0]], ["1_12.png", [0.8653321266174316, -0.041922006756067276, -0.49944257736206055, 1.2778818151377713, -0.003010861575603485, -0.9969125986099243, 0.07846184074878693, -0.20230653012046615, -0.5011898875236511, -0.06639178842306137, -0.8627867102622986, 2.3698291361215924, 0.0, 0.0, 0.0, 1.0, 4.2647, 0.0, 0.5, 0.0, 4.2647, 0.5, 0.0, 0.0, 1.0]]]}