{"labels": [["5_14.png", [0.9919570088386536, -0.009734096936881542, 0.1262001395225525, -0.32158730376044786, -0.006324029993265867, -0.9996047019958496, -0.027393652126193047, 0.0693242010436691, 0.1264168918132782, 0.02637523226439953, -0.991626501083374, 2.6798835350085164, 0.0, 0.0, 0.0, 1.0, 4.2647, 0.0, 0.5, 0.0, 4.2647, 0.5, 0.0, 0.0, 1.0]], ["4_18.png", [0.9956837296485901, 0.07023569941520691, 0.06067033112049103, -0.15361404704267112, 0.071942038834095, -0.9970591068267822, -0.026411166414618492, 0.07817378722202771, 0.058636896312236786, 0.030661914497613907, -0.9978083968162537, 2.694492824919476, 0.0, 0.0, 0.0, 1.0, 4.2647, 0.0, 0.5, 0.0, 4.2647, 0.5, 0.0, 0.0, 1.0]], ["3_10.png", [0.996465265750885, -0.06599748879671097, 0.051975052803754807, -0.13361509511085587, -0.06323672086000443, -0.9965858459472656, -0.05308251455426216, 0.1374915970630959, 0.055300913751125336, 0.04960814490914345, -0.9972366094589233, 2.693184558676876, 0.0, 0.0, 0.0, 1.0, 4.2647, 0.0, 0.5, 0.0, 4.2647, 0.5, 0.0, 0.0, 1.0]]]}