{"labels": [["0.png", [0.948502779006958, -0.12429143488407135, 0.29136595129966736, -0.7417151285764597, -0.11722789704799652, -0.9922313690185547, -0.04164818301796913, 0.11501595561177412, 0.29427894949913025, 0.005347199738025665, -0.9557046294212341, 2.5935747527294284, 0.0, 0.0, 0.0, 1.0, 4.2647, 0.0, 0.5, 0.0, 4.2647, 0.5, 0.0, 0.0, 1.0]], ["0_mirror.png", [0.948502779006958, 0.12429143488407135, -0.29136595129966736, 0.7417151285764597, 0.11722789704799652, -0.9922313690185547, -0.04164818301796913, 0.11501595561177412, -0.29427894949913025, 0.005347199738025665, -0.9557046294212341, 2.5935747527294284, 0.0, 0.0, 0.0, 1.0, 4.2647, 0.0, 0.5, 0.0, 4.2647, 0.5, 0.0, 0.0, 1.0]], ["1.png", [0.9765203595161438, 0.21542483568191528, 0.00032301899045705795, 9.89961541891434e-05, 0.2139679193496704, -0.9697398543357849, -0.11756866425275803, 0.3020118187994947, -0.025013966485857964, 0.11487731337547302, -0.9930647015571594, 2.683055879310974, 0.0, 0.0, 0.0, 1.0, 4.2647, 0.0, 0.5, 0.0, 4.2647, 0.5, 0.0, 0.0, 1.0]], ["1_mirror.png", [0.9765203595161438, -0.21542483568191528, -0.00032301899045705795, -9.89961541891434e-05, -0.2139679193496704, -0.9697398543357849, -0.11756866425275803, 0.3020118187994947, 0.025013966485857964, 0.11487731337547302, -0.9930647015571594, 2.683055879310974, 0.0, 0.0, 0.0, 1.0, 4.2647, 0.0, 0.5, 0.0, 4.2647, 0.5, 0.0, 0.0, 1.0]], ["10.png", [0.864510178565979, 0.05116420239210129, -0.5000044107437134, 1.2809278086845113, 0.036156147718429565, -0.9985587000846863, -0.03966584429144859, 0.10070980958487812, -0.5013132095336914, 0.016213292255997658, -0.8651140332221985, 2.3746750268599017, 0.0, 0.0, 0.0, 1.0, 4.2647, 0.0, 0.5, 0.0, 4.2647, 0.5, 0.0, 0.0, 1.0]], ["10_mirror.png", [0.864510178565979, -0.05116420239210129, 0.5000044107437134, -1.2809278086845113, -0.036156147718429565, -0.9985587000846863, -0.03966584429144859, 0.10070980958487812, 0.5013132095336914, 0.016213292255997658, -0.8651140332221985, 2.3746750268599017, 0.0, 0.0, 0.0, 1.0, 4.2647, 0.0, 0.5, 0.0, 4.2647, 0.5, 0.0, 0.0, 1.0]], ["11.png", [0.8935571312904358, 0.040605586022138596, -0.4471094310283661, 1.141434886465877, 0.06986766308546066, -0.9963448643684387, 0.049145858734846115, -0.127285165295886, -0.44347959756851196, -0.07515311986207962, -0.8931280970573425, 2.443547602698632, 0.0, 0.0, 0.0, 1.0, 4.2647, 0.0, 0.5, 0.0, 4.2647, 0.5, 0.0, 0.0, 1.0]], ["11_mirror.png", [0.8935571312904358, -0.040605586022138596, 0.4471094310283661, -1.141434886465877, -0.06986766308546066, -0.9963448643684387, 0.049145858734846115, -0.127285165295886, 0.44347959756851196, -0.07515311986207962, -0.8931280970573425, 2.443547602698632, 0.0, 0.0, 0.0, 1.0, 4.2647, 0.0, 0.5, 0.0, 4.2647, 0.5, 0.0, 0.0, 1.0]], ["12.png", [0.8721894025802612, 0.03035067580640316, -0.4882258176803589, 1.2470534314815427, -0.04486415535211563, -0.9889035224914551, -0.14162284135818481, 0.3674827420106269, -0.4871065616607666, 0.14542578160762787, -0.8611494898796082, 2.3663926498690913, 0.0, 0.0, 0.0, 1.0, 4.2647, 0.0, 0.5, 0.0, 4.2647, 0.5, 0.0, 0.0, 1.0]], ["12_mirror.png", [0.8721894025802612, -0.03035067580640316, 0.4882258176803589, -1.2470534314815427, 0.04486415535211563, -0.9889035224914551, -0.14162284135818481, 0.3674827420106269, 0.4871065616607666, 0.14542578160762787, -0.8611494898796082, 2.3663926498690913, 0.0, 0.0, 0.0, 1.0, 4.2647, 0.0, 0.5, 0.0, 4.2647, 0.5, 0.0, 0.0, 1.0]], ["13.png", [0.8308687806129456, 0.06806924939155579, -0.5522894263267517, 1.4188406489871002, 0.06397254765033722, -0.9975940585136414, -0.026711883023381233, 0.06727961309711993, -0.5527788996696472, -0.013137292116880417, -0.833224356174469, 2.2961630313293018, 0.0, 0.0, 0.0, 1.0, 4.2647, 0.0, 0.5, 0.0, 4.2647, 0.5, 0.0, 0.0, 1.0]], ["13_mirror.png", [0.8308687806129456, -0.06806924939155579, 0.5522894263267517, -1.4188406489871002, -0.06397254765033722, -0.9975940585136414, -0.026711883023381233, 0.06727961309711993, 0.5527788996696472, -0.013137292116880417, -0.833224356174469, 2.2961630313293018, 0.0, 0.0, 0.0, 1.0, 4.2647, 0.0, 0.5, 0.0, 4.2647, 0.5, 0.0, 0.0, 1.0]], ["14.png", [0.8751765489578247, 0.014008124358952045, -0.48360079526901245, 1.241095957346911, -0.023781536146998405, -0.9971267580986023, -0.0719207301735878, 0.19381405062299012, -0.483218789100647, 0.07444410771131516, -0.8723288774490356, 2.3900035436037044, 0.0, 0.0, 0.0, 1.0, 4.2647, 0.0, 0.5, 0.0, 4.2647, 0.5, 0.0, 0.0, 1.0]], ["14_mirror.png", [0.8751765489578247, -0.014008124358952045, 0.48360079526901245, -1.241095957346911, 0.023781536146998405, -0.9971267580986023, -0.0719207301735878, 0.19381405062299012, 0.483218789100647, 0.07444410771131516, -0.8723288774490356, 2.3900035436037044, 0.0, 0.0, 0.0, 1.0, 4.2647, 0.0, 0.5, 0.0, 4.2647, 0.5, 0.0, 0.0, 1.0]], ["15.png", [0.9944562911987305, 0.04907451942563057, -0.09299620240926743, 0.23333950344021193, 0.04736589640378952, -0.9986673593521118, -0.020493362098932266, 0.0523224309072298, -0.09387797862291336, 0.01597490720450878, -0.9954555034637451, 2.689389343207531, 0.0, 0.0, 0.0, 1.0, 4.2647, 0.0, 0.5, 0.0, 4.2647, 0.5, 0.0, 0.0, 1.0]], ["15_mirror.png", [0.9944562911987305, -0.04907451942563057, 0.09299620240926743, -0.23333950344021193, -0.04736589640378952, -0.9986673593521118, -0.020493362098932266, 0.0523224309072298, 0.09387797862291336, 0.01597490720450878, -0.9954555034637451, 2.689389343207531, 0.0, 0.0, 0.0, 1.0, 4.2647, 0.0, 0.5, 0.0, 4.2647, 0.5, 0.0, 0.0, 1.0]], ["16.png", [0.841842770576477, -0.3406459391117096, 0.41864195466041565, -1.069616990316931, -0.2972901463508606, -0.9400519132614136, -0.16709576547145844, 0.43409167152449, 0.45046567916870117, 0.016210228204727173, -0.8926466107368469, 2.440795754408472, 0.0, 0.0, 0.0, 1.0, 4.2647, 0.0, 0.5, 0.0, 4.2647, 0.5, 0.0, 0.0, 1.0]], ["16_mirror.png", [0.841842770576477, 0.3406459391117096, -0.41864195466041565, 1.069616990316931, 0.2972901463508606, -0.9400519132614136, -0.16709576547145844, 0.43409167152449, -0.45046567916870117, 0.016210228204727173, -0.8926466107368469, 2.440795754408472, 0.0, 0.0, 0.0, 1.0, 4.2647, 0.0, 0.5, 0.0, 4.2647, 0.5, 0.0, 0.0, 1.0]], ["17.png", [0.8088584542274475, 0.07141154259443283, -0.5836508870124817, 1.4988618270074683, 0.09488744288682938, -0.9954407215118408, 0.009705372154712677, -0.023025597005310948, -0.5802967548370361, -0.06323140859603882, -0.81194669008255, 2.245636445514364, 0.0, 0.0, 0.0, 1.0, 4.2647, 0.0, 0.5, 0.0, 4.2647, 0.5, 0.0, 0.0, 1.0]], ["17_mirror.png", [0.8088584542274475, -0.07141154259443283, 0.5836508870124817, -1.4988618270074683, -0.09488744288682938, -0.9954407215118408, 0.009705372154712677, -0.023025597005310948, 0.5802967548370361, -0.06323140859603882, -0.81194669008255, 2.245636445514364, 0.0, 0.0, 0.0, 1.0, 4.2647, 0.0, 0.5, 0.0, 4.2647, 0.5, 0.0, 0.0, 1.0]], ["18.png", [0.8426182866096497, 0.17965513467788696, -0.5076597929000854, 1.3053331958596504, 0.13525941967964172, -0.9830955862998962, -0.12340174615383148, 0.3157316727245746, -0.5212478637695312, 0.03531479835510254, -0.8526743054389954, 2.342310559815964, 0.0, 0.0, 0.0, 1.0, 4.2647, 0.0, 0.5, 0.0, 4.2647, 0.5, 0.0, 0.0, 1.0]], ["18_mirror.png", [0.8426182866096497, -0.17965513467788696, 0.5076597929000854, -1.3053331958596504, -0.13525941967964172, -0.9830955862998962, -0.12340174615383148, 0.3157316727245746, 0.5212478637695312, 0.03531479835510254, -0.8526743054389954, 2.342310559815964, 0.0, 0.0, 0.0, 1.0, 4.2647, 0.0, 0.5, 0.0, 4.2647, 0.5, 0.0, 0.0, 1.0]], ["19.png", [0.9749289155006409, -0.12100881338119507, -0.18673628568649292, 0.4699474128788874, -0.1111173927783966, -0.9918339252471924, 0.06259673833847046, -0.16675498134644123, -0.19278614223003387, -0.040277719497680664, -0.9804137945175171, 2.653552751562439, 0.0, 0.0, 0.0, 1.0, 4.2647, 0.0, 0.5, 0.0, 4.2647, 0.5, 0.0, 0.0, 1.0]], ["19_mirror.png", [0.9749289155006409, 0.12100881338119507, 0.18673628568649292, -0.4699474128788874, 0.1111173927783966, -0.9918339252471924, 0.06259673833847046, -0.16675498134644123, 0.19278614223003387, -0.040277719497680664, -0.9804137945175171, 2.653552751562439, 0.0, 0.0, 0.0, 1.0, 4.2647, 0.0, 0.5, 0.0, 4.2647, 0.5, 0.0, 0.0, 1.0]], ["2.png", [0.8222869038581848, 0.2571328282356262, -0.507668137550354, 1.3072449573321558, 0.20132294297218323, -0.9658488035202026, -0.16311094164848328, 0.41780713709122924, -0.5322718024253845, 0.03191874921321869, -0.8459715843200684, 2.3251984469557176, 0.0, 0.0, 0.0, 1.0, 4.2647, 0.0, 0.5, 0.0, 4.2647, 0.5, 0.0, 0.0, 1.0]], ["2_mirror.png", [0.8222869038581848, -0.2571328282356262, 0.507668137550354, -1.3072449573321558, -0.20132294297218323, -0.9658488035202026, -0.16311094164848328, 0.41780713709122924, 0.5322718024253845, 0.03191874921321869, -0.8459715843200684, 2.3251984469557176, 0.0, 0.0, 0.0, 1.0, 4.2647, 0.0, 0.5, 0.0, 4.2647, 0.5, 0.0, 0.0, 1.0]], ["3.png", [0.9546731114387512, -0.27633950114250183, 0.11061546951532364, -0.27571003091094043, -0.2593163847923279, -0.9545857310295105, -0.14670084416866302, 0.3797205319901151, 0.14613118767738342, 0.11136694997549057, -0.9829766750335693, 2.658908854481521, 0.0, 0.0, 0.0, 1.0, 4.2647, 0.0, 0.5, 0.0, 4.2647, 0.5, 0.0, 0.0, 1.0]], ["3_mirror.png", [0.9546731114387512, 0.27633950114250183, -0.11061546951532364, 0.27571003091094043, 0.2593163847923279, -0.9545857310295105, -0.14670084416866302, 0.3797205319901151, -0.14613118767738342, 0.11136694997549057, -0.9829766750335693, 2.658908854481521, 0.0, 0.0, 0.0, 1.0, 4.2647, 0.0, 0.5, 0.0, 4.2647, 0.5, 0.0, 0.0, 1.0]], ["4.png", [0.850369930267334, 0.09889238327741623, -0.5168086886405945, 1.3376763873673283, 0.04058898985385895, -0.9915818572044373, -0.12295503914356232, 0.3305214568832243, -0.5246174335479736, 0.08358052372932434, -0.8472253680229187, 2.321933988988422, 0.0, 0.0, 0.0, 1.0, 4.2647, 0.0, 0.5, 0.0, 4.2647, 0.5, 0.0, 0.0, 1.0]], ["4_mirror.png", [0.850369930267334, -0.09889238327741623, 0.5168086886405945, -1.3376763873673283, -0.04058898985385895, -0.9915818572044373, -0.12295503914356232, 0.3305214568832243, 0.5246174335479736, 0.08358052372932434, -0.8472253680229187, 2.321933988988422, 0.0, 0.0, 0.0, 1.0, 4.2647, 0.0, 0.5, 0.0, 4.2647, 0.5, 0.0, 0.0, 1.0]], ["5.png", [0.8926284909248352, 0.07880301773548126, -0.4438517987728119, 1.1385235592130203, 0.08127930760383606, -0.9966002106666565, -0.013479460030794144, 0.03235418620159475, -0.44340503215789795, -0.024043815210461617, -0.8959988355636597, 2.4480027189021154, 0.0, 0.0, 0.0, 1.0, 4.2647, 0.0, 0.5, 0.0, 4.2647, 0.5, 0.0, 0.0, 1.0]], ["5_mirror.png", [0.8926284909248352, -0.07880301773548126, 0.4438517987728119, -1.1385235592130203, -0.08127930760383606, -0.9966002106666565, -0.013479460030794144, 0.03235418620159475, 0.44340503215789795, -0.024043815210461617, -0.8959988355636597, 2.4480027189021154, 0.0, 0.0, 0.0, 1.0, 4.2647, 0.0, 0.5, 0.0, 4.2647, 0.5, 0.0, 0.0, 1.0]], ["6.png", [0.8120585680007935, -0.08128858357667923, -0.577886700630188, 1.4854762951273872, -0.1296139657497406, -0.9906408786773682, -0.042787518352270126, 0.12096801926664351, -0.5690000057220459, 0.10964815318584442, -0.8149945735931396, 2.251383333626088, 0.0, 0.0, 0.0, 1.0, 4.2647, 0.0, 0.5, 0.0, 4.2647, 0.5, 0.0, 0.0, 1.0]], ["6_mirror.png", [0.8120585680007935, 0.08128858357667923, 0.577886700630188, -1.4854762951273872, 0.1296139657497406, -0.9906408786773682, -0.042787518352270126, 0.12096801926664351, 0.5690000057220459, 0.10964815318584442, -0.8149945735931396, 2.251383333626088, 0.0, 0.0, 0.0, 1.0, 4.2647, 0.0, 0.5, 0.0, 4.2647, 0.5, 0.0, 0.0, 1.0]], ["7.png", [0.9402796626091003, -0.1168883666396141, 0.31970489025115967, -0.8161587508965097, -0.09454721957445145, -0.9919202327728271, -0.0845877081155777, 0.213568640052035, 0.32700905203819275, 0.049308892339468, -0.9437339305877686, 2.564814482437545, 0.0, 0.0, 0.0, 1.0, 4.2647, 0.0, 0.5, 0.0, 4.2647, 0.5, 0.0, 0.0, 1.0]], ["7_mirror.png", [0.9402796626091003, 0.1168883666396141, -0.31970489025115967, 0.8161587508965097, 0.09454721957445145, -0.9919202327728271, -0.0845877081155777, 0.213568640052035, -0.32700905203819275, 0.049308892339468, -0.9437339305877686, 2.564814482437545, 0.0, 0.0, 0.0, 1.0, 4.2647, 0.0, 0.5, 0.0, 4.2647, 0.5, 0.0, 0.0, 1.0]], ["8.png", [0.9784857034683228, 0.031367167830467224, -0.20391607284545898, 0.5233454429879016, 0.012716982513666153, -0.9956652522087097, -0.09213504940271378, 0.2558834134722079, -0.2059221714735031, 0.08755964040756226, -0.9746431708335876, 2.636405360716293, 0.0, 0.0, 0.0, 1.0, 4.2647, 0.0, 0.5, 0.0, 4.2647, 0.5, 0.0, 0.0, 1.0]], ["8_mirror.png", [0.9784857034683228, -0.031367167830467224, 0.20391607284545898, -0.5233454429879016, -0.012716982513666153, -0.9956652522087097, -0.09213504940271378, 0.2558834134722079, 0.2059221714735031, 0.08755964040756226, -0.9746431708335876, 2.636405360716293, 0.0, 0.0, 0.0, 1.0, 4.2647, 0.0, 0.5, 0.0, 4.2647, 0.5, 0.0, 0.0, 1.0]], ["9.png", [0.8086642026901245, 0.20005586743354797, -0.5532087087631226, 1.419187485315558, 0.20469963550567627, -0.9773228764533997, -0.05420363321900368, 0.13093661028515383, -0.5515072345733643, -0.0694090873003006, -0.8312773704528809, 2.293199181408091, 0.0, 0.0, 0.0, 1.0, 4.2647, 0.0, 0.5, 0.0, 4.2647, 0.5, 0.0, 0.0, 1.0]], ["9_mirror.png", [0.8086642026901245, -0.20005586743354797, 0.5532087087631226, -1.419187485315558, -0.20469963550567627, -0.9773228764533997, -0.05420363321900368, 0.13093661028515383, 0.5515072345733643, -0.0694090873003006, -0.8312773704528809, 2.293199181408091, 0.0, 0.0, 0.0, 1.0, 4.2647, 0.0, 0.5, 0.0, 4.2647, 0.5, 0.0, 0.0, 1.0]]]}