{"labels": [["6_0.png", [0.9313135147094727, -0.0908760130405426, 0.3526991307735443, -0.9063839469820303, -0.0177762508392334, -0.9785594344139099, -0.20519563555717468, 0.5341012778286811, 0.36378443241119385, 0.18483179807662964, -0.9129611253738403, 2.4866049074340393, 0.0, 0.0, 0.0, 1.0, 4.2647, 0.0, 0.5, 0.0, 4.2647, 0.5, 0.0, 0.0, 1.0]], ["6_0_mirror.png", [0.9313135147094727, 0.0908760130405426, -0.3526991307735443, 0.9063839469820303, 0.0177762508392334, -0.9785594344139099, -0.20519563555717468, 0.5341012778286811, -0.36378443241119385, 0.18483179807662964, -0.9129611253738403, 2.4866049074340393, 0.0, 0.0, 0.0, 1.0, 4.2647, 0.0, 0.5, 0.0, 4.2647, 0.5, 0.0, 0.0, 1.0]], ["6_1.png", [0.9918774366378784, -0.12397917360067368, -0.028430091217160225, 0.07888233270769075, -0.12655872106552124, -0.9842971563339233, -0.12305258959531784, 0.3219355275347968, -0.012727700173854828, 0.12565118074417114, -0.9919928312301636, 2.679577409536341, 0.0, 0.0, 0.0, 1.0, 4.2647, 0.0, 0.5, 0.0, 4.2647, 0.5, 0.0, 0.0, 1.0]], ["6_1_mirror.png", [0.9918774366378784, 0.12397917360067368, 0.028430091217160225, -0.07888233270769075, 0.12655872106552124, -0.9842971563339233, -0.12305258959531784, 0.3219355275347968, 0.012727700173854828, 0.12565118074417114, -0.9919928312301636, 2.679577409536341, 0.0, 0.0, 0.0, 1.0, 4.2647, 0.0, 0.5, 0.0, 4.2647, 0.5, 0.0, 0.0, 1.0]], ["6_10.png", [0.99283766746521, -0.050334829837083817, 0.10835026204586029, -0.2724044934692478, -0.03759864345192909, -0.9924744963645935, -0.11653584986925125, 0.29289405362547, 0.11340067535638809, 0.11162734776735306, -0.9872586131095886, 2.670207644601559, 0.0, 0.0, 0.0, 1.0, 4.2647, 0.0, 0.5, 0.0, 4.2647, 0.5, 0.0, 0.0, 1.0]], ["6_10_mirror.png", [0.99283766746521, 0.050334829837083817, -0.10835026204586029, 0.2724044934692478, 0.03759864345192909, -0.9924744963645935, -0.11653584986925125, 0.29289405362547, -0.11340067535638809, 0.11162734776735306, -0.9872586131095886, 2.670207644601559, 0.0, 0.0, 0.0, 1.0, 4.2647, 0.0, 0.5, 0.0, 4.2647, 0.5, 0.0, 0.0, 1.0]], ["6_11.png", [0.9246290922164917, -0.06424878537654877, 0.3754105865955353, -0.9582900115476742, -0.05510905012488365, -0.9978651404380798, -0.035044796764850616, 0.10253881999488766, 0.37686070799827576, 0.011714916676282883, -0.9261958003044128, 2.5221352152812933, 0.0, 0.0, 0.0, 1.0, 4.2647, 0.0, 0.5, 0.0, 4.2647, 0.5, 0.0, 0.0, 1.0]], ["6_11_mirror.png", [0.9246290922164917, 0.06424878537654877, -0.3754105865955353, 0.9582900115476742, 0.05510905012488365, -0.9978651404380798, -0.035044796764850616, 0.10253881999488766, -0.37686070799827576, 0.011714916676282883, -0.9261958003044128, 2.5221352152812933, 0.0, 0.0, 0.0, 1.0, 4.2647, 0.0, 0.5, 0.0, 4.2647, 0.5, 0.0, 0.0, 1.0]], ["6_12.png", [0.9946908354759216, -0.10253863036632538, -0.008712525479495525, 0.02041571488922242, -0.10138395428657532, -0.9619230031967163, -0.25382164120674133, 0.663363954323266, 0.01764574460685253, 0.2533573806285858, -0.9672117829322815, 2.6171609546778285, 0.0, 0.0, 0.0, 1.0, 4.2647, 0.0, 0.5, 0.0, 4.2647, 0.5, 0.0, 0.0, 1.0]], ["6_12_mirror.png", [0.9946908354759216, 0.10253863036632538, 0.008712525479495525, -0.02041571488922242, 0.10138395428657532, -0.9619230031967163, -0.25382164120674133, 0.663363954323266, -0.01764574460685253, 0.2533573806285858, -0.9672117829322815, 2.6171609546778285, 0.0, 0.0, 0.0, 1.0, 4.2647, 0.0, 0.5, 0.0, 4.2647, 0.5, 0.0, 0.0, 1.0]], ["6_13.png", [0.9308494925498962, 0.10336819291114807, 0.3504771590232849, -0.9013672201157189, 0.09559370577335358, -0.9946379065513611, 0.03946211561560631, -0.08352545071739433, 0.35267698764801025, -0.003229878842830658, -0.9357395768165588, 2.543729669910566, 0.0, 0.0, 0.0, 1.0, 4.2647, 0.0, 0.5, 0.0, 4.2647, 0.5, 0.0, 0.0, 1.0]], ["6_13_mirror.png", [0.9308494925498962, -0.10336819291114807, -0.3504771590232849, 0.9013672201157189, -0.09559370577335358, -0.9946379065513611, 0.03946211561560631, -0.08352545071739433, -0.35267698764801025, -0.003229878842830658, -0.9357395768165588, 2.543729669910566, 0.0, 0.0, 0.0, 1.0, 4.2647, 0.0, 0.5, 0.0, 4.2647, 0.5, 0.0, 0.0, 1.0]], ["6_14.png", [0.8455367684364319, -0.20552508533000946, 0.4927747845649719, -1.2578349853784165, -0.07128268480300903, -0.9581342339515686, -0.27730411291122437, 0.7203037112673066, 0.529137372970581, 0.19934454560279846, -0.8247880935668945, 2.27794067374298, 0.0, 0.0, 0.0, 1.0, 4.2647, 0.0, 0.5, 0.0, 4.2647, 0.5, 0.0, 0.0, 1.0]], ["6_14_mirror.png", [0.8455367684364319, 0.20552508533000946, -0.4927747845649719, 1.2578349853784165, 0.07128268480300903, -0.9581342339515686, -0.27730411291122437, 0.7203037112673066, -0.529137372970581, 0.19934454560279846, -0.8247880935668945, 2.27794067374298, 0.0, 0.0, 0.0, 1.0, 4.2647, 0.0, 0.5, 0.0, 4.2647, 0.5, 0.0, 0.0, 1.0]], ["6_15.png", [0.915867269039154, -0.03363100066781044, 0.40007010102272034, -1.0283606969917052, -0.041375886648893356, -0.9990859627723694, 0.010734518989920616, -0.018295917532165074, 0.3993434011936188, -0.02638464979827404, -0.91642165184021, 2.496425351634691, 0.0, 0.0, 0.0, 1.0, 4.2647, 0.0, 0.5, 0.0, 4.2647, 0.5, 0.0, 0.0, 1.0]], ["6_15_mirror.png", [0.915867269039154, 0.03363100066781044, -0.40007010102272034, 1.0283606969917052, 0.041375886648893356, -0.9990859627723694, 0.010734518989920616, -0.018295917532165074, -0.3993434011936188, -0.02638464979827404, -0.91642165184021, 2.496425351634691, 0.0, 0.0, 0.0, 1.0, 4.2647, 0.0, 0.5, 0.0, 4.2647, 0.5, 0.0, 0.0, 1.0]], ["6_16.png", [0.9990786910057068, -0.0393521673977375, 0.017122628167271614, -0.044639922492496466, -0.0341217927634716, -0.9703696966171265, -0.23920369148254395, 0.6126826966248643, 0.02602846547961235, 0.23839907348155975, -0.9708184003829956, 2.62918755332828, 0.0, 0.0, 0.0, 1.0, 4.2647, 0.0, 0.5, 0.0, 4.2647, 0.5, 0.0, 0.0, 1.0]], ["6_16_mirror.png", [0.9990786910057068, 0.0393521673977375, -0.017122628167271614, 0.044639922492496466, 0.0341217927634716, -0.9703696966171265, -0.23920369148254395, 0.6126826966248643, -0.02602846547961235, 0.23839907348155975, -0.9708184003829956, 2.62918755332828, 0.0, 0.0, 0.0, 1.0, 4.2647, 0.0, 0.5, 0.0, 4.2647, 0.5, 0.0, 0.0, 1.0]], ["6_17.png", [0.938264787197113, -0.03343655914068222, 0.3442981243133545, -0.8900391720047485, 0.013370063155889511, -0.9910683035850525, -0.1326831877231598, 0.3506259631692176, 0.34565943479537964, 0.12909527122974396, -0.9294373989105225, 2.524854789141102, 0.0, 0.0, 0.0, 1.0, 4.2647, 0.0, 0.5, 0.0, 4.2647, 0.5, 0.0, 0.0, 1.0]], ["6_17_mirror.png", [0.938264787197113, 0.03343655914068222, -0.3442981243133545, 0.8900391720047485, -0.013370063155889511, -0.9910683035850525, -0.1326831877231598, 0.3506259631692176, -0.34565943479537964, 0.12909527122974396, -0.9294373989105225, 2.524854789141102, 0.0, 0.0, 0.0, 1.0, 4.2647, 0.0, 0.5, 0.0, 4.2647, 0.5, 0.0, 0.0, 1.0]], ["6_18.png", [0.9805647134780884, -0.020358862355351448, 0.19513650238513947, -0.49934659618472615, 0.028428738936781883, -0.9693610668182373, -0.2439897656440735, 0.6404417132514192, 0.19412508606910706, 0.24479526281356812, -0.9499424695968628, 2.5749732792412265, 0.0, 0.0, 0.0, 1.0, 4.2647, 0.0, 0.5, 0.0, 4.2647, 0.5, 0.0, 0.0, 1.0]], ["6_18_mirror.png", [0.9805647134780884, 0.020358862355351448, -0.19513650238513947, 0.49934659618472615, -0.028428738936781883, -0.9693610668182373, -0.2439897656440735, 0.6404417132514192, -0.19412508606910706, 0.24479526281356812, -0.9499424695968628, 2.5749732792412265, 0.0, 0.0, 0.0, 1.0, 4.2647, 0.0, 0.5, 0.0, 4.2647, 0.5, 0.0, 0.0, 1.0]], ["6_19.png", [0.9962710738182068, -0.049718309193849564, 0.07051242887973785, -0.18326219628750903, -0.047642339020967484, -0.9983887076377869, -0.030824586749076843, 0.07816480576564894, 0.07193136215209961, 0.02735026739537716, -0.9970345497131348, 2.6926390828611804, 0.0, 0.0, 0.0, 1.0, 4.2647, 0.0, 0.5, 0.0, 4.2647, 0.5, 0.0, 0.0, 1.0]], ["6_19_mirror.png", [0.9962710738182068, 0.049718309193849564, -0.07051242887973785, 0.18326219628750903, 0.047642339020967484, -0.9983887076377869, -0.030824586749076843, 0.07816480576564894, -0.07193136215209961, 0.02735026739537716, -0.9970345497131348, 2.6926390828611804, 0.0, 0.0, 0.0, 1.0, 4.2647, 0.0, 0.5, 0.0, 4.2647, 0.5, 0.0, 0.0, 1.0]], ["6_2.png", [0.9146178364753723, 0.053111732006073, 0.4008159041404724, -1.0328859125210712, 0.12814195454120636, -0.97830730676651, -0.1627712845802307, 0.43064945908505786, 0.38347604870796204, 0.20023484528064728, -0.9015831351280212, 2.4571706768365242, 0.0, 0.0, 0.0, 1.0, 4.2647, 0.0, 0.5, 0.0, 4.2647, 0.5, 0.0, 0.0, 1.0]], ["6_2_mirror.png", [0.9146178364753723, -0.053111732006073, -0.4008159041404724, 1.0328859125210712, -0.12814195454120636, -0.97830730676651, -0.1627712845802307, 0.43064945908505786, -0.38347604870796204, 0.20023484528064728, -0.9015831351280212, 2.4571706768365242, 0.0, 0.0, 0.0, 1.0, 4.2647, 0.0, 0.5, 0.0, 4.2647, 0.5, 0.0, 0.0, 1.0]], ["6_3.png", [0.8761328458786011, 0.31662875413894653, -0.3635071814060211, 0.9303717738754237, 0.21505294740200043, -0.9315772652626038, -0.29311439394950867, 0.7395196350013638, -0.431443452835083, 0.17863386869430542, -0.88427734375, 2.4243595178569013, 0.0, 0.0, 0.0, 1.0, 4.2647, 0.0, 0.5, 0.0, 4.2647, 0.5, 0.0, 0.0, 1.0]], ["6_3_mirror.png", [0.8761328458786011, -0.31662875413894653, 0.3635071814060211, -0.9303717738754237, -0.21505294740200043, -0.9315772652626038, -0.29311439394950867, 0.7395196350013638, 0.431443452835083, 0.17863386869430542, -0.88427734375, 2.4243595178569013, 0.0, 0.0, 0.0, 1.0, 4.2647, 0.0, 0.5, 0.0, 4.2647, 0.5, 0.0, 0.0, 1.0]], ["6_4.png", [0.9869523048400879, -0.021326236426830292, -0.15959450602531433, 0.4079665627082875, -0.05127294734120369, -0.9812185764312744, -0.18596036732196808, 0.4862420085660072, -0.1526312530040741, 0.19171689450740814, -0.9695093631744385, 2.624334580959082, 0.0, 0.0, 0.0, 1.0, 4.2647, 0.0, 0.5, 0.0, 4.2647, 0.5, 0.0, 0.0, 1.0]], ["6_4_mirror.png", [0.9869523048400879, 0.021326236426830292, 0.15959450602531433, -0.4079665627082875, 0.05127294734120369, -0.9812185764312744, -0.18596036732196808, 0.4862420085660072, 0.1526312530040741, 0.19171689450740814, -0.9695093631744385, 2.624334580959082, 0.0, 0.0, 0.0, 1.0, 4.2647, 0.0, 0.5, 0.0, 4.2647, 0.5, 0.0, 0.0, 1.0]], ["6_5.png", [0.9935320019721985, -0.03877844288945198, 0.10672555863857269, -0.2714846399385209, -0.019231360405683517, -0.9837664365768433, -0.17841987311840057, 0.44854788484142183, 0.11191187053918839, 0.17521339654922485, -0.9781492352485657, 2.6486035726929273, 0.0, 0.0, 0.0, 1.0, 4.2647, 0.0, 0.5, 0.0, 4.2647, 0.5, 0.0, 0.0, 1.0]], ["6_5_mirror.png", [0.9935320019721985, 0.03877844288945198, -0.10672555863857269, 0.2714846399385209, 0.019231360405683517, -0.9837664365768433, -0.17841987311840057, 0.44854788484142183, -0.11191187053918839, 0.17521339654922485, -0.9781492352485657, 2.6486035726929273, 0.0, 0.0, 0.0, 1.0, 4.2647, 0.0, 0.5, 0.0, 4.2647, 0.5, 0.0, 0.0, 1.0]], ["6_6.png", [0.8877137899398804, -0.1636451929807663, 0.43033066391944885, -1.0984036904772232, -0.18016673624515533, -0.9836331605911255, -0.002394287381321192, 0.014421657516574185, 0.42367932200431824, -0.07540583610534668, -0.9026681780815125, 2.466434947153582, 0.0, 0.0, 0.0, 1.0, 4.2647, 0.0, 0.5, 0.0, 4.2647, 0.5, 0.0, 0.0, 1.0]], ["6_6_mirror.png", [0.8877137899398804, 0.1636451929807663, -0.43033066391944885, 1.0984036904772232, 0.18016673624515533, -0.9836331605911255, -0.002394287381321192, 0.014421657516574185, -0.42367932200431824, -0.07540583610534668, -0.9026681780815125, 2.466434947153582, 0.0, 0.0, 0.0, 1.0, 4.2647, 0.0, 0.5, 0.0, 4.2647, 0.5, 0.0, 0.0, 1.0]], ["6_7.png", [0.959894061088562, -0.1827302873134613, 0.21263360977172852, -0.5397899210596417, -0.11784078925848007, -0.9511351585388184, -0.28540417551994324, 0.7412986014236485, 0.2543953061103821, 0.24890084564685822, -0.9345220327377319, 2.539508461228229, 0.0, 0.0, 0.0, 1.0, 4.2647, 0.0, 0.5, 0.0, 4.2647, 0.5, 0.0, 0.0, 1.0]], ["6_7_mirror.png", [0.959894061088562, 0.1827302873134613, -0.21263360977172852, 0.5397899210596417, 0.11784078925848007, -0.9511351585388184, -0.28540417551994324, 0.7412986014236485, -0.2543953061103821, 0.24890084564685822, -0.9345220327377319, 2.539508461228229, 0.0, 0.0, 0.0, 1.0, 4.2647, 0.0, 0.5, 0.0, 4.2647, 0.5, 0.0, 0.0, 1.0]], ["6_8.png", [0.977672278881073, -0.047722797840833664, 0.20464441180229187, -0.5246140537367574, -0.0350724458694458, -0.9972683191299438, -0.065005823969841, 0.17363409312811218, 0.20718765258789062, 0.056377019733190536, -0.9766753911972046, 2.642845303139301, 0.0, 0.0, 0.0, 1.0, 4.2647, 0.0, 0.5, 0.0, 4.2647, 0.5, 0.0, 0.0, 1.0]], ["6_8_mirror.png", [0.977672278881073, 0.047722797840833664, -0.20464441180229187, 0.5246140537367574, 0.0350724458694458, -0.9972683191299438, -0.065005823969841, 0.17363409312811218, -0.20718765258789062, 0.056377019733190536, -0.9766753911972046, 2.642845303139301, 0.0, 0.0, 0.0, 1.0, 4.2647, 0.0, 0.5, 0.0, 4.2647, 0.5, 0.0, 0.0, 1.0]], ["6_9.png", [0.9356953501701355, -0.06188856065273285, 0.3473384380340576, -0.8914393766530542, -0.019489604979753494, -0.9920581579208374, -0.1242612674832344, 0.33090699190686457, 0.3522702753543854, 0.10950120538473129, -0.9294703602790833, 2.527021250496237, 0.0, 0.0, 0.0, 1.0, 4.2647, 0.0, 0.5, 0.0, 4.2647, 0.5, 0.0, 0.0, 1.0]], ["6_9_mirror.png", [0.9356953501701355, 0.06188856065273285, -0.3473384380340576, 0.8914393766530542, 0.019489604979753494, -0.9920581579208374, -0.1242612674832344, 0.33090699190686457, -0.3522702753543854, 0.10950120538473129, -0.9294703602790833, 2.527021250496237, 0.0, 0.0, 0.0, 1.0, 4.2647, 0.0, 0.5, 0.0, 4.2647, 0.5, 0.0, 0.0, 1.0]]]}