{"labels": [["0_12.png", [0.9947535395622253, -0.07205745577812195, 0.07261662185192108, -0.1871440190759173, -0.06244305521249771, -0.9899439811706543, -0.126932293176651, 0.3150097599804082, 0.08103280514478683, 0.12173192948102951, -0.9892497062683105, 2.6750226106037305, 0.0, 0.0, 0.0, 1.0, 4.2647, 0.0, 0.5, 0.0, 4.2647, 0.5, 0.0, 0.0, 1.0]], ["0_11.png", [0.9609301686286926, 0.11503047496080399, 0.2517562508583069, -0.6420058281140391, 0.16647034883499146, -0.9668464064598083, -0.19363799691200256, 0.5030723735695213, 0.22113536298274994, 0.2279825508594513, -0.9482210278511047, 2.573858330137604, 0.0, 0.0, 0.0, 1.0, 4.2647, 0.0, 0.5, 0.0, 4.2647, 0.5, 0.0, 0.0, 1.0]], ["0_6.png", [0.8363486528396606, 0.051226500421762466, 0.5457992553710938, -1.385342279961675, 0.10780424624681473, -0.9915521144866943, -0.07212942093610764, 0.18349512303817364, 0.5374934673309326, 0.11916482448577881, -0.8348056674003601, 2.3102286266020933, 0.0, 0.0, 0.0, 1.0, 4.2647, 0.0, 0.5, 0.0, 4.2647, 0.5, 0.0, 0.0, 1.0]]]}