{"labels": [["0_2.png", [0.9082533717155457, -0.08823393285274506, -0.4090116620063782, 1.0426735208916558, -0.13983504474163055, -0.985317051410675, -0.09796113520860672, 0.2577523973464012, -0.3943626880645752, 0.14616769552230835, -0.9072558283805847, 2.477174929328484, 0.0, 0.0, 0.0, 1.0, 4.2647, 0.0, 0.5, 0.0, 4.2647, 0.5, 0.0, 0.0, 1.0]], ["0_18.png", [0.9552445411682129, -0.0063744038343429565, -0.29574885964393616, 0.7561577114328878, -0.08442472666501999, -0.9640621542930603, -0.25190606713294983, 0.647041583408769, -0.28351449966430664, 0.26560038328170776, -0.9214531779289246, 2.509892966797678, 0.0, 0.0, 0.0, 1.0, 4.2647, 0.0, 0.5, 0.0, 4.2647, 0.5, 0.0, 0.0, 1.0]], ["0_15.png", [0.9835677742958069, -0.1804877072572708, 0.0043333848007023335, -0.015366511823019803, -0.1772380769252777, -0.9698718190193176, -0.16713862121105194, 0.4218006669037792, 0.03436928987503052, 0.1636240929365158, -0.9859238862991333, 2.6668048424498405, 0.0, 0.0, 0.0, 1.0, 4.2647, 0.0, 0.5, 0.0, 4.2647, 0.5, 0.0, 0.0, 1.0]]]}