{"labels": [["8_0.png", [0.9937951564788818, 0.06680813431739807, -0.0889260396361351, 0.220367619374697, 0.05245373398065567, -0.9865275621414185, -0.15495795011520386, 0.3926994677366149, -0.09808044880628586, 0.1493319571018219, -0.9839106202125549, 2.6621842987236084, 0.0, 0.0, 0.0, 1.0, 4.2647, 0.0, 0.5, 0.0, 4.2647, 0.5, 0.0, 0.0, 1.0]], ["8_0_mirror.png", [0.9937951564788818, -0.06680813431739807, 0.0889260396361351, -0.220367619374697, -0.05245373398065567, -0.9865275621414185, -0.15495795011520386, 0.3926994677366149, 0.09808044880628586, 0.1493319571018219, -0.9839106202125549, 2.6621842987236084, 0.0, 0.0, 0.0, 1.0, 4.2647, 0.0, 0.5, 0.0, 4.2647, 0.5, 0.0, 0.0, 1.0]], ["8_1.png", [0.9957862496376038, 0.03431824594736099, -0.08504065871238708, 0.21065649744013162, 0.021838529035449028, -0.9894013404846191, -0.14355501532554626, 0.3595432935405988, -0.08906589448451996, 0.1410929560661316, -0.9859817624092102, 2.667649238591205, 0.0, 0.0, 0.0, 1.0, 4.2647, 0.0, 0.5, 0.0, 4.2647, 0.5, 0.0, 0.0, 1.0]], ["8_1_mirror.png", [0.9957862496376038, -0.03431824594736099, 0.08504065871238708, -0.21065649744013162, -0.021838529035449028, -0.9894013404846191, -0.14355501532554626, 0.3595432935405988, 0.08906589448451996, 0.1410929560661316, -0.9859817624092102, 2.667649238591205, 0.0, 0.0, 0.0, 1.0, 4.2647, 0.0, 0.5, 0.0, 4.2647, 0.5, 0.0, 0.0, 1.0]], ["8_10.png", [0.9928423762321472, 0.07502984255552292, -0.09292170405387878, 0.23498577078833138, 0.053365956991910934, -0.9747433066368103, -0.2168583869934082, 0.5549554463977573, -0.1068456619977951, 0.21034735441207886, -0.9717705845832825, 2.6318826227703394, 0.0, 0.0, 0.0, 1.0, 4.2647, 0.0, 0.5, 0.0, 4.2647, 0.5, 0.0, 0.0, 1.0]], ["8_10_mirror.png", [0.9928423762321472, -0.07502984255552292, 0.09292170405387878, -0.23498577078833138, -0.053365956991910934, -0.9747433066368103, -0.2168583869934082, 0.5549554463977573, 0.1068456619977951, 0.21034735441207886, -0.9717705845832825, 2.6318826227703394, 0.0, 0.0, 0.0, 1.0, 4.2647, 0.0, 0.5, 0.0, 4.2647, 0.5, 0.0, 0.0, 1.0]], ["8_11.png", [0.9883521199226379, 0.11627697944641113, -0.09818200767040253, 0.24570520867415366, 0.09364883601665497, -0.9732319116592407, -0.20987994968891144, 0.5337003155122174, -0.1199580654501915, 0.19824068248271942, -0.9727849960327148, 2.635297501925077, 0.0, 0.0, 0.0, 1.0, 4.2647, 0.0, 0.5, 0.0, 4.2647, 0.5, 0.0, 0.0, 1.0]], ["8_11_mirror.png", [0.9883521199226379, -0.11627697944641113, 0.09818200767040253, -0.24570520867415366, -0.09364883601665497, -0.9732319116592407, -0.20987994968891144, 0.5337003155122174, 0.1199580654501915, 0.19824068248271942, -0.9727849960327148, 2.635297501925077, 0.0, 0.0, 0.0, 1.0, 4.2647, 0.0, 0.5, 0.0, 4.2647, 0.5, 0.0, 0.0, 1.0]], ["8_12.png", [0.987187385559082, 0.15189988911151886, -0.04886263981461525, 0.11795044260527836, 0.13750453293323517, -0.9651950001716614, -0.2224661260843277, 0.5677979001057919, -0.08095455169677734, 0.2128969132900238, -0.9737151861190796, 2.6369856347209537, 0.0, 0.0, 0.0, 1.0, 4.2647, 0.0, 0.5, 0.0, 4.2647, 0.5, 0.0, 0.0, 1.0]], ["8_12_mirror.png", [0.987187385559082, -0.15189988911151886, 0.04886263981461525, -0.11795044260527836, -0.13750453293323517, -0.9651950001716614, -0.2224661260843277, 0.5677979001057919, 0.08095455169677734, 0.2128969132900238, -0.9737151861190796, 2.6369856347209537, 0.0, 0.0, 0.0, 1.0, 4.2647, 0.0, 0.5, 0.0, 4.2647, 0.5, 0.0, 0.0, 1.0]], ["8_13.png", [0.9740355014801025, -0.17785900831222534, -0.14007490873336792, 0.3529813391245217, -0.18433381617069244, -0.9822549819946289, -0.034587182104587555, 0.08449341364061783, -0.13143762946128845, 0.05950968712568283, -0.9895366430282593, 2.675493419405328, 0.0, 0.0, 0.0, 1.0, 4.2647, 0.0, 0.5, 0.0, 4.2647, 0.5, 0.0, 0.0, 1.0]], ["8_13_mirror.png", [0.9740355014801025, 0.17785900831222534, 0.14007490873336792, -0.3529813391245217, 0.18433381617069244, -0.9822549819946289, -0.034587182104587555, 0.08449341364061783, 0.13143762946128845, 0.05950968712568283, -0.9895366430282593, 2.675493419405328, 0.0, 0.0, 0.0, 1.0, 4.2647, 0.0, 0.5, 0.0, 4.2647, 0.5, 0.0, 0.0, 1.0]], ["8_14.png", [0.9941290020942688, 0.10817630589008331, -0.002329182578250766, 0.003746744269924419, 0.10744412988424301, -0.9894851446151733, -0.09682418406009674, 0.2450468813967283, -0.01277877390384674, 0.09600546956062317, -0.9952988028526306, 2.6888544006370285, 0.0, 0.0, 0.0, 1.0, 4.2647, 0.0, 0.5, 0.0, 4.2647, 0.5, 0.0, 0.0, 1.0]], ["8_14_mirror.png", [0.9941290020942688, -0.10817630589008331, 0.002329182578250766, -0.003746744269924419, -0.10744412988424301, -0.9894851446151733, -0.09682418406009674, 0.2450468813967283, 0.01277877390384674, 0.09600546956062317, -0.9952988028526306, 2.6888544006370285, 0.0, 0.0, 0.0, 1.0, 4.2647, 0.0, 0.5, 0.0, 4.2647, 0.5, 0.0, 0.0, 1.0]], ["8_15.png", [0.9696469306945801, 0.13350318372249603, -0.20484568178653717, 0.5179495284566, 0.10552583634853363, -0.9842344522476196, -0.1419391930103302, 0.35661871092406106, -0.22056551277637482, 0.11601439863443375, -0.9684479832649231, 2.625747775585166, 0.0, 0.0, 0.0, 1.0, 4.2647, 0.0, 0.5, 0.0, 4.2647, 0.5, 0.0, 0.0, 1.0]], ["8_15_mirror.png", [0.9696469306945801, -0.13350318372249603, 0.20484568178653717, -0.5179495284566, -0.10552583634853363, -0.9842344522476196, -0.1419391930103302, 0.35661871092406106, 0.22056551277637482, 0.11601439863443375, -0.9684479832649231, 2.625747775585166, 0.0, 0.0, 0.0, 1.0, 4.2647, 0.0, 0.5, 0.0, 4.2647, 0.5, 0.0, 0.0, 1.0]], ["8_16.png", [0.9935984015464783, 0.0724237933754921, -0.08670063316822052, 0.21467977260272345, 0.057808756828308105, -0.985328197479248, -0.1605815440416336, 0.40919966074481695, -0.09705850481987, 0.1545415073633194, -0.9832072854042053, 2.660163196663237, 0.0, 0.0, 0.0, 1.0, 4.2647, 0.0, 0.5, 0.0, 4.2647, 0.5, 0.0, 0.0, 1.0]], ["8_16_mirror.png", [0.9935984015464783, -0.0724237933754921, 0.08670063316822052, -0.21467977260272345, -0.057808756828308105, -0.985328197479248, -0.1605815440416336, 0.40919966074481695, 0.09705850481987, 0.1545415073633194, -0.9832072854042053, 2.660163196663237, 0.0, 0.0, 0.0, 1.0, 4.2647, 0.0, 0.5, 0.0, 4.2647, 0.5, 0.0, 0.0, 1.0]], ["8_17.png", [0.9949392080307007, 0.09904251247644424, -0.016927208751440048, 0.039467589529754356, 0.09594841301441193, -0.9865168333053589, -0.13258345425128937, 0.33361993363121123, -0.02983037382364273, 0.13028834760189056, -0.9910272359848022, 2.679018486173736, 0.0, 0.0, 0.0, 1.0, 4.2647, 0.0, 0.5, 0.0, 4.2647, 0.5, 0.0, 0.0, 1.0]], ["8_17_mirror.png", [0.9949392080307007, -0.09904251247644424, 0.016927208751440048, -0.039467589529754356, -0.09594841301441193, -0.9865168333053589, -0.13258345425128937, 0.33361993363121123, 0.02983037382364273, 0.13028834760189056, -0.9910272359848022, 2.679018486173736, 0.0, 0.0, 0.0, 1.0, 4.2647, 0.0, 0.5, 0.0, 4.2647, 0.5, 0.0, 0.0, 1.0]], ["8_18.png", [0.9639776349067688, 0.21643362939357758, -0.15460801124572754, 0.3853455497061118, 0.20087289810180664, -0.9733982086181641, -0.11020863056182861, 0.2706576807967589, -0.17434802651405334, 0.07518210262060165, -0.9818097352981567, 2.6586186689985114, 0.0, 0.0, 0.0, 1.0, 4.2647, 0.0, 0.5, 0.0, 4.2647, 0.5, 0.0, 0.0, 1.0]], ["8_18_mirror.png", [0.9639776349067688, -0.21643362939357758, 0.15460801124572754, -0.3853455497061118, -0.20087289810180664, -0.9733982086181641, -0.11020863056182861, 0.2706576807967589, 0.17434802651405334, 0.07518210262060165, -0.9818097352981567, 2.6586186689985114, 0.0, 0.0, 0.0, 1.0, 4.2647, 0.0, 0.5, 0.0, 4.2647, 0.5, 0.0, 0.0, 1.0]], ["8_19.png", [0.9443309307098389, 0.29213932156562805, -0.15130658447742462, 0.38597108916127404, 0.2528914213180542, -0.9387339353561401, -0.23414650559425354, 0.5875790733302173, -0.2104400247335434, 0.18284764885902405, -0.9603549838066101, 2.606871141985362, 0.0, 0.0, 0.0, 1.0, 4.2647, 0.0, 0.5, 0.0, 4.2647, 0.5, 0.0, 0.0, 1.0]], ["8_19_mirror.png", [0.9443309307098389, -0.29213932156562805, 0.15130658447742462, -0.38597108916127404, -0.2528914213180542, -0.9387339353561401, -0.23414650559425354, 0.5875790733302173, 0.2104400247335434, 0.18284764885902405, -0.9603549838066101, 2.606871141985362, 0.0, 0.0, 0.0, 1.0, 4.2647, 0.0, 0.5, 0.0, 4.2647, 0.5, 0.0, 0.0, 1.0]], ["8_2.png", [0.9661893248558044, -0.020286453887820244, -0.2570343613624573, 0.6550866925486599, -0.059696264564991, -0.9874128699302673, -0.1464659869670868, 0.37121901059278173, -0.25082772970199585, 0.15685786306858063, -0.9552387595176697, 2.5928860120375856, 0.0, 0.0, 0.0, 1.0, 4.2647, 0.0, 0.5, 0.0, 4.2647, 0.5, 0.0, 0.0, 1.0]], ["8_2_mirror.png", [0.9661893248558044, 0.020286453887820244, 0.2570343613624573, -0.6550866925486599, 0.059696264564991, -0.9874128699302673, -0.1464659869670868, 0.37121901059278173, 0.25082772970199585, 0.15685786306858063, -0.9552387595176697, 2.5928860120375856, 0.0, 0.0, 0.0, 1.0, 4.2647, 0.0, 0.5, 0.0, 4.2647, 0.5, 0.0, 0.0, 1.0]], ["8_3.png", [0.9471579194068909, 0.2881723642349243, -0.14088530838489532, 0.35777687521427015, 0.25255969166755676, -0.9407447576522827, -0.22630268335342407, 0.5704953137605511, -0.19775128364562988, 0.17876240611076355, -0.9638144969940186, 2.614676041986687, 0.0, 0.0, 0.0, 1.0, 4.2647, 0.0, 0.5, 0.0, 4.2647, 0.5, 0.0, 0.0, 1.0]], ["8_3_mirror.png", [0.9471579194068909, -0.2881723642349243, 0.14088530838489532, -0.35777687521427015, -0.25255969166755676, -0.9407447576522827, -0.22630268335342407, 0.5704953137605511, 0.19775128364562988, 0.17876240611076355, -0.9638144969940186, 2.614676041986687, 0.0, 0.0, 0.0, 1.0, 4.2647, 0.0, 0.5, 0.0, 4.2647, 0.5, 0.0, 0.0, 1.0]], ["8_4.png", [0.9721958041191101, 0.1788780838251114, -0.15112222731113434, 0.3788943828239761, 0.16432692110538483, -0.9809153079986572, -0.10393121838569641, 0.262747776975662, -0.16682912409305573, 0.07620804011821747, -0.9830362796783447, 2.660338822849223, 0.0, 0.0, 0.0, 1.0, 4.2647, 0.0, 0.5, 0.0, 4.2647, 0.5, 0.0, 0.0, 1.0]], ["8_4_mirror.png", [0.9721958041191101, -0.1788780838251114, 0.15112222731113434, -0.3788943828239761, -0.16432692110538483, -0.9809153079986572, -0.10393121838569641, 0.262747776975662, 0.16682912409305573, 0.07620804011821747, -0.9830362796783447, 2.660338822849223, 0.0, 0.0, 0.0, 1.0, 4.2647, 0.0, 0.5, 0.0, 4.2647, 0.5, 0.0, 0.0, 1.0]], ["8_5.png", [0.9631079435348511, -0.03307560831308365, -0.2670750617980957, 0.6755683132983132, -0.0759185180068016, -0.985503077507019, -0.1517236828804016, 0.3871419128207411, -0.2581849694252014, 0.16640223562717438, -0.9516569375991821, 2.5852908140874153, 0.0, 0.0, 0.0, 1.0, 4.2647, 0.0, 0.5, 0.0, 4.2647, 0.5, 0.0, 0.0, 1.0]], ["8_5_mirror.png", [0.9631079435348511, 0.03307560831308365, 0.2670750617980957, -0.6755683132983132, 0.0759185180068016, -0.985503077507019, -0.1517236828804016, 0.3871419128207411, 0.2581849694252014, 0.16640223562717438, -0.9516569375991821, 2.5852908140874153, 0.0, 0.0, 0.0, 1.0, 4.2647, 0.0, 0.5, 0.0, 4.2647, 0.5, 0.0, 0.0, 1.0]], ["8_6.png", [0.9831808805465698, 0.12324324250221252, -0.13478289544582367, 0.3359243101172308, 0.10031672567129135, -0.9811192154884338, -0.16535347700119019, 0.4314813242485799, -0.15261678397655487, 0.14905139803886414, -0.976980984210968, 2.644045900641091, 0.0, 0.0, 0.0, 1.0, 4.2647, 0.0, 0.5, 0.0, 4.2647, 0.5, 0.0, 0.0, 1.0]], ["8_6_mirror.png", [0.9831808805465698, -0.12324324250221252, 0.13478289544582367, -0.3359243101172308, -0.10031672567129135, -0.9811192154884338, -0.16535347700119019, 0.4314813242485799, 0.15261678397655487, 0.14905139803886414, -0.976980984210968, 2.644045900641091, 0.0, 0.0, 0.0, 1.0, 4.2647, 0.0, 0.5, 0.0, 4.2647, 0.5, 0.0, 0.0, 1.0]], ["8_7.png", [0.9632903933525085, 0.26795563101768494, -0.01647636666893959, 0.039018524809149864, 0.2624889314174652, -0.9529574513435364, -0.15156413614749908, 0.3829122966912027, -0.056313738226890564, 0.1416754126548767, -0.9883100986480713, 2.6724250649483863, 0.0, 0.0, 0.0, 1.0, 4.2647, 0.0, 0.5, 0.0, 4.2647, 0.5, 0.0, 0.0, 1.0]], ["8_7_mirror.png", [0.9632903933525085, -0.26795563101768494, 0.01647636666893959, -0.039018524809149864, -0.2624889314174652, -0.9529574513435364, -0.15156413614749908, 0.3829122966912027, 0.056313738226890564, 0.1416754126548767, -0.9883100986480713, 2.6724250649483863, 0.0, 0.0, 0.0, 1.0, 4.2647, 0.0, 0.5, 0.0, 4.2647, 0.5, 0.0, 0.0, 1.0]], ["8_8.png", [0.9936547875404358, -0.09963473677635193, 0.05218249931931496, -0.13265268432115507, -0.09365986287593842, -0.9898838400840759, -0.1065729483962059, 0.2663364716551545, 0.06227297708392143, 0.1010093167424202, -0.9929346442222595, 2.683555132507748, 0.0, 0.0, 0.0, 1.0, 4.2647, 0.0, 0.5, 0.0, 4.2647, 0.5, 0.0, 0.0, 1.0]], ["8_8_mirror.png", [0.9936547875404358, 0.09963473677635193, -0.05218249931931496, 0.13265268432115507, 0.09365986287593842, -0.9898838400840759, -0.1065729483962059, 0.2663364716551545, -0.06227297708392143, 0.1010093167424202, -0.9929346442222595, 2.683555132507748, 0.0, 0.0, 0.0, 1.0, 4.2647, 0.0, 0.5, 0.0, 4.2647, 0.5, 0.0, 0.0, 1.0]], ["8_9.png", [0.948199987411499, 0.2877461016178131, -0.13460664451122284, 0.3415817923383045, 0.2527647614479065, -0.9400421380996704, -0.22897771000862122, 0.5828119575739079, -0.19242337346076965, 0.18309286236763, -0.9640800356864929, 2.614125494549147, 0.0, 0.0, 0.0, 1.0, 4.2647, 0.0, 0.5, 0.0, 4.2647, 0.5, 0.0, 0.0, 1.0]], ["8_9_mirror.png", [0.948199987411499, -0.2877461016178131, 0.13460664451122284, -0.3415817923383045, -0.2527647614479065, -0.9400421380996704, -0.22897771000862122, 0.5828119575739079, 0.19242337346076965, 0.18309286236763, -0.9640800356864929, 2.614125494549147, 0.0, 0.0, 0.0, 1.0, 4.2647, 0.0, 0.5, 0.0, 4.2647, 0.5, 0.0, 0.0, 1.0]]]}