{"labels": [["3_13.png", [0.8083071708679199, 0.1027836799621582, -0.5797197818756104, 1.492120586470005, 0.04451446235179901, -0.9924943447113037, -0.11390133947134018, 0.29187135193998515, -0.5870757699012756, 0.06626135855913162, -0.8068156242370605, 2.231229990240615, 0.0, 0.0, 0.0, 1.0, 4.2647, 0.0, 0.5, 0.0, 4.2647, 0.5, 0.0, 0.0, 1.0]], ["4_9.png", [0.9488210678100586, 0.14320090413093567, -0.28148186206817627, 0.7170289147541306, 0.1047128438949585, -0.9835200905799866, -0.14738862216472626, 0.36789503777924437, -0.29794925451278687, 0.11037067323923111, -0.9481796026229858, 2.576921181678618, 0.0, 0.0, 0.0, 1.0, 4.2647, 0.0, 0.5, 0.0, 4.2647, 0.5, 0.0, 0.0, 1.0]], ["2_14.png", [0.8937585353851318, 0.052154287695884705, -0.4455060064792633, 1.1407522879638676, -0.0660916119813919, -0.9670640826225281, -0.24580250680446625, 0.6271864227170312, -0.44365251064300537, 0.24913230538368225, -0.8608748316764832, 2.365443173839654, 0.0, 0.0, 0.0, 1.0, 4.2647, 0.0, 0.5, 0.0, 4.2647, 0.5, 0.0, 0.0, 1.0]]]}