{"labels": [["0_0.png", [0.9974565505981445, -0.053084276616573334, -0.047566160559654236, 0.11631475487623409, -0.0546506829559803, -0.9979842901229858, -0.03225838392972946, 0.08999427172360072, -0.04575786739587784, 0.034775856882333755, -0.9983471035957336, 2.695991822846468, 0.0, 0.0, 0.0, 1.0, 4.2647, 0.0, 0.5, 0.0, 4.2647, 0.5, 0.0, 0.0, 1.0]], ["0_0_mirror.png", [0.9974565505981445, 0.053084276616573334, 0.047566160559654236, -0.11631475487623409, 0.0546506829559803, -0.9979842901229858, -0.03225838392972946, 0.08999427172360072, 0.04575786739587784, 0.034775856882333755, -0.9983471035957336, 2.695991822846468, 0.0, 0.0, 0.0, 1.0, 4.2647, 0.0, 0.5, 0.0, 4.2647, 0.5, 0.0, 0.0, 1.0]], ["0_1.png", [0.9988725185394287, -0.03705562278628349, -0.029674464836716652, 0.0699989340874462, -0.03613313287496567, -0.9988647103309631, 0.03104216977953911, -0.07598731687109203, -0.030791060999035835, -0.02993493713438511, -0.9990774989128113, 2.698022623496948, 0.0, 0.0, 0.0, 1.0, 4.2647, 0.0, 0.5, 0.0, 4.2647, 0.5, 0.0, 0.0, 1.0]], ["0_1_mirror.png", [0.9988725185394287, 0.03705562278628349, 0.029674464836716652, -0.0699989340874462, 0.03613313287496567, -0.9988647103309631, 0.03104216977953911, -0.07598731687109203, 0.030791060999035835, -0.02993493713438511, -0.9990774989128113, 2.698022623496948, 0.0, 0.0, 0.0, 1.0, 4.2647, 0.0, 0.5, 0.0, 4.2647, 0.5, 0.0, 0.0, 1.0]], ["0_10.png", [0.9984754323959351, -0.052965544164180756, -0.015540760941803455, 0.03296368103420235, -0.05249118432402611, -0.9981858134269714, 0.029490068554878235, -0.07068116632670676, -0.017074525356292725, -0.028629355132579803, -0.9994442462921143, 2.698873388741935, 0.0, 0.0, 0.0, 1.0, 4.2647, 0.0, 0.5, 0.0, 4.2647, 0.5, 0.0, 0.0, 1.0]], ["0_10_mirror.png", [0.9984754323959351, 0.052965544164180756, 0.015540760941803455, -0.03296368103420235, 0.05249118432402611, -0.9981858134269714, 0.029490068554878235, -0.07068116632670676, 0.017074525356292725, -0.028629355132579803, -0.9994442462921143, 2.698873388741935, 0.0, 0.0, 0.0, 1.0, 4.2647, 0.0, 0.5, 0.0, 4.2647, 0.5, 0.0, 0.0, 1.0]], ["0_11.png", [0.9989061951637268, -0.034509360790252686, -0.03155248239636421, 0.07477544687208083, -0.033511824905872345, -0.9989381432533264, 0.031615398824214935, -0.07715588149424085, -0.032610002905130386, -0.030523430556058884, -0.9990019798278809, 2.697861301567582, 0.0, 0.0, 0.0, 1.0, 4.2647, 0.0, 0.5, 0.0, 4.2647, 0.5, 0.0, 0.0, 1.0]], ["0_11_mirror.png", [0.9989061951637268, 0.034509360790252686, 0.03155248239636421, -0.07477544687208083, 0.033511824905872345, -0.9989381432533264, 0.031615398824214935, -0.07715588149424085, 0.032610002905130386, -0.030523430556058884, -0.9990019798278809, 2.697861301567582, 0.0, 0.0, 0.0, 1.0, 4.2647, 0.0, 0.5, 0.0, 4.2647, 0.5, 0.0, 0.0, 1.0]], ["0_12.png", [0.9958208203315735, 0.08468577265739441, 0.0341944545507431, -0.09112985447949301, 0.08217083662748337, -0.9942094087600708, 0.06924989819526672, -0.16587017374072113, 0.03986093029379845, -0.06615070253610611, -0.9970131516456604, 2.693358950286012, 0.0, 0.0, 0.0, 1.0, 4.2647, 0.0, 0.5, 0.0, 4.2647, 0.5, 0.0, 0.0, 1.0]], ["0_12_mirror.png", [0.9958208203315735, -0.08468577265739441, -0.0341944545507431, 0.09112985447949301, -0.08217083662748337, -0.9942094087600708, 0.06924989819526672, -0.16587017374072113, -0.03986093029379845, -0.06615070253610611, -0.9970131516456604, 2.693358950286012, 0.0, 0.0, 0.0, 1.0, 4.2647, 0.0, 0.5, 0.0, 4.2647, 0.5, 0.0, 0.0, 1.0]], ["0_13.png", [0.9987971782684326, -0.0464722141623497, -0.015636634081602097, 0.034392552836573255, -0.04621003195643425, -0.9987916350364685, 0.01673022098839283, -0.03748908551780099, -0.01639522984623909, -0.01598752662539482, -0.9997377395629883, 2.699520646480857, 0.0, 0.0, 0.0, 1.0, 4.2647, 0.0, 0.5, 0.0, 4.2647, 0.5, 0.0, 0.0, 1.0]], ["0_13_mirror.png", [0.9987971782684326, 0.0464722141623497, 0.015636634081602097, -0.034392552836573255, 0.04621003195643425, -0.9987916350364685, 0.01673022098839283, -0.03748908551780099, 0.01639522984623909, -0.01598752662539482, -0.9997377395629883, 2.699520646480857, 0.0, 0.0, 0.0, 1.0, 4.2647, 0.0, 0.5, 0.0, 4.2647, 0.5, 0.0, 0.0, 1.0]], ["0_14.png", [0.9987730979919434, -0.03812079504132271, -0.031608376652002335, 0.07685261029502162, -0.03713655844330788, -0.9988242387771606, 0.031161945313215256, -0.07610756811695776, -0.032759130001068115, -0.029949886724352837, -0.9990144371986389, 2.697832706890137, 0.0, 0.0, 0.0, 1.0, 4.2647, 0.0, 0.5, 0.0, 4.2647, 0.5, 0.0, 0.0, 1.0]], ["0_14_mirror.png", [0.9987730979919434, 0.03812079504132271, 0.031608376652002335, -0.07685261029502162, 0.03713655844330788, -0.9988242387771606, 0.031161945313215256, -0.07610756811695776, 0.032759130001068115, -0.029949886724352837, -0.9990144371986389, 2.697832706890137, 0.0, 0.0, 0.0, 1.0, 4.2647, 0.0, 0.5, 0.0, 4.2647, 0.5, 0.0, 0.0, 1.0]], ["0_15.png", [0.9991363286972046, -0.030419327318668365, -0.02830633521080017, 0.06864840935612956, -0.02780180610716343, -0.9956730604171753, 0.08866949379444122, -0.2191154554192809, -0.0308811217546463, -0.08780594915151596, -0.995658814907074, 2.6902185437412474, 0.0, 0.0, 0.0, 1.0, 4.2647, 0.0, 0.5, 0.0, 4.2647, 0.5, 0.0, 0.0, 1.0]], ["0_15_mirror.png", [0.9991363286972046, 0.030419327318668365, 0.02830633521080017, -0.06864840935612956, 0.02780180610716343, -0.9956730604171753, 0.08866949379444122, -0.2191154554192809, 0.0308811217546463, -0.08780594915151596, -0.995658814907074, 2.6902185437412474, 0.0, 0.0, 0.0, 1.0, 4.2647, 0.0, 0.5, 0.0, 4.2647, 0.5, 0.0, 0.0, 1.0]], ["0_16.png", [0.9990171194076538, -0.027928493916988373, -0.03442137688398361, 0.08262045470945434, -0.02852608822286129, -0.9994485974311829, -0.01699397712945938, 0.048412458958695004, -0.03392777964472771, 0.01795918121933937, -0.9992628693580627, 2.6983013349663483, 0.0, 0.0, 0.0, 1.0, 4.2647, 0.0, 0.5, 0.0, 4.2647, 0.5, 0.0, 0.0, 1.0]], ["0_16_mirror.png", [0.9990171194076538, 0.027928493916988373, 0.03442137688398361, -0.08262045470945434, 0.02852608822286129, -0.9994485974311829, -0.01699397712945938, 0.048412458958695004, 0.03392777964472771, 0.01795918121933937, -0.9992628693580627, 2.6983013349663483, 0.0, 0.0, 0.0, 1.0, 4.2647, 0.0, 0.5, 0.0, 4.2647, 0.5, 0.0, 0.0, 1.0]], ["0_17.png", [0.9812525510787964, -0.12027628719806671, -0.15058887004852295, 0.38266506341725365, -0.1029248833656311, -0.9876449704170227, 0.11816918849945068, -0.29362643452378007, -0.16294127702713013, -0.10045447200536728, -0.9815086126327515, 2.656567515834808, 0.0, 0.0, 0.0, 1.0, 4.2647, 0.0, 0.5, 0.0, 4.2647, 0.5, 0.0, 0.0, 1.0]], ["0_17_mirror.png", [0.9812525510787964, 0.12027628719806671, 0.15058887004852295, -0.38266506341725365, 0.1029248833656311, -0.9876449704170227, 0.11816918849945068, -0.29362643452378007, 0.16294127702713013, -0.10045447200536728, -0.9815086126327515, 2.656567515834808, 0.0, 0.0, 0.0, 1.0, 4.2647, 0.0, 0.5, 0.0, 4.2647, 0.5, 0.0, 0.0, 1.0]], ["0_18.png", [0.9996616244316101, 0.0038786588702350855, -0.025720903649926186, 0.06116497133050177, 0.0041565438732504845, -0.9999334812164307, 0.010759196244180202, -0.020906620251974335, -0.025677461177110672, -0.010862466879189014, -0.9996111989021301, 2.6992261408618172, 0.0, 0.0, 0.0, 1.0, 4.2647, 0.0, 0.5, 0.0, 4.2647, 0.5, 0.0, 0.0, 1.0]], ["0_18_mirror.png", [0.9996616244316101, -0.0038786588702350855, 0.025720903649926186, -0.06116497133050177, -0.0041565438732504845, -0.9999334812164307, 0.010759196244180202, -0.020906620251974335, 0.025677461177110672, -0.010862466879189014, -0.9996111989021301, 2.6992261408618172, 0.0, 0.0, 0.0, 1.0, 4.2647, 0.0, 0.5, 0.0, 4.2647, 0.5, 0.0, 0.0, 1.0]], ["0_19.png", [0.9995089769363403, 0.024722283706068993, -0.019250456243753433, 0.04445828020744758, 0.024663442745804787, -0.9996903538703918, -0.003288045059889555, 0.01654328728592957, -0.019325783476233482, 0.002811647951602936, -0.9998092651367188, 2.6995832606101953, 0.0, 0.0, 0.0, 1.0, 4.2647, 0.0, 0.5, 0.0, 4.2647, 0.5, 0.0, 0.0, 1.0]], ["0_19_mirror.png", [0.9995089769363403, -0.024722283706068993, 0.019250456243753433, -0.04445828020744758, -0.024663442745804787, -0.9996903538703918, -0.003288045059889555, 0.01654328728592957, 0.019325783476233482, 0.002811647951602936, -0.9998092651367188, 2.6995832606101953, 0.0, 0.0, 0.0, 1.0, 4.2647, 0.0, 0.5, 0.0, 4.2647, 0.5, 0.0, 0.0, 1.0]], ["0_2.png", [0.9993988275527954, -0.02726786956191063, -0.021409623324871063, 0.05410602094298854, -0.027398133650422096, -0.9996076822280884, -0.005814749281853437, 0.02800951716077851, -0.021242668852210045, 0.006397837772965431, -0.9997538328170776, 2.699312506073748, 0.0, 0.0, 0.0, 1.0, 4.2647, 0.0, 0.5, 0.0, 4.2647, 0.5, 0.0, 0.0, 1.0]], ["0_2_mirror.png", [0.9993988275527954, 0.02726786956191063, 0.021409623324871063, -0.05410602094298854, 0.027398133650422096, -0.9996076822280884, -0.005814749281853437, 0.02800951716077851, 0.021242668852210045, 0.006397837772965431, -0.9997538328170776, 2.699312506073748, 0.0, 0.0, 0.0, 1.0, 4.2647, 0.0, 0.5, 0.0, 4.2647, 0.5, 0.0, 0.0, 1.0]], ["0_3.png", [0.9994803071022034, -0.031171152368187904, -0.0082177072763443, 0.019483574601593983, -0.0306415818631649, -0.997836172580719, 0.05817272141575813, -0.13995565851772662, -0.010013235732913017, -0.05789068341255188, -0.998272716999054, 2.696299835695135, 0.0, 0.0, 0.0, 1.0, 4.2647, 0.0, 0.5, 0.0, 4.2647, 0.5, 0.0, 0.0, 1.0]], ["0_3_mirror.png", [0.9994803071022034, 0.031171152368187904, 0.0082177072763443, -0.019483574601593983, 0.0306415818631649, -0.997836172580719, 0.05817272141575813, -0.13995565851772662, 0.010013235732913017, -0.05789068341255188, -0.998272716999054, 2.696299835695135, 0.0, 0.0, 0.0, 1.0, 4.2647, 0.0, 0.5, 0.0, 4.2647, 0.5, 0.0, 0.0, 1.0]], ["0_4.png", [0.9942195415496826, -0.09178916364908218, -0.05569726228713989, 0.13801348120005758, -0.09130705893039703, -0.9957603812217712, 0.011145021766424179, -0.024748501030124295, -0.056484121829271317, -0.00599504541605711, -0.9983855485916138, 2.69635676250451, 0.0, 0.0, 0.0, 1.0, 4.2647, 0.0, 0.5, 0.0, 4.2647, 0.5, 0.0, 0.0, 1.0]], ["0_4_mirror.png", [0.9942195415496826, 0.09178916364908218, 0.05569726228713989, -0.13801348120005758, 0.09130705893039703, -0.9957603812217712, 0.011145021766424179, -0.024748501030124295, 0.056484121829271317, -0.00599504541605711, -0.9983855485916138, 2.69635676250451, 0.0, 0.0, 0.0, 1.0, 4.2647, 0.0, 0.5, 0.0, 4.2647, 0.5, 0.0, 0.0, 1.0]], ["0_5.png", [0.9998323917388916, -0.0009606574894860387, -0.018280724063515663, 0.04262831469863227, -0.001142961671575904, -0.9999496936798096, -0.009964648634195328, 0.0350356915514408, -0.018270231783390045, 0.009983873926103115, -0.9997832179069519, 2.6994361128027218, 0.0, 0.0, 0.0, 1.0, 4.2647, 0.0, 0.5, 0.0, 4.2647, 0.5, 0.0, 0.0, 1.0]], ["0_5_mirror.png", [0.9998323917388916, 0.0009606574894860387, 0.018280724063515663, -0.04262831469863227, 0.001142961671575904, -0.9999496936798096, -0.009964648634195328, 0.0350356915514408, 0.018270231783390045, 0.009983873926103115, -0.9997832179069519, 2.6994361128027218, 0.0, 0.0, 0.0, 1.0, 4.2647, 0.0, 0.5, 0.0, 4.2647, 0.5, 0.0, 0.0, 1.0]], ["0_6.png", [0.9992110729217529, -0.029418837279081345, -0.026678837835788727, 0.06472207919284802, -0.0275494996458292, -0.9973105192184448, 0.06791716068983078, -0.17267148255475898, -0.028605129569768906, -0.06712859123945236, -0.9973341822624207, 2.693695530600535, 0.0, 0.0, 0.0, 1.0, 4.2647, 0.0, 0.5, 0.0, 4.2647, 0.5, 0.0, 0.0, 1.0]], ["0_6_mirror.png", [0.9992110729217529, 0.029418837279081345, 0.026678837835788727, -0.06472207919284802, 0.0275494996458292, -0.9973105192184448, 0.06791716068983078, -0.17267148255475898, 0.028605129569768906, -0.06712859123945236, -0.9973341822624207, 2.693695530600535, 0.0, 0.0, 0.0, 1.0, 4.2647, 0.0, 0.5, 0.0, 4.2647, 0.5, 0.0, 0.0, 1.0]], ["0_7.png", [0.9931533336639404, -0.11494304239749908, 0.020843204110860825, -0.0560740353649298, -0.11630875617265701, -0.9895951151847839, 0.084697425365448, -0.2152885822520481, 0.010890954174101353, -0.08654177933931351, -0.9961886405944824, 2.690818932761882, 0.0, 0.0, 0.0, 1.0, 4.2647, 0.0, 0.5, 0.0, 4.2647, 0.5, 0.0, 0.0, 1.0]], ["0_7_mirror.png", [0.9931533336639404, 0.11494304239749908, -0.020843204110860825, 0.0560740353649298, 0.11630875617265701, -0.9895951151847839, 0.084697425365448, -0.2152885822520481, -0.010890954174101353, -0.08654177933931351, -0.9961886405944824, 2.690818932761882, 0.0, 0.0, 0.0, 1.0, 4.2647, 0.0, 0.5, 0.0, 4.2647, 0.5, 0.0, 0.0, 1.0]], ["0_8.png", [0.9988624453544617, -0.01673712395131588, -0.04465021565556526, 0.10847210294564501, -0.01841144450008869, -0.9991324543952942, -0.03735475242137909, 0.10071881111806885, -0.04398626834154129, 0.03813433274626732, -0.9983040690422058, 2.695939451094834, 0.0, 0.0, 0.0, 1.0, 4.2647, 0.0, 0.5, 0.0, 4.2647, 0.5, 0.0, 0.0, 1.0]], ["0_8_mirror.png", [0.9988624453544617, 0.01673712395131588, 0.04465021565556526, -0.10847210294564501, 0.01841144450008869, -0.9991324543952942, -0.03735475242137909, 0.10071881111806885, 0.04398626834154129, 0.03813433274626732, -0.9983040690422058, 2.695939451094834, 0.0, 0.0, 0.0, 1.0, 4.2647, 0.0, 0.5, 0.0, 4.2647, 0.5, 0.0, 0.0, 1.0]], ["0_9.png", [0.999643862247467, 0.022206634283065796, -0.01479774434119463, 0.035087893866656526, 0.022434266284108162, -0.9996296763420105, 0.015398544259369373, -0.0346389927915999, -0.0144503153860569, -0.015725038945674896, -0.9997718930244446, 2.69954977355158, 0.0, 0.0, 0.0, 1.0, 4.2647, 0.0, 0.5, 0.0, 4.2647, 0.5, 0.0, 0.0, 1.0]], ["0_9_mirror.png", [0.999643862247467, -0.022206634283065796, 0.01479774434119463, -0.035087893866656526, -0.022434266284108162, -0.9996296763420105, 0.015398544259369373, -0.0346389927915999, 0.0144503153860569, -0.015725038945674896, -0.9997718930244446, 2.69954977355158, 0.0, 0.0, 0.0, 1.0, 4.2647, 0.0, 0.5, 0.0, 4.2647, 0.5, 0.0, 0.0, 1.0]]]}