{"labels": [["0_18.png", [0.9997323751449585, -0.0022761996369808912, 0.02302369847893715, -0.059367252298128594, -0.0008850452722981572, -0.9981827139854431, -0.060253337025642395, 0.15451199673865673, 0.023119006305933, 0.06021683290600777, -0.9979175329208374, 2.69492144082502, 0.0, 0.0, 0.0, 1.0, 4.2647, 0.0, 0.5, 0.0, 4.2647, 0.5, 0.0, 0.0, 1.0]], ["0_17.png", [0.999943196773529, -0.010136261582374573, -0.003301768098026514, 0.006721978830365607, -0.010377997532486916, -0.996405839920044, -0.08406943827867508, 0.21938023770092982, -0.0024377512745559216, 0.0840989202260971, -0.9964544177055359, 2.6910643110685575, 0.0, 0.0, 0.0, 1.0, 4.2647, 0.0, 0.5, 0.0, 4.2647, 0.5, 0.0, 0.0, 1.0]], ["0_6.png", [0.9771365523338318, -0.10212045162916183, 0.1864820122718811, -0.474549965573564, -0.09117836505174637, -0.9936209917068481, -0.06636190414428711, 0.17484214330453368, 0.19206935167312622, 0.04784151539206505, -0.980214536190033, 2.652212765804962, 0.0, 0.0, 0.0, 1.0, 4.2647, 0.0, 0.5, 0.0, 4.2647, 0.5, 0.0, 0.0, 1.0]]]}