{"labels": [["7_4.png", [0.9581064581871033, -0.10517064481973648, 0.2664039433002472, -0.6747343977599346, -0.0729743242263794, -0.9890830516815186, -0.12802107632160187, 0.33254363176303886, 0.2769596576690674, 0.10321718454360962, -0.9553216695785522, 2.5930962622805556, 0.0, 0.0, 0.0, 1.0, 4.2647, 0.0, 0.5, 0.0, 4.2647, 0.5, 0.0, 0.0, 1.0]], ["7_16.png", [0.9976580739021301, -0.03759598359465599, 0.05713905394077301, -0.14505486674155924, -0.0294673889875412, -0.9901358485221863, -0.13697725534439087, 0.35158731300448465, 0.06172522157430649, 0.1349727213382721, -0.9889248609542847, 2.6730778976619587, 0.0, 0.0, 0.0, 1.0, 4.2647, 0.0, 0.5, 0.0, 4.2647, 0.5, 0.0, 0.0, 1.0]], ["7_13.png", [0.9994491338729858, -0.03305289149284363, -0.0029860215727239847, 0.0052058352234883466, -0.03317772224545479, -0.9929189085960388, -0.11406714469194412, 0.2924828035217158, 0.0008053716737776995, 0.11410337686538696, -0.9934685230255127, 2.6841063147579876, 0.0, 0.0, 0.0, 1.0, 4.2647, 0.0, 0.5, 0.0, 4.2647, 0.5, 0.0, 0.0, 1.0]]]}