{"labels": [["0_6.png", [0.8363486528396606, 0.051226500421762466, 0.5457992553710938, -1.385342279961675, 0.10780424624681473, -0.9915521144866943, -0.07212942093610764, 0.18349512303817364, 0.5374934673309326, 0.11916482448577881, -0.8348056674003601, 2.3102286266020933, 0.0, 0.0, 0.0, 1.0, 4.2647, 0.0, 0.5, 0.0, 4.2647, 0.5, 0.0, 0.0, 1.0]], ["2_17.png", [0.8265429139137268, -0.004069384653121233, -0.5628589987754822, 1.4364329504253968, -0.031774211674928665, -0.9987167119979858, -0.03943898156285286, 0.09164222897299625, -0.5619761943817139, 0.05048241466283798, -0.8256114721298218, 2.2843515668130094, 0.0, 0.0, 0.0, 1.0, 4.2647, 0.0, 0.5, 0.0, 4.2647, 0.5, 0.0, 0.0, 1.0]], ["1_8.png", [0.9992389678955078, 0.004827758762985468, -0.038706421852111816, 0.09684185092168392, 0.0011086971499025822, -0.9954254627227783, -0.09553506970405579, 0.24437835667187993, -0.038990579545497894, 0.09541945159435272, -0.9946733117103577, 2.6871733987036297, 0.0, 0.0, 0.0, 1.0, 4.2647, 0.0, 0.5, 0.0, 4.2647, 0.5, 0.0, 0.0, 1.0]]]}