{"labels": [["0_14.png", [0.9987730979919434, -0.03812079504132271, -0.031608376652002335, 0.07685261029502162, -0.03713655844330788, -0.9988242387771606, 0.031161945313215256, -0.07610756811695776, -0.032759130001068115, -0.029949886724352837, -0.9990144371986389, 2.697832706890137, 0.0, 0.0, 0.0, 1.0, 4.2647, 0.0, 0.5, 0.0, 4.2647, 0.5, 0.0, 0.0, 1.0]], ["0_13.png", [0.9987971782684326, -0.0464722141623497, -0.015636634081602097, 0.034392552836573255, -0.04621003195643425, -0.9987916350364685, 0.01673022098839283, -0.03748908551780099, -0.01639522984623909, -0.01598752662539482, -0.9997377395629883, 2.699520646480857, 0.0, 0.0, 0.0, 1.0, 4.2647, 0.0, 0.5, 0.0, 4.2647, 0.5, 0.0, 0.0, 1.0]], ["0_15.png", [0.9991363286972046, -0.030419327318668365, -0.02830633521080017, 0.06864840935612956, -0.02780180610716343, -0.9956730604171753, 0.08866949379444122, -0.2191154554192809, -0.0308811217546463, -0.08780594915151596, -0.995658814907074, 2.6902185437412474, 0.0, 0.0, 0.0, 1.0, 4.2647, 0.0, 0.5, 0.0, 4.2647, 0.5, 0.0, 0.0, 1.0]]]}