{"labels": [["0_19.png", [0.9966303110122681, 0.011080602183938026, -0.08127214014530182, 0.20536511698060925, 0.009092493914067745, -0.9996512532234192, -0.024791806936264038, 0.07714700933755506, -0.0815185084939003, 0.023969300091266632, -0.996383547782898, 2.691072928717803, 0.0, 0.0, 0.0, 1.0, 4.2647, 0.0, 0.5, 0.0, 4.2647, 0.5, 0.0, 0.0, 1.0]], ["0_8.png", [0.9978065490722656, 0.02312598004937172, 0.06202718988060951, -0.15888216631704855, 0.02587236650288105, -0.9987032413482666, -0.04384567216038704, 0.12218402290882405, 0.06093278154730797, 0.04535428807139397, -0.997110903263092, 2.692550374973924, 0.0, 0.0, 0.0, 1.0, 4.2647, 0.0, 0.5, 0.0, 4.2647, 0.5, 0.0, 0.0, 1.0]], ["0_4.png", [0.994064450263977, -0.08848985284566879, -0.06328791379928589, 0.16306951962020277, -0.09330537915229797, -0.9926024079322815, -0.07768187671899796, 0.20288055809599007, -0.055945683270692825, 0.08312588930130005, -0.9949674010276794, 2.6874240102591735, 0.0, 0.0, 0.0, 1.0, 4.2647, 0.0, 0.5, 0.0, 4.2647, 0.5, 0.0, 0.0, 1.0]]]}