{"labels": [["5_19.png", [0.9982681274414062, 0.057851359248161316, -0.010677727870643139, 0.02836726072717608, 0.05645783618092537, -0.9931334257125854, -0.10246213525533676, 0.2525153695406224, -0.01653198152780533, 0.10168184340000153, -0.9946796298027039, 2.6880162363097067, 0.0, 0.0, 0.0, 1.0, 4.2647, 0.0, 0.5, 0.0, 4.2647, 0.5, 0.0, 0.0, 1.0]], ["5_13.png", [0.988499641418457, -0.10162529349327087, -0.11198510974645615, 0.28296231784284853, -0.1113080084323883, -0.9902387261390686, -0.08389176428318024, 0.2109225027494828, -0.10236646234989166, 0.09539182484149933, -0.9901623725891113, 2.67683470250124, 0.0, 0.0, 0.0, 1.0, 4.2647, 0.0, 0.5, 0.0, 4.2647, 0.5, 0.0, 0.0, 1.0]], ["5_0.png", [0.9938784241676331, 0.06445398926734924, -0.08972889184951782, 0.22587301424959186, 0.05433424934744835, -0.9923359155654907, -0.11098282039165497, 0.27233979673925973, -0.09619449079036713, 0.10542807728052139, -0.9897633194923401, 2.676716723253662, 0.0, 0.0, 0.0, 1.0, 4.2647, 0.0, 0.5, 0.0, 4.2647, 0.5, 0.0, 0.0, 1.0]]]}