{"labels": [["3_16.png", [0.9420661926269531, -0.21185682713985443, -0.26005396246910095, 0.6649308374617352, -0.1978418081998825, -0.9770250916481018, 0.07925031334161758, -0.2061232958212105, -0.2708689868450165, -0.02320949360728264, -0.9623363614082336, 2.6087123582933094, 0.0, 0.0, 0.0, 1.0, 4.2647, 0.0, 0.5, 0.0, 4.2647, 0.5, 0.0, 0.0, 1.0]], ["1_16.png", [0.9710409641265869, -0.08219123631715775, -0.22433023154735565, 0.5732133202909467, -0.10552024096250534, -0.9899595379829407, -0.09405097365379333, 0.2526891023095987, -0.2143476903438568, 0.1149987205862999, -0.9699640870094299, 2.6263234201093737, 0.0, 0.0, 0.0, 1.0, 4.2647, 0.0, 0.5, 0.0, 4.2647, 0.5, 0.0, 0.0, 1.0]], ["2_15.png", [0.8436542749404907, 0.04310838133096695, -0.5351533889770508, 1.3650701489707269, -0.015667319297790527, -0.9943700432777405, -0.10479889065027237, 0.26409882214648583, -0.5366582274436951, 0.09679845720529556, -0.8382291197776794, 2.314483808655804, 0.0, 0.0, 0.0, 1.0, 4.2647, 0.0, 0.5, 0.0, 4.2647, 0.5, 0.0, 0.0, 1.0]]]}