{"labels": [["2_7.png", [0.9826832413673401, 0.0708920806646347, 0.17119544744491577, -0.4336597221924291, 0.08970683068037033, -0.9904405474662781, -0.104786716401577, 0.2715318180400987, 0.16213035583496094, 0.11832956224679947, -0.9796488285064697, 2.651077086231146, 0.0, 0.0, 0.0, 1.0, 4.2647, 0.0, 0.5, 0.0, 4.2647, 0.5, 0.0, 0.0, 1.0]], ["2_19.png", [0.9852854609489441, 0.06431304663419724, 0.15835542976856232, -0.4009522259863806, 0.08023029565811157, -0.9921172857284546, -0.09626232832670212, 0.2513715699489766, 0.1509162336587906, 0.10755077004432678, -0.9826785326004028, 2.65820421455876, 0.0, 0.0, 0.0, 1.0, 4.2647, 0.0, 0.5, 0.0, 4.2647, 0.5, 0.0, 0.0, 1.0]], ["2_11.png", [0.9849258661270142, 0.06009002402424812, 0.1622040569782257, -0.4120367943513673, 0.06101756915450096, -0.9981364011764526, -0.000738224945962429, 0.002950323398797292, 0.16185742616653442, 0.010624394752085209, -0.9867569208145142, 2.668373470054837, 0.0, 0.0, 0.0, 1.0, 4.2647, 0.0, 0.5, 0.0, 4.2647, 0.5, 0.0, 0.0, 1.0]]]}