{"labels": [["4_10.png", [0.9407932162284851, -0.030840136110782623, 0.33757519721984863, -0.8665223867190498, 0.0181221142411232, -0.9898529648780823, -0.14093559980392456, 0.36595267175878027, 0.33849626779556274, 0.13870882987976074, -0.9306879639625549, 2.5308531358708537, 0.0, 0.0, 0.0, 1.0, 4.2647, 0.0, 0.5, 0.0, 4.2647, 0.5, 0.0, 0.0, 1.0]], ["2_8.png", [0.9814050793647766, -0.17793060839176178, -0.07200590521097183, 0.18529977242527007, -0.17760226130485535, -0.9840409755706787, 0.010988797061145306, -0.01644286287930051, -0.07281200587749481, 0.0020039500668644905, -0.9973437190055847, 2.693583788672533, 0.0, 0.0, 0.0, 1.0, 4.2647, 0.0, 0.5, 0.0, 4.2647, 0.5, 0.0, 0.0, 1.0]], ["8_15.png", [0.9995319247245789, -0.026526080444455147, 0.015242920257151127, -0.03795437763890156, -0.02579568326473236, -0.9985960125923157, -0.046266213059425354, 0.11706625957351763, 0.01644878089427948, 0.04585135355591774, -0.9988128542900085, 2.697193904057977, 0.0, 0.0, 0.0, 1.0, 4.2647, 0.0, 0.5, 0.0, 4.2647, 0.5, 0.0, 0.0, 1.0]]]}