{"labels": [["5_0.png", [0.9968874454498291, -0.07692113518714905, -0.01727788895368576, 0.04276612010600858, -0.07776319980621338, -0.9954558610916138, -0.05495864152908325, 0.14637106615071807, -0.012971896678209305, 0.056131161749362946, -0.9983391761779785, 2.69569036982458, 0.0, 0.0, 0.0, 1.0, 4.2647, 0.0, 0.5, 0.0, 4.2647, 0.5, 0.0, 0.0, 1.0]], ["5_4.png", [0.944084882736206, -0.31265753507614136, 0.10463755577802658, -0.2718643123044216, -0.303831547498703, -0.9482623338699341, -0.09211395680904388, 0.2356010092828189, 0.12802396714687347, 0.05517120286822319, -0.9902353286743164, 2.6759263741964503, 0.0, 0.0, 0.0, 1.0, 4.2647, 0.0, 0.5, 0.0, 4.2647, 0.5, 0.0, 0.0, 1.0]], ["5_12.png", [0.9979307055473328, 0.0014061197871342301, 0.06428319960832596, -0.16368310890294754, 0.001329144462943077, -0.9999983310699463, 0.0012401898857206106, -0.00032233369449903375, 0.06428483128547668, -0.0011521817650645971, -0.9979309439659119, 2.6950339025624253, 0.0, 0.0, 0.0, 1.0, 4.2647, 0.0, 0.5, 0.0, 4.2647, 0.5, 0.0, 0.0, 1.0]]]}