{"labels": [["4_10.png", [0.9407932162284851, -0.030840136110782623, 0.33757519721984863, -0.8665223867190498, 0.0181221142411232, -0.9898529648780823, -0.14093559980392456, 0.36595267175878027, 0.33849626779556274, 0.13870882987976074, -0.9306879639625549, 2.5308531358708537, 0.0, 0.0, 0.0, 1.0, 4.2647, 0.0, 0.5, 0.0, 4.2647, 0.5, 0.0, 0.0, 1.0]], ["9_9.png", [0.9564103484153748, 0.0435565710067749, -0.2887595593929291, 0.7428072389039098, 0.021016687154769897, -0.9965164661407471, -0.0807047188282013, 0.224942833107758, -0.29126888513565063, 0.07111806422472, -0.9539940357208252, 2.5860468146701066, 0.0, 0.0, 0.0, 1.0, 4.2647, 0.0, 0.5, 0.0, 4.2647, 0.5, 0.0, 0.0, 1.0]], ["10_5.png", [0.9491093158721924, 0.003406246891245246, -0.3149283826351166, 0.7976464918663868, -0.04693537577986717, -0.9872456192970276, -0.15212857723236084, 0.39020410072071604, -0.31142985820770264, 0.15916793048381805, -0.9368442296981812, 2.549804077531053, 0.0, 0.0, 0.0, 1.0, 4.2647, 0.0, 0.5, 0.0, 4.2647, 0.5, 0.0, 0.0, 1.0]]]}