{"labels": [["7_2.png", [0.6806483864784241, -0.06515925377607346, -0.7297068238258362, 1.8884129085436534, 0.006533414125442505, -0.9954573512077332, 0.09498364478349686, -0.2399121446754085, -0.7325810790061951, -0.06941793113946915, -0.6771307587623596, 1.9147686151812038, 0.0, 0.0, 0.0, 1.0, 4.2647, 0.0, 0.5, 0.0, 4.2647, 0.5, 0.0, 0.0, 1.0]], ["16_6.png", [0.8644301891326904, -0.22715410590171814, 0.4485103189945221, -1.1490466438187092, -0.19537998735904694, -0.9737697243690491, -0.11661586910486221, 0.3081393062201033, 0.4632355272769928, 0.013176344335079193, -0.8861372470855713, 2.423786702309251, 0.0, 0.0, 0.0, 1.0, 4.2647, 0.0, 0.5, 0.0, 4.2647, 0.5, 0.0, 0.0, 1.0]], ["17_4.png", [0.934384822845459, -0.09413978457450867, 0.34360256791114807, -0.881260597537482, -0.01845349371433258, -0.9759509563446045, -0.21720778942108154, 0.5619200968758343, 0.35578712821006775, 0.19661499559879303, -0.9136509299278259, 2.4895030757070646, 0.0, 0.0, 0.0, 1.0, 4.2647, 0.0, 0.5, 0.0, 4.2647, 0.5, 0.0, 0.0, 1.0]]]}