{"labels": [["0_9.png", [0.999643862247467, 0.022206634283065796, -0.01479774434119463, 0.035087893866656526, 0.022434266284108162, -0.9996296763420105, 0.015398544259369373, -0.0346389927915999, -0.0144503153860569, -0.015725038945674896, -0.9997718930244446, 2.69954977355158, 0.0, 0.0, 0.0, 1.0, 4.2647, 0.0, 0.5, 0.0, 4.2647, 0.5, 0.0, 0.0, 1.0]], ["1_7.png", [0.9953000545501709, -0.0964948982000351, -0.008159657940268517, 0.018970418515621954, -0.09683839231729507, -0.9921103715896606, -0.07961967587471008, 0.2085788485087475, -0.0004123891703784466, 0.08003561943769455, -0.9967919588088989, 2.6918645930239706, 0.0, 0.0, 0.0, 1.0, 4.2647, 0.0, 0.5, 0.0, 4.2647, 0.5, 0.0, 0.0, 1.0]], ["1_19.png", [0.9991080164909363, -0.03941578045487404, -0.015148530714213848, 0.03366546251101692, -0.03785789757966995, -0.9950270056724548, 0.09213005006313324, -0.23293899145283806, -0.018704576417803764, -0.09147438406944275, -0.995631754398346, 2.6897223021893644, 0.0, 0.0, 0.0, 1.0, 4.2647, 0.0, 0.5, 0.0, 4.2647, 0.5, 0.0, 0.0, 1.0]]]}