{"labels": [["7_2.png", [0.6806483864784241, -0.06515925377607346, -0.7297068238258362, 1.8884129085436534, 0.006533414125442505, -0.9954573512077332, 0.09498364478349686, -0.2399121446754085, -0.7325810790061951, -0.06941793113946915, -0.6771307587623596, 1.9147686151812038, 0.0, 0.0, 0.0, 1.0, 4.2647, 0.0, 0.5, 0.0, 4.2647, 0.5, 0.0, 0.0, 1.0]], ["11_13.png", [0.9803850650787354, -0.031230730935931206, -0.1946018636226654, 0.4968766169650088, -0.05783991143107414, -0.9894812703132629, -0.13259461522102356, 0.3604867074149908, -0.18841387331485748, 0.14124953746795654, -0.9718790054321289, 2.6292894403793787, 0.0, 0.0, 0.0, 1.0, 4.2647, 0.0, 0.5, 0.0, 4.2647, 0.5, 0.0, 0.0, 1.0]], ["12_10.png", [0.9704422354698181, -0.16327443718910217, 0.17771703004837036, -0.4521072473082652, -0.17509010434150696, -0.9831323027610779, 0.05286191403865814, -0.13167140770023114, 0.16608834266662598, -0.08241592347621918, -0.9826608300209045, 2.658620258202661, 0.0, 0.0, 0.0, 1.0, 4.2647, 0.0, 0.5, 0.0, 4.2647, 0.5, 0.0, 0.0, 1.0]]]}