{"labels": [["0_18.png", [0.9997323751449585, -0.0022761996369808912, 0.02302369847893715, -0.059367252298128594, -0.0008850452722981572, -0.9981827139854431, -0.060253337025642395, 0.15451199673865673, 0.023119006305933, 0.06021683290600777, -0.9979175329208374, 2.69492144082502, 0.0, 0.0, 0.0, 1.0, 4.2647, 0.0, 0.5, 0.0, 4.2647, 0.5, 0.0, 0.0, 1.0]], ["1_2.png", [0.9901554584503174, 0.06299660354852676, 0.12499433010816574, -0.3135650982386385, 0.06780098378658295, -0.9971002340316772, -0.0345582440495491, 0.08803381275361068, 0.12245482206344604, 0.042692773044109344, -0.9915554523468018, 2.6802848686247245, 0.0, 0.0, 0.0, 1.0, 4.2647, 0.0, 0.5, 0.0, 4.2647, 0.5, 0.0, 0.0, 1.0]], ["2_15.png", [0.9930689334869385, 0.10764415562152863, 0.047188907861709595, -0.1235869233068463, 0.10795947164297104, -0.994146466255188, -0.00417768070474267, 0.012938954042098199, 0.04646298289299011, 0.009243214502930641, -0.998877227306366, 2.697139013075864, 0.0, 0.0, 0.0, 1.0, 4.2647, 0.0, 0.5, 0.0, 4.2647, 0.5, 0.0, 0.0, 1.0]]]}