{"labels": [["2_9.png", [0.9790921211242676, -0.11361061781644821, -0.1687341034412384, 0.42948843292393557, -0.134108766913414, -0.9842133522033691, -0.11549381166696548, 0.2995432682082471, -0.15294905006885529, 0.1357077956199646, -0.9788718223571777, 2.648738098879477, 0.0, 0.0, 0.0, 1.0, 4.2647, 0.0, 0.5, 0.0, 4.2647, 0.5, 0.0, 0.0, 1.0]], ["3_16.png", [0.841842770576477, -0.3406459391117096, 0.41864195466041565, -1.069616990316931, -0.2972901463508606, -0.9400519132614136, -0.16709576547145844, 0.43409167152449, 0.45046567916870117, 0.016210228204727173, -0.8926466107368469, 2.440795754408472, 0.0, 0.0, 0.0, 1.0, 4.2647, 0.0, 0.5, 0.0, 4.2647, 0.5, 0.0, 0.0, 1.0]], ["3_11.png", [0.8935571312904358, 0.040605586022138596, -0.4471094310283661, 1.141434886465877, 0.06986766308546066, -0.9963448643684387, 0.049145858734846115, -0.127285165295886, -0.44347959756851196, -0.07515311986207962, -0.8931280970573425, 2.443547602698632, 0.0, 0.0, 0.0, 1.0, 4.2647, 0.0, 0.5, 0.0, 4.2647, 0.5, 0.0, 0.0, 1.0]]]}