{"labels": [["0.png", [0.9766010642051697, -0.05662074685096741, -0.2074718177318573, 0.5246124914928957, -0.08291243016719818, -0.989268958568573, -0.1203017383813858, 0.31071948840980884, -0.19843387603759766, 0.13468879461288452, -0.9708156585693359, 2.6302538153744717, 0.0, 0.0, 0.0, 1.0, 4.2647, 0.0, 0.5, 0.0, 4.2647, 0.5, 0.0, 0.0, 1.0]], ["0_mirror.png", [0.9766010642051697, 0.05662074685096741, 0.2074718177318573, -0.5246124914928957, 0.08291243016719818, -0.989268958568573, -0.1203017383813858, 0.31071948840980884, 0.19843387603759766, 0.13468879461288452, -0.9708156585693359, 2.6302538153744717, 0.0, 0.0, 0.0, 1.0, 4.2647, 0.0, 0.5, 0.0, 4.2647, 0.5, 0.0, 0.0, 1.0]], ["1.png", [0.8524557948112488, -0.22377119958400726, -0.47248873114585876, 1.2086066762936385, -0.31597310304641724, -0.9405470490455627, -0.1246289610862732, 0.3243650732932848, -0.4165094792842865, 0.25553441047668457, -0.8724803328514099, 2.3925001987974603, 0.0, 0.0, 0.0, 1.0, 4.2647, 0.0, 0.5, 0.0, 4.2647, 0.5, 0.0, 0.0, 1.0]], ["1_mirror.png", [0.8524557948112488, 0.22377119958400726, 0.47248873114585876, -1.2086066762936385, 0.31597310304641724, -0.9405470490455627, -0.1246289610862732, 0.3243650732932848, 0.4165094792842865, 0.25553441047668457, -0.8724803328514099, 2.3925001987974603, 0.0, 0.0, 0.0, 1.0, 4.2647, 0.0, 0.5, 0.0, 4.2647, 0.5, 0.0, 0.0, 1.0]], ["10.png", [0.9695491790771484, 0.05188996344804764, -0.23933613300323486, 0.6088276342060804, 0.0009130500257015228, -0.9780537486076355, -0.2083510011434555, 0.5350598063862473, -0.24489492177963257, 0.2017880082130432, -0.948318600654602, 2.5754688729272073, 0.0, 0.0, 0.0, 1.0, 4.2647, 0.0, 0.5, 0.0, 4.2647, 0.5, 0.0, 0.0, 1.0]], ["10_mirror.png", [0.9695491790771484, -0.05188996344804764, 0.23933613300323486, -0.6088276342060804, -0.0009130500257015228, -0.9780537486076355, -0.2083510011434555, 0.5350598063862473, 0.24489492177963257, 0.2017880082130432, -0.948318600654602, 2.5754688729272073, 0.0, 0.0, 0.0, 1.0, 4.2647, 0.0, 0.5, 0.0, 4.2647, 0.5, 0.0, 0.0, 1.0]], ["11.png", [0.9953627586364746, 0.04057871177792549, -0.08721409738063812, 0.2197412687748195, 0.022175323218107224, -0.9790430665016174, -0.2024422436952591, 0.5199778482018091, -0.09360120445489883, 0.1995694786310196, -0.9754028916358948, 2.6403289212097514, 0.0, 0.0, 0.0, 1.0, 4.2647, 0.0, 0.5, 0.0, 4.2647, 0.5, 0.0, 0.0, 1.0]], ["11_mirror.png", [0.9953627586364746, -0.04057871177792549, 0.08721409738063812, -0.2197412687748195, -0.022175323218107224, -0.9790430665016174, -0.2024422436952591, 0.5199778482018091, 0.09360120445489883, 0.1995694786310196, -0.9754028916358948, 2.6403289212097514, 0.0, 0.0, 0.0, 1.0, 4.2647, 0.0, 0.5, 0.0, 4.2647, 0.5, 0.0, 0.0, 1.0]], ["12.png", [0.7278078198432922, -0.18730658292770386, -0.6597059965133667, 1.6935355499670426, -0.2575319707393646, -0.9662202596664429, -0.009783715009689331, 0.03475719491767868, -0.6355887651443481, 0.17701606452465057, -0.7514600157737732, 2.102553038189354, 0.0, 0.0, 0.0, 1.0, 4.2647, 0.0, 0.5, 0.0, 4.2647, 0.5, 0.0, 0.0, 1.0]], ["12_mirror.png", [0.7278078198432922, 0.18730658292770386, 0.6597059965133667, -1.6935355499670426, 0.2575319707393646, -0.9662202596664429, -0.009783715009689331, 0.03475719491767868, 0.6355887651443481, 0.17701606452465057, -0.7514600157737732, 2.102553038189354, 0.0, 0.0, 0.0, 1.0, 4.2647, 0.0, 0.5, 0.0, 4.2647, 0.5, 0.0, 0.0, 1.0]], ["13.png", [0.9443708062171936, -0.03079332411289215, -0.32743775844573975, 0.8369997276110018, -0.06858312338590622, -0.9921576976776123, -0.10449639707803726, 0.26678061294142075, -0.3216520845890045, 0.12114005535840988, -0.9390766620635986, 2.553088239865146, 0.0, 0.0, 0.0, 1.0, 4.2647, 0.0, 0.5, 0.0, 4.2647, 0.5, 0.0, 0.0, 1.0]], ["13_mirror.png", [0.9443708062171936, 0.03079332411289215, 0.32743775844573975, -0.8369997276110018, 0.06858312338590622, -0.9921576976776123, -0.10449639707803726, 0.26678061294142075, 0.3216520845890045, 0.12114005535840988, -0.9390766620635986, 2.553088239865146, 0.0, 0.0, 0.0, 1.0, 4.2647, 0.0, 0.5, 0.0, 4.2647, 0.5, 0.0, 0.0, 1.0]], ["14.png", [0.9767858386039734, -0.05619343742728233, -0.206716388463974, 0.5226870575139118, -0.08466417342424393, -0.9876850843429565, -0.13156843185424805, 0.33704152550094846, -0.19677740335464478, 0.14601565897464752, -0.9695143103599548, 2.6273943841752123, 0.0, 0.0, 0.0, 1.0, 4.2647, 0.0, 0.5, 0.0, 4.2647, 0.5, 0.0, 0.0, 1.0]], ["14_mirror.png", [0.9767858386039734, 0.05619343742728233, 0.206716388463974, -0.5226870575139118, 0.08466417342424393, -0.9876850843429565, -0.13156843185424805, 0.33704152550094846, 0.19677740335464478, 0.14601565897464752, -0.9695143103599548, 2.6273943841752123, 0.0, 0.0, 0.0, 1.0, 4.2647, 0.0, 0.5, 0.0, 4.2647, 0.5, 0.0, 0.0, 1.0]], ["15.png", [0.9134665131568909, -0.23742705583572388, -0.33046552538871765, 0.8446854055760639, -0.3198983669281006, -0.9209305047988892, -0.22260302305221558, 0.5796698387119933, -0.2514837980270386, 0.30905577540397644, -0.9171916246414185, 2.4980971645823575, 0.0, 0.0, 0.0, 1.0, 4.2647, 0.0, 0.5, 0.0, 4.2647, 0.5, 0.0, 0.0, 1.0]], ["15_mirror.png", [0.9134665131568909, 0.23742705583572388, 0.33046552538871765, -0.8446854055760639, 0.3198983669281006, -0.9209305047988892, -0.22260302305221558, 0.5796698387119933, 0.2514837980270386, 0.30905577540397644, -0.9171916246414185, 2.4980971645823575, 0.0, 0.0, 0.0, 1.0, 4.2647, 0.0, 0.5, 0.0, 4.2647, 0.5, 0.0, 0.0, 1.0]], ["16.png", [0.973965585231781, -0.04661107435822487, -0.22185218334197998, 0.5641810578887296, -0.08845062553882599, -0.9792039394378662, -0.18258154392242432, 0.47315188749445425, -0.20872822403907776, 0.19745108485221863, -0.9578338265419006, 2.5976579885119575, 0.0, 0.0, 0.0, 1.0, 4.2647, 0.0, 0.5, 0.0, 4.2647, 0.5, 0.0, 0.0, 1.0]], ["16_mirror.png", [0.973965585231781, 0.04661107435822487, 0.22185218334197998, -0.5641810578887296, 0.08845062553882599, -0.9792039394378662, -0.18258154392242432, 0.47315188749445425, 0.20872822403907776, 0.19745108485221863, -0.9578338265419006, 2.5976579885119575, 0.0, 0.0, 0.0, 1.0, 4.2647, 0.0, 0.5, 0.0, 4.2647, 0.5, 0.0, 0.0, 1.0]], ["17.png", [0.9775568842887878, 0.12043855339288712, -0.17285004258155823, 0.44032683654334465, 0.09496937692165375, -0.9843049645423889, -0.14874334633350372, 0.3940896329120828, -0.18805158138275146, 0.12898960709571838, -0.9736520051956177, 2.6345408780755237, 0.0, 0.0, 0.0, 1.0, 4.2647, 0.0, 0.5, 0.0, 4.2647, 0.5, 0.0, 0.0, 1.0]], ["17_mirror.png", [0.9775568842887878, -0.12043855339288712, 0.17285004258155823, -0.44032683654334465, -0.09496937692165375, -0.9843049645423889, -0.14874334633350372, 0.3940896329120828, 0.18805158138275146, 0.12898960709571838, -0.9736520051956177, 2.6345408780755237, 0.0, 0.0, 0.0, 1.0, 4.2647, 0.0, 0.5, 0.0, 4.2647, 0.5, 0.0, 0.0, 1.0]], ["18.png", [0.7606980800628662, 0.11447238177061081, -0.6389324069023132, 1.638458562091249, -0.0038829445838928223, -0.9835067391395569, -0.1808299422264099, 0.46291109347591397, -0.6490943431854248, 0.1400379091501236, -0.7477071285247803, 2.0955111213846638, 0.0, 0.0, 0.0, 1.0, 4.2647, 0.0, 0.5, 0.0, 4.2647, 0.5, 0.0, 0.0, 1.0]], ["18_mirror.png", [0.7606980800628662, -0.11447238177061081, 0.6389324069023132, -1.638458562091249, 0.0038829445838928223, -0.9835067391395569, -0.1808299422264099, 0.46291109347591397, 0.6490943431854248, 0.1400379091501236, -0.7477071285247803, 2.0955111213846638, 0.0, 0.0, 0.0, 1.0, 4.2647, 0.0, 0.5, 0.0, 4.2647, 0.5, 0.0, 0.0, 1.0]], ["19.png", [0.9476388096809387, -0.03066006302833557, -0.3178689777851105, 0.8105633196282177, -0.0838126689195633, -0.9843658804893494, -0.15491732954978943, 0.39826271606571956, -0.3081496059894562, 0.1734471172094345, -0.9353929758071899, 2.544479104623428, 0.0, 0.0, 0.0, 1.0, 4.2647, 0.0, 0.5, 0.0, 4.2647, 0.5, 0.0, 0.0, 1.0]], ["19_mirror.png", [0.9476388096809387, 0.03066006302833557, 0.3178689777851105, -0.8105633196282177, 0.0838126689195633, -0.9843658804893494, -0.15491732954978943, 0.39826271606571956, 0.3081496059894562, 0.1734471172094345, -0.9353929758071899, 2.544479104623428, 0.0, 0.0, 0.0, 1.0, 4.2647, 0.0, 0.5, 0.0, 4.2647, 0.5, 0.0, 0.0, 1.0]], ["2.png", [0.9728950262069702, -0.21213392913341522, 0.0920567661523819, -0.2294528433204274, -0.2251703292131424, -0.9596908688545227, 0.16820186376571655, -0.42986919140995183, 0.052664708346128464, -0.1843712031841278, -0.9814447164535522, 2.6556663704179266, 0.0, 0.0, 0.0, 1.0, 4.2647, 0.0, 0.5, 0.0, 4.2647, 0.5, 0.0, 0.0, 1.0]], ["2_mirror.png", [0.9728950262069702, 0.21213392913341522, -0.0920567661523819, 0.2294528433204274, 0.2251703292131424, -0.9596908688545227, 0.16820186376571655, -0.42986919140995183, -0.052664708346128464, -0.1843712031841278, -0.9814447164535522, 2.6556663704179266, 0.0, 0.0, 0.0, 1.0, 4.2647, 0.0, 0.5, 0.0, 4.2647, 0.5, 0.0, 0.0, 1.0]], ["3.png", [0.9901294708251953, 0.06731594353914261, -0.12293188273906708, 0.31171817894387316, 0.062127918004989624, -0.9970276951789856, -0.0455632358789444, 0.11682927381599688, -0.1256336271762848, 0.03747599944472313, -0.9913686513900757, 2.679399689799106, 0.0, 0.0, 0.0, 1.0, 4.2647, 0.0, 0.5, 0.0, 4.2647, 0.5, 0.0, 0.0, 1.0]], ["3_mirror.png", [0.9901294708251953, -0.06731594353914261, 0.12293188273906708, -0.31171817894387316, -0.062127918004989624, -0.9970276951789856, -0.0455632358789444, 0.11682927381599688, 0.1256336271762848, 0.03747599944472313, -0.9913686513900757, 2.679399689799106, 0.0, 0.0, 0.0, 1.0, 4.2647, 0.0, 0.5, 0.0, 4.2647, 0.5, 0.0, 0.0, 1.0]], ["4.png", [0.9714303612709045, -0.2224714607000351, 0.08264079689979553, -0.20569226527124734, -0.2315845489501953, -0.9647295475006104, 0.12516175210475922, -0.31812984150986895, 0.051881104707717896, -0.14072425663471222, -0.9886885285377502, 2.673290873801145, 0.0, 0.0, 0.0, 1.0, 4.2647, 0.0, 0.5, 0.0, 4.2647, 0.5, 0.0, 0.0, 1.0]], ["4_mirror.png", [0.9714303612709045, 0.2224714607000351, -0.08264079689979553, 0.20569226527124734, 0.2315845489501953, -0.9647295475006104, 0.12516175210475922, -0.31812984150986895, -0.051881104707717896, -0.14072425663471222, -0.9886885285377502, 2.673290873801145, 0.0, 0.0, 0.0, 1.0, 4.2647, 0.0, 0.5, 0.0, 4.2647, 0.5, 0.0, 0.0, 1.0]], ["5.png", [0.9491093158721924, 0.003406246891245246, -0.3149283826351166, 0.7976464918663868, -0.04693537577986717, -0.9872456192970276, -0.15212857723236084, 0.39020410072071604, -0.31142985820770264, 0.15916793048381805, -0.9368442296981812, 2.549804077531053, 0.0, 0.0, 0.0, 1.0, 4.2647, 0.0, 0.5, 0.0, 4.2647, 0.5, 0.0, 0.0, 1.0]], ["5_mirror.png", [0.9491093158721924, -0.003406246891245246, 0.3149283826351166, -0.7976464918663868, 0.04693537577986717, -0.9872456192970276, -0.15212857723236084, 0.39020410072071604, 0.31142985820770264, 0.15916793048381805, -0.9368442296981812, 2.549804077531053, 0.0, 0.0, 0.0, 1.0, 4.2647, 0.0, 0.5, 0.0, 4.2647, 0.5, 0.0, 0.0, 1.0]], ["6.png", [0.9732557535171509, 0.03917984291911125, -0.2263583540916443, 0.5751068826494002, -0.018197350203990936, -0.9691036939620972, -0.24598166346549988, 0.6330432802480148, -0.2290022373199463, 0.24352219700813293, -0.9424728155136108, 2.5609584687890043, 0.0, 0.0, 0.0, 1.0, 4.2647, 0.0, 0.5, 0.0, 4.2647, 0.5, 0.0, 0.0, 1.0]], ["6_mirror.png", [0.9732557535171509, -0.03917984291911125, 0.2263583540916443, -0.5751068826494002, 0.018197350203990936, -0.9691036939620972, -0.24598166346549988, 0.6330432802480148, 0.2290022373199463, 0.24352219700813293, -0.9424728155136108, 2.5609584687890043, 0.0, 0.0, 0.0, 1.0, 4.2647, 0.0, 0.5, 0.0, 4.2647, 0.5, 0.0, 0.0, 1.0]], ["7.png", [0.95089191198349, -0.027311885729432106, -0.30831578373908997, 0.7851881379185796, -0.0684468075633049, -0.9899933338165283, -0.12340248376131058, 0.3178252039766556, -0.3018602132797241, 0.138445645570755, -0.943246066570282, 2.563682259522258, 0.0, 0.0, 0.0, 1.0, 4.2647, 0.0, 0.5, 0.0, 4.2647, 0.5, 0.0, 0.0, 1.0]], ["7_mirror.png", [0.95089191198349, 0.027311885729432106, 0.30831578373908997, -0.7851881379185796, 0.0684468075633049, -0.9899933338165283, -0.12340248376131058, 0.3178252039766556, 0.3018602132797241, 0.138445645570755, -0.943246066570282, 2.563682259522258, 0.0, 0.0, 0.0, 1.0, 4.2647, 0.0, 0.5, 0.0, 4.2647, 0.5, 0.0, 0.0, 1.0]], ["8.png", [0.9753990769386292, -0.047189872711896896, -0.21533654630184174, 0.5432370315312212, -0.07976937294006348, -0.9861798286437988, -0.1452111452817917, 0.37198996788221067, -0.2055080682039261, 0.15881606936454773, -0.9656831622123718, 2.618495176884643, 0.0, 0.0, 0.0, 1.0, 4.2647, 0.0, 0.5, 0.0, 4.2647, 0.5, 0.0, 0.0, 1.0]], ["8_mirror.png", [0.9753990769386292, 0.047189872711896896, 0.21533654630184174, -0.5432370315312212, 0.07976937294006348, -0.9861798286437988, -0.1452111452817917, 0.37198996788221067, 0.2055080682039261, 0.15881606936454773, -0.9656831622123718, 2.618495176884643, 0.0, 0.0, 0.0, 1.0, 4.2647, 0.0, 0.5, 0.0, 4.2647, 0.5, 0.0, 0.0, 1.0]], ["9.png", [0.9785536527633667, -0.038995176553726196, -0.20226745307445526, 0.5130026584141074, -0.0661916434764862, -0.9893691539764404, -0.1294892132282257, 0.3308395173285413, -0.19506771862506866, 0.14010056853294373, -0.9707319140434265, 2.630090014853841, 0.0, 0.0, 0.0, 1.0, 4.2647, 0.0, 0.5, 0.0, 4.2647, 0.5, 0.0, 0.0, 1.0]], ["9_mirror.png", [0.9785536527633667, 0.038995176553726196, 0.20226745307445526, -0.5130026584141074, 0.0661916434764862, -0.9893691539764404, -0.1294892132282257, 0.3308395173285413, 0.19506771862506866, 0.14010056853294373, -0.9707319140434265, 2.630090014853841, 0.0, 0.0, 0.0, 1.0, 4.2647, 0.0, 0.5, 0.0, 4.2647, 0.5, 0.0, 0.0, 1.0]]]}