{"labels": [["8_11.png", [0.9883521199226379, 0.11627697944641113, -0.09818200767040253, 0.24570520867415366, 0.09364883601665497, -0.9732319116592407, -0.20987994968891144, 0.5337003155122174, -0.1199580654501915, 0.19824068248271942, -0.9727849960327148, 2.635297501925077, 0.0, 0.0, 0.0, 1.0, 4.2647, 0.0, 0.5, 0.0, 4.2647, 0.5, 0.0, 0.0, 1.0]], ["8_7.png", [0.9632903933525085, 0.26795563101768494, -0.01647636666893959, 0.039018524809149864, 0.2624889314174652, -0.9529574513435364, -0.15156413614749908, 0.3829122966912027, -0.056313738226890564, 0.1416754126548767, -0.9883100986480713, 2.6724250649483863, 0.0, 0.0, 0.0, 1.0, 4.2647, 0.0, 0.5, 0.0, 4.2647, 0.5, 0.0, 0.0, 1.0]], ["8_2.png", [0.9661893248558044, -0.020286453887820244, -0.2570343613624573, 0.6550866925486599, -0.059696264564991, -0.9874128699302673, -0.1464659869670868, 0.37121901059278173, -0.25082772970199585, 0.15685786306858063, -0.9552387595176697, 2.5928860120375856, 0.0, 0.0, 0.0, 1.0, 4.2647, 0.0, 0.5, 0.0, 4.2647, 0.5, 0.0, 0.0, 1.0]]]}