{"labels": [["0_9.png", [0.8640180826187134, -0.003217682708054781, -0.5034505724906921, 1.2904898782516074, -0.039939574897289276, -0.9972661137580872, -0.062170207500457764, 0.1535867291054778, -0.5018741488456726, 0.07382377982139587, -0.8617843985557556, 2.3666531200775562, 0.0, 0.0, 0.0, 1.0, 4.2647, 0.0, 0.5, 0.0, 4.2647, 0.5, 0.0, 0.0, 1.0]], ["0_0.png", [0.9985443353652954, -0.020061291754245758, -0.05006745085120201, 0.12400801844817161, -0.029745005071163177, -0.9791603088378906, -0.20089872181415558, 0.5078270421824439, -0.044993773102760315, 0.20209552347660065, -0.9783317446708679, 2.6489117966796836, 0.0, 0.0, 0.0, 1.0, 4.2647, 0.0, 0.5, 0.0, 4.2647, 0.5, 0.0, 0.0, 1.0]], ["0_17.png", [0.9432485699653625, -0.06377846002578735, -0.3259056508541107, 0.8295115357193061, -0.14279240369796753, -0.9639230370521545, -0.22463925182819366, 0.5747869117480514, -0.29982078075408936, 0.2584275007247925, -0.9183260798454285, 2.5043024214722425, 0.0, 0.0, 0.0, 1.0, 4.2647, 0.0, 0.5, 0.0, 4.2647, 0.5, 0.0, 0.0, 1.0]]]}