{"labels": [["5_7.png", [0.9748733043670654, 0.03984951600432396, -0.2191666066646576, 0.5526105900786247, 0.015382839366793633, -0.9935633540153503, -0.11222831904888153, 0.2807193957195949, -0.22222816944122314, 0.10603699088096619, -0.9692113995552063, 2.627892341135721, 0.0, 0.0, 0.0, 1.0, 4.2647, 0.0, 0.5, 0.0, 4.2647, 0.5, 0.0, 0.0, 1.0]], ["6_15.png", [0.9369043111801147, -0.12421076744794846, 0.32677513360977173, -0.8349494755413395, -0.09706957638263702, -0.990425169467926, -0.09816095232963562, 0.24535928457985898, 0.3358389437198639, 0.06024749577045441, -0.9399906396865845, 2.5559065309129956, 0.0, 0.0, 0.0, 1.0, 4.2647, 0.0, 0.5, 0.0, 4.2647, 0.5, 0.0, 0.0, 1.0]], ["6_1.png", [0.9720179438591003, -0.014967706054449081, 0.23442921042442322, -0.6057831871479168, -0.020310208201408386, -0.999585747718811, 0.020391572266817093, -0.046566455528926014, 0.23402687907218933, -0.024582279846072197, -0.9719193577766418, 2.630752420009984, 0.0, 0.0, 0.0, 1.0, 4.2647, 0.0, 0.5, 0.0, 4.2647, 0.5, 0.0, 0.0, 1.0]]]}