{"labels": [["0_16.png", [0.9931808710098267, -0.10261107236146927, 0.0553411990404129, -0.13833296791440466, -0.09573161602020264, -0.988719642162323, -0.1151903048157692, 0.29808749115352273, 0.06653673201799393, 0.10910691320896149, -0.9918006658554077, 2.6799268343754816, 0.0, 0.0, 0.0, 1.0, 4.2647, 0.0, 0.5, 0.0, 4.2647, 0.5, 0.0, 0.0, 1.0]], ["0_0.png", [0.9973821640014648, 0.04838750138878822, -0.053735096007585526, 0.13943574241894505, 0.044415250420570374, -0.9963566064834595, -0.07280585914850235, 0.19269100595589658, -0.057062212377786636, 0.07022860646247864, -0.9958975315093994, 2.689503271974173, 0.0, 0.0, 0.0, 1.0, 4.2647, 0.0, 0.5, 0.0, 4.2647, 0.5, 0.0, 0.0, 1.0]], ["0_18.png", [0.9820265769958496, -0.07495366036891937, -0.17322181165218353, 0.4415983295685402, -0.1030910536646843, -0.981780469417572, -0.15962257981300354, 0.42049948171560647, -0.15810149908065796, 0.17461124062538147, -0.9718615412712097, 2.6302416431193505, 0.0, 0.0, 0.0, 1.0, 4.2647, 0.0, 0.5, 0.0, 4.2647, 0.5, 0.0, 0.0, 1.0]]]}