{"labels": [["13_0.png", [0.9121974110603333, -0.09703413397073746, -0.3980957567691803, 1.0188884106021001, -0.11230017989873886, -0.9935588240623474, -0.015149137005209923, 0.052029187771705517, -0.3940615653991699, 0.05852522701025009, -0.9172187447547913, 2.4998318684184633, 0.0, 0.0, 0.0, 1.0, 4.2647, 0.0, 0.5, 0.0, 4.2647, 0.5, 0.0, 0.0, 1.0]], ["13_0_mirror.png", [0.9121974110603333, 0.09703413397073746, 0.3980957567691803, -1.0188884106021001, 0.11230017989873886, -0.9935588240623474, -0.015149137005209923, 0.052029187771705517, 0.3940615653991699, 0.05852522701025009, -0.9172187447547913, 2.4998318684184633, 0.0, 0.0, 0.0, 1.0, 4.2647, 0.0, 0.5, 0.0, 4.2647, 0.5, 0.0, 0.0, 1.0]], ["13_1.png", [0.9487117528915405, 0.07243618369102478, -0.30773213505744934, 0.7850319984059287, 0.030296344310045242, -0.9897482395172119, -0.13957296311855316, 0.3657326937844089, -0.31468746066093445, 0.12309134006500244, -0.9411802887916565, 2.5573354019713554, 0.0, 0.0, 0.0, 1.0, 4.2647, 0.0, 0.5, 0.0, 4.2647, 0.5, 0.0, 0.0, 1.0]], ["13_1_mirror.png", [0.9487117528915405, -0.07243618369102478, 0.30773213505744934, -0.7850319984059287, -0.030296344310045242, -0.9897482395172119, -0.13957296311855316, 0.3657326937844089, 0.31468746066093445, 0.12309134006500244, -0.9411802887916565, 2.5573354019713554, 0.0, 0.0, 0.0, 1.0, 4.2647, 0.0, 0.5, 0.0, 4.2647, 0.5, 0.0, 0.0, 1.0]], ["13_10.png", [0.8977000117301941, -0.13237370550632477, -0.42025214433670044, 1.0667056883493358, -0.11758521944284439, -0.9911852478981018, 0.06103627756237984, -0.15456833460041555, -0.4246273338794708, -0.005376830697059631, -0.9053522348403931, 2.475529762370476, 0.0, 0.0, 0.0, 1.0, 4.2647, 0.0, 0.5, 0.0, 4.2647, 0.5, 0.0, 0.0, 1.0]], ["13_10_mirror.png", [0.8977000117301941, 0.13237370550632477, 0.42025214433670044, -1.0667056883493358, 0.11758521944284439, -0.9911852478981018, 0.06103627756237984, -0.15456833460041555, 0.4246273338794708, -0.005376830697059631, -0.9053522348403931, 2.475529762370476, 0.0, 0.0, 0.0, 1.0, 4.2647, 0.0, 0.5, 0.0, 4.2647, 0.5, 0.0, 0.0, 1.0]], ["13_11.png", [0.9704838991165161, 0.08699315041303635, -0.22492940723896027, 0.5685128253297969, 0.07188305258750916, -0.9946244955062866, -0.07453084737062454, 0.19902473091491596, -0.23020398616790771, 0.056162379682064056, -0.9715204238891602, 2.6319540884901045, 0.0, 0.0, 0.0, 1.0, 4.2647, 0.0, 0.5, 0.0, 4.2647, 0.5, 0.0, 0.0, 1.0]], ["13_11_mirror.png", [0.9704838991165161, -0.08699315041303635, 0.22492940723896027, -0.5685128253297969, -0.07188305258750916, -0.9946244955062866, -0.07453084737062454, 0.19902473091491596, 0.23020398616790771, 0.056162379682064056, -0.9715204238891602, 2.6319540884901045, 0.0, 0.0, 0.0, 1.0, 4.2647, 0.0, 0.5, 0.0, 4.2647, 0.5, 0.0, 0.0, 1.0]], ["13_12.png", [0.7835689783096313, -0.14419680833816528, -0.6043400764465332, 1.545355581057898, -0.17308375239372253, -0.9848503470420837, 0.010572235099971294, -0.024633860117308108, -0.5967090129852295, 0.09631737321615219, -0.7966563105583191, 2.2138810494308245, 0.0, 0.0, 0.0, 1.0, 4.2647, 0.0, 0.5, 0.0, 4.2647, 0.5, 0.0, 0.0, 1.0]], ["13_12_mirror.png", [0.7835689783096313, 0.14419680833816528, 0.6043400764465332, -1.545355581057898, 0.17308375239372253, -0.9848503470420837, 0.010572235099971294, -0.024633860117308108, 0.5967090129852295, 0.09631737321615219, -0.7966563105583191, 2.2138810494308245, 0.0, 0.0, 0.0, 1.0, 4.2647, 0.0, 0.5, 0.0, 4.2647, 0.5, 0.0, 0.0, 1.0]], ["13_13.png", [0.9618383646011353, -0.08172182738780975, -0.2611292898654938, 0.6666326619588159, -0.11601118743419647, -0.9861298203468323, -0.1186986118555069, 0.30925029760238826, -0.24780713021755219, 0.14446279406547546, -0.9579781889915466, 2.598069503966847, 0.0, 0.0, 0.0, 1.0, 4.2647, 0.0, 0.5, 0.0, 4.2647, 0.5, 0.0, 0.0, 1.0]], ["13_13_mirror.png", [0.9618383646011353, 0.08172182738780975, 0.2611292898654938, -0.6666326619588159, 0.11601118743419647, -0.9861298203468323, -0.1186986118555069, 0.30925029760238826, 0.24780713021755219, 0.14446279406547546, -0.9579781889915466, 2.598069503966847, 0.0, 0.0, 0.0, 1.0, 4.2647, 0.0, 0.5, 0.0, 4.2647, 0.5, 0.0, 0.0, 1.0]], ["13_14.png", [0.8926542401313782, -0.12820209562778473, -0.4321258068084717, 1.1075863498451477, -0.1267208456993103, -0.991410493850708, 0.03235860541462898, -0.07150131992839312, -0.4325625002384186, 0.0258743055164814, -0.9012326002120972, 2.4613289172488106, 0.0, 0.0, 0.0, 1.0, 4.2647, 0.0, 0.5, 0.0, 4.2647, 0.5, 0.0, 0.0, 1.0]], ["13_14_mirror.png", [0.8926542401313782, 0.12820209562778473, 0.4321258068084717, -1.1075863498451477, 0.1267208456993103, -0.991410493850708, 0.03235860541462898, -0.07150131992839312, 0.4325625002384186, 0.0258743055164814, -0.9012326002120972, 2.4613289172488106, 0.0, 0.0, 0.0, 1.0, 4.2647, 0.0, 0.5, 0.0, 4.2647, 0.5, 0.0, 0.0, 1.0]], ["13_15.png", [0.8985497951507568, 0.03350915387272835, -0.43759045004844666, 1.1239150113946859, -0.011255081743001938, -0.9949934482574463, -0.09930435568094254, 0.2702097851248545, -0.4387272298336029, 0.09415502846240997, -0.8936740159988403, 2.4400413355483273, 0.0, 0.0, 0.0, 1.0, 4.2647, 0.0, 0.5, 0.0, 4.2647, 0.5, 0.0, 0.0, 1.0]], ["13_15_mirror.png", [0.8985497951507568, -0.03350915387272835, 0.43759045004844666, -1.1239150113946859, 0.011255081743001938, -0.9949934482574463, -0.09930435568094254, 0.2702097851248545, 0.4387272298336029, 0.09415502846240997, -0.8936740159988403, 2.4400413355483273, 0.0, 0.0, 0.0, 1.0, 4.2647, 0.0, 0.5, 0.0, 4.2647, 0.5, 0.0, 0.0, 1.0]], ["13_16.png", [0.9610111117362976, 0.09809601306915283, -0.25852423906326294, 0.6562832144329329, 0.0631815493106842, -0.9881230592727661, -0.14007490873336792, 0.3648681901370958, -0.2691945433616638, 0.11827957630157471, -0.9557951092720032, 2.593484826691619, 0.0, 0.0, 0.0, 1.0, 4.2647, 0.0, 0.5, 0.0, 4.2647, 0.5, 0.0, 0.0, 1.0]], ["13_16_mirror.png", [0.9610111117362976, -0.09809601306915283, 0.25852423906326294, -0.6562832144329329, -0.0631815493106842, -0.9881230592727661, -0.14007490873336792, 0.3648681901370958, 0.2691945433616638, 0.11827957630157471, -0.9557951092720032, 2.593484826691619, 0.0, 0.0, 0.0, 1.0, 4.2647, 0.0, 0.5, 0.0, 4.2647, 0.5, 0.0, 0.0, 1.0]], ["13_17.png", [0.7900767922401428, -0.13608497381210327, -0.5977118611335754, 1.5290008680159533, -0.1569206416606903, -0.9874579310417175, 0.017397712916135788, -0.02956636229703841, -0.5925829410552979, 0.08004780113697052, -0.8015221357345581, 2.2251476750604624, 0.0, 0.0, 0.0, 1.0, 4.2647, 0.0, 0.5, 0.0, 4.2647, 0.5, 0.0, 0.0, 1.0]], ["13_17_mirror.png", [0.7900767922401428, 0.13608497381210327, 0.5977118611335754, -1.5290008680159533, 0.1569206416606903, -0.9874579310417175, 0.017397712916135788, -0.02956636229703841, 0.5925829410552979, 0.08004780113697052, -0.8015221357345581, 2.2251476750604624, 0.0, 0.0, 0.0, 1.0, 4.2647, 0.0, 0.5, 0.0, 4.2647, 0.5, 0.0, 0.0, 1.0]], ["13_18.png", [0.9190768003463745, -0.09041040390729904, -0.383567214012146, 0.98203536277427, -0.09840455651283264, -0.9951456785202026, -0.001224868930876255, 0.014547847800034585, -0.38159453868865967, 0.03887050971388817, -0.9235121607780457, 2.515033778378572, 0.0, 0.0, 0.0, 1.0, 4.2647, 0.0, 0.5, 0.0, 4.2647, 0.5, 0.0, 0.0, 1.0]], ["13_18_mirror.png", [0.9190768003463745, 0.09041040390729904, 0.383567214012146, -0.98203536277427, 0.09840455651283264, -0.9951456785202026, -0.001224868930876255, 0.014547847800034585, 0.38159453868865967, 0.03887050971388817, -0.9235121607780457, 2.515033778378572, 0.0, 0.0, 0.0, 1.0, 4.2647, 0.0, 0.5, 0.0, 4.2647, 0.5, 0.0, 0.0, 1.0]], ["13_19.png", [0.928283154964447, 0.04816124960780144, -0.3687422275543213, 0.9388386635043822, -0.0013552270829677582, -0.9911333918571472, -0.13286316394805908, 0.3526677434871127, -0.37187162041664124, 0.12383436411619186, -0.9199872612953186, 2.5068321496687838, 0.0, 0.0, 0.0, 1.0, 4.2647, 0.0, 0.5, 0.0, 4.2647, 0.5, 0.0, 0.0, 1.0]], ["13_19_mirror.png", [0.928283154964447, -0.04816124960780144, 0.3687422275543213, -0.9388386635043822, 0.0013552270829677582, -0.9911333918571472, -0.13286316394805908, 0.3526677434871127, 0.37187162041664124, 0.12383436411619186, -0.9199872612953186, 2.5068321496687838, 0.0, 0.0, 0.0, 1.0, 4.2647, 0.0, 0.5, 0.0, 4.2647, 0.5, 0.0, 0.0, 1.0]], ["13_2.png", [0.7753056287765503, -0.06945915520191193, -0.6277551054954529, 1.617367916858475, -0.13141591846942902, -0.9899215698242188, -0.052772797644138336, 0.14712526308576987, -0.6177628040313721, 0.12341207265853882, -0.7766199111938477, 2.1569597071987276, 0.0, 0.0, 0.0, 1.0, 4.2647, 0.0, 0.5, 0.0, 4.2647, 0.5, 0.0, 0.0, 1.0]], ["13_2_mirror.png", [0.7753056287765503, 0.06945915520191193, 0.6277551054954529, -1.617367916858475, 0.13141591846942902, -0.9899215698242188, -0.052772797644138336, 0.14712526308576987, 0.6177628040313721, 0.12341207265853882, -0.7766199111938477, 2.1569597071987276, 0.0, 0.0, 0.0, 1.0, 4.2647, 0.0, 0.5, 0.0, 4.2647, 0.5, 0.0, 0.0, 1.0]], ["13_3.png", [0.9022404551506042, -0.1261400431394577, -0.4123722314834595, 1.0539397967460666, -0.12065519392490387, -0.9919110536575317, 0.0394296832382679, -0.08981188755464742, -0.41401025652885437, 0.014179795980453491, -0.9101617932319641, 2.4841788843979677, 0.0, 0.0, 0.0, 1.0, 4.2647, 0.0, 0.5, 0.0, 4.2647, 0.5, 0.0, 0.0, 1.0]], ["13_3_mirror.png", [0.9022404551506042, 0.1261400431394577, 0.4123722314834595, -1.0539397967460666, 0.12065519392490387, -0.9919110536575317, 0.0394296832382679, -0.08981188755464742, 0.41401025652885437, 0.014179795980453491, -0.9101617932319641, 2.4841788843979677, 0.0, 0.0, 0.0, 1.0, 4.2647, 0.0, 0.5, 0.0, 4.2647, 0.5, 0.0, 0.0, 1.0]], ["13_4.png", [0.8941529393196106, -0.02418963797390461, -0.4471077620983124, 1.1447507763234386, -0.06052243709564209, -0.9959051609039307, -0.06715547293424606, 0.18332036332163298, -0.4436524510383606, 0.08710732311010361, -0.891955554485321, 2.4384296800396994, 0.0, 0.0, 0.0, 1.0, 4.2647, 0.0, 0.5, 0.0, 4.2647, 0.5, 0.0, 0.0, 1.0]], ["13_4_mirror.png", [0.8941529393196106, 0.02418963797390461, 0.4471077620983124, -1.1447507763234386, 0.06052243709564209, -0.9959051609039307, -0.06715547293424606, 0.18332036332163298, 0.4436524510383606, 0.08710732311010361, -0.891955554485321, 2.4384296800396994, 0.0, 0.0, 0.0, 1.0, 4.2647, 0.0, 0.5, 0.0, 4.2647, 0.5, 0.0, 0.0, 1.0]], ["13_5.png", [0.8939028382301331, -0.12667109072208405, -0.4299909174442291, 1.0964619442148682, -0.1242767721414566, -0.9916724562644958, 0.033779460936784744, -0.07829244530956952, -0.4306890368461609, 0.02324233204126358, -0.9022010564804077, 2.4660984363759693, 0.0, 0.0, 0.0, 1.0, 4.2647, 0.0, 0.5, 0.0, 4.2647, 0.5, 0.0, 0.0, 1.0]], ["13_5_mirror.png", [0.8939028382301331, 0.12667109072208405, 0.4299909174442291, -1.0964619442148682, 0.1242767721414566, -0.9916724562644958, 0.033779460936784744, -0.07829244530956952, 0.4306890368461609, 0.02324233204126358, -0.9022010564804077, 2.4660984363759693, 0.0, 0.0, 0.0, 1.0, 4.2647, 0.0, 0.5, 0.0, 4.2647, 0.5, 0.0, 0.0, 1.0]], ["13_6.png", [0.9137426018714905, 0.01678241416811943, -0.40594688057899475, 1.0323439730334873, 0.0029342463240027428, -0.9993930459022522, -0.03471164405345917, 0.09398513278220653, -0.40628305077552795, 0.030526358634233475, -0.9132372140884399, 2.493076957528056, 0.0, 0.0, 0.0, 1.0, 4.2647, 0.0, 0.5, 0.0, 4.2647, 0.5, 0.0, 0.0, 1.0]], ["13_6_mirror.png", [0.9137426018714905, -0.01678241416811943, 0.40594688057899475, -1.0323439730334873, -0.0029342463240027428, -0.9993930459022522, -0.03471164405345917, 0.09398513278220653, 0.40628305077552795, 0.030526358634233475, -0.9132372140884399, 2.493076957528056, 0.0, 0.0, 0.0, 1.0, 4.2647, 0.0, 0.5, 0.0, 4.2647, 0.5, 0.0, 0.0, 1.0]], ["13_7.png", [0.894874095916748, -0.13749006390571594, -0.4246136546134949, 1.078735880221551, -0.12680721282958984, -0.9904849529266357, 0.05347296968102455, -0.12398026756897844, -0.4279254376888275, 0.005992501974105835, -0.9037941098213196, 2.4720351522533335, 0.0, 0.0, 0.0, 1.0, 4.2647, 0.0, 0.5, 0.0, 4.2647, 0.5, 0.0, 0.0, 1.0]], ["13_7_mirror.png", [0.894874095916748, 0.13749006390571594, 0.4246136546134949, -1.078735880221551, 0.12680721282958984, -0.9904849529266357, 0.05347296968102455, -0.12398026756897844, 0.4279254376888275, 0.005992501974105835, -0.9037941098213196, 2.4720351522533335, 0.0, 0.0, 0.0, 1.0, 4.2647, 0.0, 0.5, 0.0, 4.2647, 0.5, 0.0, 0.0, 1.0]], ["13_8.png", [0.9039949178695679, -0.10649974644184113, -0.4140664041042328, 1.0616717865036684, -0.09998030960559845, -0.9942842125892639, 0.03745611757040024, -0.08851095640368696, -0.41568875312805176, 0.007538348436355591, -0.9094756841659546, 2.480931040625397, 0.0, 0.0, 0.0, 1.0, 4.2647, 0.0, 0.5, 0.0, 4.2647, 0.5, 0.0, 0.0, 1.0]], ["13_8_mirror.png", [0.9039949178695679, 0.10649974644184113, 0.4140664041042328, -1.0616717865036684, 0.09998030960559845, -0.9942842125892639, 0.03745611757040024, -0.08851095640368696, 0.41568875312805176, 0.007538348436355591, -0.9094756841659546, 2.480931040625397, 0.0, 0.0, 0.0, 1.0, 4.2647, 0.0, 0.5, 0.0, 4.2647, 0.5, 0.0, 0.0, 1.0]], ["13_9.png", [0.909338653087616, -0.0939536988735199, -0.4053094983100891, 1.0384255376736071, -0.09936903417110443, -0.9950207471847534, 0.007712063379585743, -0.007064727631710325, -0.4040159583091736, 0.033262334764003754, -0.9141469597816467, 2.49231267948682, 0.0, 0.0, 0.0, 1.0, 4.2647, 0.0, 0.5, 0.0, 4.2647, 0.5, 0.0, 0.0, 1.0]], ["13_9_mirror.png", [0.909338653087616, 0.0939536988735199, 0.4053094983100891, -1.0384255376736071, 0.09936903417110443, -0.9950207471847534, 0.007712063379585743, -0.007064727631710325, 0.4040159583091736, 0.033262334764003754, -0.9141469597816467, 2.49231267948682, 0.0, 0.0, 0.0, 1.0, 4.2647, 0.0, 0.5, 0.0, 4.2647, 0.5, 0.0, 0.0, 1.0]]]}