{"labels": [["1_0.png", [0.9885061979293823, -0.11932757496833801, -0.0928243100643158, 0.23185402733213628, -0.11335547268390656, -0.9912815690040588, 0.0671660527586937, -0.17051714596779832, -0.10002979636192322, -0.05587192624807358, -0.9934144616127014, 2.6846168465799485, 0.0, 0.0, 0.0, 1.0, 4.2647, 0.0, 0.5, 0.0, 4.2647, 0.5, 0.0, 0.0, 1.0]], ["1_0_mirror.png", [0.9885061979293823, 0.11932757496833801, 0.0928243100643158, -0.23185402733213628, 0.11335547268390656, -0.9912815690040588, 0.0671660527586937, -0.17051714596779832, 0.10002979636192322, -0.05587192624807358, -0.9934144616127014, 2.6846168465799485, 0.0, 0.0, 0.0, 1.0, 4.2647, 0.0, 0.5, 0.0, 4.2647, 0.5, 0.0, 0.0, 1.0]], ["1_1.png", [0.9956923127174377, -0.09135430306196213, -0.01585034653544426, 0.03851784204422916, -0.09226445108652115, -0.9931339025497437, -0.07191915065050125, 0.18848296549258822, -0.009171392768621445, 0.07307177037000656, -0.997284471988678, 2.693137677053176, 0.0, 0.0, 0.0, 1.0, 4.2647, 0.0, 0.5, 0.0, 4.2647, 0.5, 0.0, 0.0, 1.0]], ["1_1_mirror.png", [0.9956923127174377, 0.09135430306196213, 0.01585034653544426, -0.03851784204422916, 0.09226445108652115, -0.9931339025497437, -0.07191915065050125, 0.18848296549258822, 0.009171392768621445, 0.07307177037000656, -0.997284471988678, 2.693137677053176, 0.0, 0.0, 0.0, 1.0, 4.2647, 0.0, 0.5, 0.0, 4.2647, 0.5, 0.0, 0.0, 1.0]], ["1_10.png", [0.9959526658058167, -0.05904119834303856, -0.06776744872331619, 0.16866530862800344, -0.06308279931545258, -0.9962548613548279, -0.059134602546691895, 0.1473238846313665, -0.06402227282524109, 0.06317022442817688, -0.9959471225738525, 2.6906965058665655, 0.0, 0.0, 0.0, 1.0, 4.2647, 0.0, 0.5, 0.0, 4.2647, 0.5, 0.0, 0.0, 1.0]], ["1_10_mirror.png", [0.9959526658058167, 0.05904119834303856, 0.06776744872331619, -0.16866530862800344, 0.06308279931545258, -0.9962548613548279, -0.059134602546691895, 0.1473238846313665, 0.06402227282524109, 0.06317022442817688, -0.9959471225738525, 2.6906965058665655, 0.0, 0.0, 0.0, 1.0, 4.2647, 0.0, 0.5, 0.0, 4.2647, 0.5, 0.0, 0.0, 1.0]], ["1_11.png", [0.9983446002006531, -0.056585997343063354, -0.010295834392309189, 0.02008506728097044, -0.05543764680624008, -0.9944183230400085, 0.0897713303565979, -0.22332993336591808, -0.015318166464567184, -0.08905193954706192, -0.9959092140197754, 2.690672839818155, 0.0, 0.0, 0.0, 1.0, 4.2647, 0.0, 0.5, 0.0, 4.2647, 0.5, 0.0, 0.0, 1.0]], ["1_11_mirror.png", [0.9983446002006531, 0.056585997343063354, 0.010295834392309189, -0.02008506728097044, 0.05543764680624008, -0.9944183230400085, 0.0897713303565979, -0.22332993336591808, 0.015318166464567184, -0.08905193954706192, -0.9959092140197754, 2.690672839818155, 0.0, 0.0, 0.0, 1.0, 4.2647, 0.0, 0.5, 0.0, 4.2647, 0.5, 0.0, 0.0, 1.0]], ["1_12.png", [0.9868956804275513, -0.10590814799070358, -0.12173883616924286, 0.308838484002687, -0.09765839576721191, -0.9926222562789917, 0.07185983657836914, -0.18184598256737577, -0.12845121324062347, -0.05902934446930885, -0.9899574518203735, 2.676107402445393, 0.0, 0.0, 0.0, 1.0, 4.2647, 0.0, 0.5, 0.0, 4.2647, 0.5, 0.0, 0.0, 1.0]], ["1_12_mirror.png", [0.9868956804275513, 0.10590814799070358, 0.12173883616924286, -0.308838484002687, 0.09765839576721191, -0.9926222562789917, 0.07185983657836914, -0.18184598256737577, 0.12845121324062347, -0.05902934446930885, -0.9899574518203735, 2.676107402445393, 0.0, 0.0, 0.0, 1.0, 4.2647, 0.0, 0.5, 0.0, 4.2647, 0.5, 0.0, 0.0, 1.0]], ["1_13.png", [0.9988048672676086, -0.04330286383628845, -0.022666085511446, 0.051188026769050925, -0.040905218571424484, -0.9944169521331787, 0.09727172553539276, -0.24626616018718395, -0.02675168216228485, -0.09622831642627716, -0.9949997067451477, 2.688258314273789, 0.0, 0.0, 0.0, 1.0, 4.2647, 0.0, 0.5, 0.0, 4.2647, 0.5, 0.0, 0.0, 1.0]], ["1_13_mirror.png", [0.9988048672676086, 0.04330286383628845, 0.022666085511446, -0.051188026769050925, 0.040905218571424484, -0.9944169521331787, 0.09727172553539276, -0.24626616018718395, 0.02675168216228485, -0.09622831642627716, -0.9949997067451477, 2.688258314273789, 0.0, 0.0, 0.0, 1.0, 4.2647, 0.0, 0.5, 0.0, 4.2647, 0.5, 0.0, 0.0, 1.0]], ["1_14.png", [0.9895212650299072, -0.11311131715774536, -0.08974090963602066, 0.22655816395620787, -0.10781845450401306, -0.992247998714447, 0.06179817393422127, -0.1622927347278114, -0.09603530913591385, -0.051474884152412415, -0.9940459728240967, 2.6855786092757294, 0.0, 0.0, 0.0, 1.0, 4.2647, 0.0, 0.5, 0.0, 4.2647, 0.5, 0.0, 0.0, 1.0]], ["1_14_mirror.png", [0.9895212650299072, 0.11311131715774536, 0.08974090963602066, -0.22655816395620787, 0.10781845450401306, -0.992247998714447, 0.06179817393422127, -0.1622927347278114, 0.09603530913591385, -0.051474884152412415, -0.9940459728240967, 2.6855786092757294, 0.0, 0.0, 0.0, 1.0, 4.2647, 0.0, 0.5, 0.0, 4.2647, 0.5, 0.0, 0.0, 1.0]], ["1_15.png", [0.9996993541717529, -0.024343902245163918, -0.0029255938716232777, 0.004716457461161017, -0.02356134168803692, -0.9868102669715881, 0.16015730798244476, -0.40453221317062904, -0.006785860285162926, -0.1600402295589447, -0.9870871901512146, 2.669518953582516, 0.0, 0.0, 0.0, 1.0, 4.2647, 0.0, 0.5, 0.0, 4.2647, 0.5, 0.0, 0.0, 1.0]], ["1_15_mirror.png", [0.9996993541717529, 0.024343902245163918, 0.0029255938716232777, -0.004716457461161017, 0.02356134168803692, -0.9868102669715881, 0.16015730798244476, -0.40453221317062904, 0.006785860285162926, -0.1600402295589447, -0.9870871901512146, 2.669518953582516, 0.0, 0.0, 0.0, 1.0, 4.2647, 0.0, 0.5, 0.0, 4.2647, 0.5, 0.0, 0.0, 1.0]], ["1_16.png", [0.996135413646698, -0.07504935562610626, -0.04562562704086304, 0.11131419495389434, -0.07753273099660873, -0.9954525828361511, -0.05534226819872856, 0.14928917561161614, -0.041264746338129044, 0.05866587534546852, -0.9974244236946106, 2.6935704728198537, 0.0, 0.0, 0.0, 1.0, 4.2647, 0.0, 0.5, 0.0, 4.2647, 0.5, 0.0, 0.0, 1.0]], ["1_16_mirror.png", [0.996135413646698, 0.07504935562610626, 0.04562562704086304, -0.11131419495389434, 0.07753273099660873, -0.9954525828361511, -0.05534226819872856, 0.14928917561161614, 0.041264746338129044, 0.05866587534546852, -0.9974244236946106, 2.6935704728198537, 0.0, 0.0, 0.0, 1.0, 4.2647, 0.0, 0.5, 0.0, 4.2647, 0.5, 0.0, 0.0, 1.0]], ["1_17.png", [0.9950388073921204, -0.08520526438951492, -0.05136077478528023, 0.1218837009107684, -0.08292640000581741, -0.9955400228500366, 0.04498117044568062, -0.11296682902145991, -0.0549643449485302, -0.040498845279216766, -0.9976666569709778, 2.694880861743824, 0.0, 0.0, 0.0, 1.0, 4.2647, 0.0, 0.5, 0.0, 4.2647, 0.5, 0.0, 0.0, 1.0]], ["1_17_mirror.png", [0.9950388073921204, 0.08520526438951492, 0.05136077478528023, -0.1218837009107684, 0.08292640000581741, -0.9955400228500366, 0.04498117044568062, -0.11296682902145991, 0.0549643449485302, -0.040498845279216766, -0.9976666569709778, 2.694880861743824, 0.0, 0.0, 0.0, 1.0, 4.2647, 0.0, 0.5, 0.0, 4.2647, 0.5, 0.0, 0.0, 1.0]], ["1_18.png", [0.9989036917686462, -0.04649984464049339, -0.005393181927502155, 0.008267857588737782, -0.04574541747570038, -0.9941018223762512, 0.09833058714866638, -0.24681263773530565, -0.009933728724718094, -0.09797607362270355, -0.9951391816139221, 2.688682793559894, 0.0, 0.0, 0.0, 1.0, 4.2647, 0.0, 0.5, 0.0, 4.2647, 0.5, 0.0, 0.0, 1.0]], ["1_18_mirror.png", [0.9989036917686462, 0.04649984464049339, 0.005393181927502155, -0.008267857588737782, 0.04574541747570038, -0.9941018223762512, 0.09833058714866638, -0.24681263773530565, 0.009933728724718094, -0.09797607362270355, -0.9951391816139221, 2.688682793559894, 0.0, 0.0, 0.0, 1.0, 4.2647, 0.0, 0.5, 0.0, 4.2647, 0.5, 0.0, 0.0, 1.0]], ["1_19.png", [0.9991080164909363, -0.03941578045487404, -0.015148530714213848, 0.03366546251101692, -0.03785789757966995, -0.9950270056724548, 0.09213005006313324, -0.23293899145283806, -0.018704576417803764, -0.09147438406944275, -0.995631754398346, 2.6897223021893644, 0.0, 0.0, 0.0, 1.0, 4.2647, 0.0, 0.5, 0.0, 4.2647, 0.5, 0.0, 0.0, 1.0]], ["1_19_mirror.png", [0.9991080164909363, 0.03941578045487404, 0.015148530714213848, -0.03366546251101692, 0.03785789757966995, -0.9950270056724548, 0.09213005006313324, -0.23293899145283806, 0.018704576417803764, -0.09147438406944275, -0.995631754398346, 2.6897223021893644, 0.0, 0.0, 0.0, 1.0, 4.2647, 0.0, 0.5, 0.0, 4.2647, 0.5, 0.0, 0.0, 1.0]], ["1_2.png", [0.997425377368927, -0.06778198480606079, 0.023415273055434227, -0.05946438484077851, -0.06812553107738495, -0.9975757598876953, 0.014198899269104004, -0.018787125213922097, 0.02239607833325863, -0.015757519751787186, -0.9996249675750732, 2.6992797244564533, 0.0, 0.0, 0.0, 1.0, 4.2647, 0.0, 0.5, 0.0, 4.2647, 0.5, 0.0, 0.0, 1.0]], ["1_2_mirror.png", [0.997425377368927, 0.06778198480606079, -0.023415273055434227, 0.05946438484077851, 0.06812553107738495, -0.9975757598876953, 0.014198899269104004, -0.018787125213922097, -0.02239607833325863, -0.015757519751787186, -0.9996249675750732, 2.6992797244564533, 0.0, 0.0, 0.0, 1.0, 4.2647, 0.0, 0.5, 0.0, 4.2647, 0.5, 0.0, 0.0, 1.0]], ["1_3.png", [0.9960407018661499, -0.06144186481833458, -0.06424851715564728, 0.1579045028414469, -0.06411535292863846, -0.9971240162849426, -0.040410883724689484, 0.10488890458305254, -0.06158081442117691, 0.04437020421028137, -0.9971153736114502, 2.693337053856751, 0.0, 0.0, 0.0, 1.0, 4.2647, 0.0, 0.5, 0.0, 4.2647, 0.5, 0.0, 0.0, 1.0]], ["1_3_mirror.png", [0.9960407018661499, 0.06144186481833458, 0.06424851715564728, -0.1579045028414469, 0.06411535292863846, -0.9971240162849426, -0.040410883724689484, 0.10488890458305254, 0.06158081442117691, 0.04437020421028137, -0.9971153736114502, 2.693337053856751, 0.0, 0.0, 0.0, 1.0, 4.2647, 0.0, 0.5, 0.0, 4.2647, 0.5, 0.0, 0.0, 1.0]], ["1_4.png", [0.9750922322273254, -0.22170324623584747, 0.006542838178575039, -0.02301086339671013, -0.2179321050643921, -0.9631567597389221, -0.1575898379087448, 0.3948566321647059, 0.04123995453119278, 0.15223872661590576, -0.9874829649925232, 2.6708722807729472, 0.0, 0.0, 0.0, 1.0, 4.2647, 0.0, 0.5, 0.0, 4.2647, 0.5, 0.0, 0.0, 1.0]], ["1_4_mirror.png", [0.9750922322273254, 0.22170324623584747, -0.006542838178575039, 0.02301086339671013, 0.2179321050643921, -0.9631567597389221, -0.1575898379087448, 0.3948566321647059, -0.04123995453119278, 0.15223872661590576, -0.9874829649925232, 2.6708722807729472, 0.0, 0.0, 0.0, 1.0, 4.2647, 0.0, 0.5, 0.0, 4.2647, 0.5, 0.0, 0.0, 1.0]], ["1_5.png", [0.9961819648742676, -0.06982304155826569, -0.05240331217646599, 0.12921385282107084, -0.0726611390709877, -0.9958740472793579, -0.05436236783862114, 0.14202521137339713, -0.048391349613666534, 0.05796249583363533, -0.9971452355384827, 2.693164053594485, 0.0, 0.0, 0.0, 1.0, 4.2647, 0.0, 0.5, 0.0, 4.2647, 0.5, 0.0, 0.0, 1.0]], ["1_5_mirror.png", [0.9961819648742676, 0.06982304155826569, 0.05240331217646599, -0.12921385282107084, 0.0726611390709877, -0.9958740472793579, -0.05436236783862114, 0.14202521137339713, 0.048391349613666534, 0.05796249583363533, -0.9971452355384827, 2.693164053594485, 0.0, 0.0, 0.0, 1.0, 4.2647, 0.0, 0.5, 0.0, 4.2647, 0.5, 0.0, 0.0, 1.0]], ["1_6.png", [0.9956697225570679, -0.02211024984717369, -0.09029365330934525, 0.22500414887946, -0.01919860765337944, -0.9992712736129761, 0.032988645136356354, -0.0885424680227408, -0.09095723927021027, -0.03111228533089161, -0.9953686594963074, 2.689151049001055, 0.0, 0.0, 0.0, 1.0, 4.2647, 0.0, 0.5, 0.0, 4.2647, 0.5, 0.0, 0.0, 1.0]], ["1_6_mirror.png", [0.9956697225570679, 0.02211024984717369, 0.09029365330934525, -0.22500414887946, 0.01919860765337944, -0.9992712736129761, 0.032988645136356354, -0.0885424680227408, 0.09095723927021027, -0.03111228533089161, -0.9953686594963074, 2.689151049001055, 0.0, 0.0, 0.0, 1.0, 4.2647, 0.0, 0.5, 0.0, 4.2647, 0.5, 0.0, 0.0, 1.0]], ["1_7.png", [0.9953000545501709, -0.0964948982000351, -0.008159657940268517, 0.018970418515621954, -0.09683839231729507, -0.9921103715896606, -0.07961967587471008, 0.2085788485087475, -0.0004123891703784466, 0.08003561943769455, -0.9967919588088989, 2.6918645930239706, 0.0, 0.0, 0.0, 1.0, 4.2647, 0.0, 0.5, 0.0, 4.2647, 0.5, 0.0, 0.0, 1.0]], ["1_7_mirror.png", [0.9953000545501709, 0.0964948982000351, 0.008159657940268517, -0.018970418515621954, 0.09683839231729507, -0.9921103715896606, -0.07961967587471008, 0.2085788485087475, 0.0004123891703784466, 0.08003561943769455, -0.9967919588088989, 2.6918645930239706, 0.0, 0.0, 0.0, 1.0, 4.2647, 0.0, 0.5, 0.0, 4.2647, 0.5, 0.0, 0.0, 1.0]], ["1_8.png", [0.9955200552940369, -0.08874011784791946, -0.0326346680521965, 0.08172134352931433, -0.09107150137424469, -0.992729127407074, -0.07870806008577347, 0.20850154278879812, -0.025412824004888535, 0.08132753521203995, -0.9963634610176086, 2.6906966994937305, 0.0, 0.0, 0.0, 1.0, 4.2647, 0.0, 0.5, 0.0, 4.2647, 0.5, 0.0, 0.0, 1.0]], ["1_8_mirror.png", [0.9955200552940369, 0.08874011784791946, 0.0326346680521965, -0.08172134352931433, 0.09107150137424469, -0.992729127407074, -0.07870806008577347, 0.20850154278879812, 0.025412824004888535, 0.08132753521203995, -0.9963634610176086, 2.6906966994937305, 0.0, 0.0, 0.0, 1.0, 4.2647, 0.0, 0.5, 0.0, 4.2647, 0.5, 0.0, 0.0, 1.0]], ["1_9.png", [0.9960628747940063, -0.08274240046739578, -0.03181801363825798, 0.08091162980414328, -0.08300111442804337, -0.9965255856513977, -0.006895743310451508, 0.020547881181274322, -0.031136898323893547, 0.009509525261819363, -0.9994698762893677, 2.698709153047323, 0.0, 0.0, 0.0, 1.0, 4.2647, 0.0, 0.5, 0.0, 4.2647, 0.5, 0.0, 0.0, 1.0]], ["1_9_mirror.png", [0.9960628747940063, 0.08274240046739578, 0.03181801363825798, -0.08091162980414328, 0.08300111442804337, -0.9965255856513977, -0.006895743310451508, 0.020547881181274322, 0.031136898323893547, 0.009509525261819363, -0.9994698762893677, 2.698709153047323, 0.0, 0.0, 0.0, 1.0, 4.2647, 0.0, 0.5, 0.0, 4.2647, 0.5, 0.0, 0.0, 1.0]]]}