{"labels": [["4_18.png", [0.960250735282898, 0.06654507666826248, 0.2710910439491272, -0.6962154144169587, 0.08940154314041138, -0.9933284521102905, -0.07284186035394669, 0.18713292476877733, 0.26443520188331604, 0.09418240189552307, -0.9597936272621155, 2.601973359816681, 0.0, 0.0, 0.0, 1.0, 4.2647, 0.0, 0.5, 0.0, 4.2647, 0.5, 0.0, 0.0, 1.0]], ["2_10.png", [0.9991429448127747, -0.008743330836296082, 0.040459830313920975, -0.10830949673619254, 0.0005573295056819916, -0.974507749080658, -0.22435328364372253, 0.5780610218114814, 0.041390012949705124, 0.22418354451656342, -0.9736676216125488, 2.635168781687242, 0.0, 0.0, 0.0, 1.0, 4.2647, 0.0, 0.5, 0.0, 4.2647, 0.5, 0.0, 0.0, 1.0]], ["5_4.png", [0.896896243095398, 0.26399460434913635, -0.3548012971878052, 0.9052702682712701, 0.2007390260696411, -0.9578937292098999, -0.20528869330883026, 0.51978755798337, -0.3940570652484894, 0.11290019750595093, -0.912125289440155, 2.4900414928168866, 0.0, 0.0, 0.0, 1.0, 4.2647, 0.0, 0.5, 0.0, 4.2647, 0.5, 0.0, 0.0, 1.0]]]}