{"labels": [["6_0.png", [0.9229532480239868, 0.009779155254364014, -0.3847878575325012, 0.9779325504058612, -0.004047410562634468, -0.9993754029273987, -0.03510666266083717, 0.09814542287394153, -0.3848908245563507, 0.03395920246839523, -0.9223371744155884, 2.5147595119266546, 0.0, 0.0, 0.0, 1.0, 4.2647, 0.0, 0.5, 0.0, 4.2647, 0.5, 0.0, 0.0, 1.0]], ["6_0_mirror.png", [0.9229532480239868, -0.009779155254364014, 0.3847878575325012, -0.9779325504058612, 0.004047410562634468, -0.9993754029273987, -0.03510666266083717, 0.09814542287394153, 0.3848908245563507, 0.03395920246839523, -0.9223371744155884, 2.5147595119266546, 0.0, 0.0, 0.0, 1.0, 4.2647, 0.0, 0.5, 0.0, 4.2647, 0.5, 0.0, 0.0, 1.0]], ["6_1.png", [0.8979676961898804, 0.01353952381759882, -0.43985292315483093, 1.1237762310401664, -0.01729121059179306, -0.9976691007614136, -0.06601051241159439, 0.17448108762844158, -0.43972140550613403, 0.06688090413808823, -0.8956405520439148, 2.4488126373018324, 0.0, 0.0, 0.0, 1.0, 4.2647, 0.0, 0.5, 0.0, 4.2647, 0.5, 0.0, 0.0, 1.0]], ["6_1_mirror.png", [0.8979676961898804, -0.01353952381759882, 0.43985292315483093, -1.1237762310401664, 0.01729121059179306, -0.9976691007614136, -0.06601051241159439, 0.17448108762844158, 0.43972140550613403, 0.06688090413808823, -0.8956405520439148, 2.4488126373018324, 0.0, 0.0, 0.0, 1.0, 4.2647, 0.0, 0.5, 0.0, 4.2647, 0.5, 0.0, 0.0, 1.0]], ["6_10.png", [0.8960109353065491, -0.006227339152246714, -0.44398829340934753, 1.1384852151062463, -0.056038785725831985, -0.9934925436973572, -0.09915700554847717, 0.260430670173276, -0.44048160314559937, 0.11372632533311844, -0.8905291557312012, 2.434343295637981, 0.0, 0.0, 0.0, 1.0, 4.2647, 0.0, 0.5, 0.0, 4.2647, 0.5, 0.0, 0.0, 1.0]], ["6_10_mirror.png", [0.8960109353065491, 0.006227339152246714, 0.44398829340934753, -1.1384852151062463, 0.056038785725831985, -0.9934925436973572, -0.09915700554847717, 0.260430670173276, 0.44048160314559937, 0.11372632533311844, -0.8905291557312012, 2.434343295637981, 0.0, 0.0, 0.0, 1.0, 4.2647, 0.0, 0.5, 0.0, 4.2647, 0.5, 0.0, 0.0, 1.0]], ["6_11.png", [0.9339147806167603, 0.07458612322807312, -0.34962859749794006, 0.8915495201067771, 0.023675020784139633, -0.9887503385543823, -0.1476898491382599, 0.39052691847435905, -0.3567110300064087, 0.1296522617340088, -0.925174355506897, 2.518457499967847, 0.0, 0.0, 0.0, 1.0, 4.2647, 0.0, 0.5, 0.0, 4.2647, 0.5, 0.0, 0.0, 1.0]], ["6_11_mirror.png", [0.9339147806167603, -0.07458612322807312, 0.34962859749794006, -0.8915495201067771, -0.023675020784139633, -0.9887503385543823, -0.1476898491382599, 0.39052691847435905, 0.3567110300064087, 0.1296522617340088, -0.925174355506897, 2.518457499967847, 0.0, 0.0, 0.0, 1.0, 4.2647, 0.0, 0.5, 0.0, 4.2647, 0.5, 0.0, 0.0, 1.0]], ["6_12.png", [0.9189807176589966, 0.0896698534488678, -0.38397103548049927, 0.9728252461310337, 0.04524720087647438, -0.9913473129272461, -0.12321937829256058, 0.3200278583851439, -0.3916977643966675, 0.09586261212825775, -0.9150864481925964, 2.498238021155613, 0.0, 0.0, 0.0, 1.0, 4.2647, 0.0, 0.5, 0.0, 4.2647, 0.5, 0.0, 0.0, 1.0]], ["6_12_mirror.png", [0.9189807176589966, -0.0896698534488678, 0.38397103548049927, -0.9728252461310337, -0.04524720087647438, -0.9913473129272461, -0.12321937829256058, 0.3200278583851439, 0.3916977643966675, 0.09586261212825775, -0.9150864481925964, 2.498238021155613, 0.0, 0.0, 0.0, 1.0, 4.2647, 0.0, 0.5, 0.0, 4.2647, 0.5, 0.0, 0.0, 1.0]], ["6_13.png", [0.9367941617965698, 0.08205405622720718, -0.34012332558631897, 0.8662821041940932, 0.030261758714914322, -0.9874703884124756, -0.15487590432167053, 0.4144184423826083, -0.3485698997974396, 0.13479411602020264, -0.927539587020874, 2.5234525298816752, 0.0, 0.0, 0.0, 1.0, 4.2647, 0.0, 0.5, 0.0, 4.2647, 0.5, 0.0, 0.0, 1.0]], ["6_13_mirror.png", [0.9367941617965698, -0.08205405622720718, 0.34012332558631897, -0.8662821041940932, -0.030261758714914322, -0.9874703884124756, -0.15487590432167053, 0.4144184423826083, 0.3485698997974396, 0.13479411602020264, -0.927539587020874, 2.5234525298816752, 0.0, 0.0, 0.0, 1.0, 4.2647, 0.0, 0.5, 0.0, 4.2647, 0.5, 0.0, 0.0, 1.0]], ["6_14.png", [0.9070056676864624, 0.11779551208019257, -0.404308021068573, 1.0292721189465779, 0.07572828978300095, -0.9900539517402649, -0.11856783926486969, 0.30575200427373833, -0.4142535328865051, 0.0769241601228714, -0.9069049954414368, 2.477320047357994, 0.0, 0.0, 0.0, 1.0, 4.2647, 0.0, 0.5, 0.0, 4.2647, 0.5, 0.0, 0.0, 1.0]], ["6_14_mirror.png", [0.9070056676864624, -0.11779551208019257, 0.404308021068573, -1.0292721189465779, -0.07572828978300095, -0.9900539517402649, -0.11856783926486969, 0.30575200427373833, 0.4142535328865051, 0.0769241601228714, -0.9069049954414368, 2.477320047357994, 0.0, 0.0, 0.0, 1.0, 4.2647, 0.0, 0.5, 0.0, 4.2647, 0.5, 0.0, 0.0, 1.0]], ["6_15.png", [0.9177222847938538, 0.07973232865333557, -0.38913822174072266, 0.9888707777907831, 0.04440838471055031, -0.9941004514694214, -0.09895553439855576, 0.2619565512588577, -0.39473244547843933, 0.07353270053863525, -0.9158489108085632, 2.498702333228994, 0.0, 0.0, 0.0, 1.0, 4.2647, 0.0, 0.5, 0.0, 4.2647, 0.5, 0.0, 0.0, 1.0]], ["6_15_mirror.png", [0.9177222847938538, -0.07973232865333557, 0.38913822174072266, -0.9888707777907831, -0.04440838471055031, -0.9941004514694214, -0.09895553439855576, 0.2619565512588577, 0.39473244547843933, 0.07353270053863525, -0.9158489108085632, 2.498702333228994, 0.0, 0.0, 0.0, 1.0, 4.2647, 0.0, 0.5, 0.0, 4.2647, 0.5, 0.0, 0.0, 1.0]], ["6_16.png", [0.9380349516868591, 0.046812839806079865, -0.3433643579483032, 0.8777974714170971, 0.0020546652376651764, -0.9915677309036255, -0.1295730173587799, 0.345751857662169, -0.34653472900390625, 0.12083850055932999, -0.9302213788032532, 2.529807750027047, 0.0, 0.0, 0.0, 1.0, 4.2647, 0.0, 0.5, 0.0, 4.2647, 0.5, 0.0, 0.0, 1.0]], ["6_16_mirror.png", [0.9380349516868591, -0.046812839806079865, 0.3433643579483032, -0.8777974714170971, -0.0020546652376651764, -0.9915677309036255, -0.1295730173587799, 0.345751857662169, 0.34653472900390625, 0.12083850055932999, -0.9302213788032532, 2.529807750027047, 0.0, 0.0, 0.0, 1.0, 4.2647, 0.0, 0.5, 0.0, 4.2647, 0.5, 0.0, 0.0, 1.0]], ["6_17.png", [0.8901318907737732, 0.012796695344150066, -0.4555232524871826, 1.1663412893830207, -0.02114926092326641, -0.9973685145378113, -0.0693458616733551, 0.1833555670303188, -0.45521193742752075, 0.07136094570159912, -0.8875188231468201, 2.4281739502596067, 0.0, 0.0, 0.0, 1.0, 4.2647, 0.0, 0.5, 0.0, 4.2647, 0.5, 0.0, 0.0, 1.0]], ["6_17_mirror.png", [0.8901318907737732, -0.012796695344150066, 0.4555232524871826, -1.1663412893830207, 0.02114926092326641, -0.9973685145378113, -0.0693458616733551, 0.1833555670303188, 0.45521193742752075, 0.07136094570159912, -0.8875188231468201, 2.4281739502596067, 0.0, 0.0, 0.0, 1.0, 4.2647, 0.0, 0.5, 0.0, 4.2647, 0.5, 0.0, 0.0, 1.0]], ["6_18.png", [0.8880035877227783, -0.012401196174323559, -0.459669291973114, 1.1721899100397746, -0.05846069008111954, -0.9945694804191589, -0.08610419183969498, 0.2282768372506864, -0.4561052620410919, 0.10333340615034103, -0.8839062452316284, 2.4215409351022275, 0.0, 0.0, 0.0, 1.0, 4.2647, 0.0, 0.5, 0.0, 4.2647, 0.5, 0.0, 0.0, 1.0]], ["6_18_mirror.png", [0.8880035877227783, 0.012401196174323559, 0.459669291973114, -1.1721899100397746, 0.05846069008111954, -0.9945694804191589, -0.08610419183969498, 0.2282768372506864, 0.4561052620410919, 0.10333340615034103, -0.8839062452316284, 2.4215409351022275, 0.0, 0.0, 0.0, 1.0, 4.2647, 0.0, 0.5, 0.0, 4.2647, 0.5, 0.0, 0.0, 1.0]], ["6_19.png", [0.9391363263130188, 0.033515386283397675, -0.3419058322906494, 0.8715865438582805, 0.002715621143579483, -0.9959229230880737, -0.0901663601398468, 0.24212110799954853, -0.34353384375572205, 0.08375001698732376, -0.935398519039154, 2.5439564197576674, 0.0, 0.0, 0.0, 1.0, 4.2647, 0.0, 0.5, 0.0, 4.2647, 0.5, 0.0, 0.0, 1.0]], ["6_19_mirror.png", [0.9391363263130188, -0.033515386283397675, 0.3419058322906494, -0.8715865438582805, -0.002715621143579483, -0.9959229230880737, -0.0901663601398468, 0.24212110799954853, 0.34353384375572205, 0.08375001698732376, -0.935398519039154, 2.5439564197576674, 0.0, 0.0, 0.0, 1.0, 4.2647, 0.0, 0.5, 0.0, 4.2647, 0.5, 0.0, 0.0, 1.0]], ["6_2.png", [0.9683291912078857, 0.1812870353460312, -0.171678826212883, 0.4342498655069812, 0.17032599449157715, -0.982399582862854, -0.07668206095695496, 0.20686426613614362, -0.18255867063999176, 0.04501211270689964, -0.9821640849113464, 2.656809031470483, 0.0, 0.0, 0.0, 1.0, 4.2647, 0.0, 0.5, 0.0, 4.2647, 0.5, 0.0, 0.0, 1.0]], ["6_2_mirror.png", [0.9683291912078857, -0.1812870353460312, 0.171678826212883, -0.4342498655069812, -0.17032599449157715, -0.982399582862854, -0.07668206095695496, 0.20686426613614362, 0.18255867063999176, 0.04501211270689964, -0.9821640849113464, 2.656809031470483, 0.0, 0.0, 0.0, 1.0, 4.2647, 0.0, 0.5, 0.0, 4.2647, 0.5, 0.0, 0.0, 1.0]], ["6_3.png", [0.9151465892791748, 0.09942776709794998, -0.3906671702861786, 0.9910686678288925, 0.06079521030187607, -0.9920623898506165, -0.11007329076528549, 0.28372342399603984, -0.39851054549217224, 0.07698250561952591, -0.9139272570610046, 2.495452647181234, 0.0, 0.0, 0.0, 1.0, 4.2647, 0.0, 0.5, 0.0, 4.2647, 0.5, 0.0, 0.0, 1.0]], ["6_3_mirror.png", [0.9151465892791748, -0.09942776709794998, 0.3906671702861786, -0.9910686678288925, -0.06079521030187607, -0.9920623898506165, -0.11007329076528549, 0.28372342399603984, 0.39851054549217224, 0.07698250561952591, -0.9139272570610046, 2.495452647181234, 0.0, 0.0, 0.0, 1.0, 4.2647, 0.0, 0.5, 0.0, 4.2647, 0.5, 0.0, 0.0, 1.0]], ["6_4.png", [0.9015980958938599, 0.014980043284595013, -0.43231528997421265, 1.1040903738229315, -0.013016985729336739, -0.9980080723762512, -0.06172877177596092, 0.1631497868916076, -0.4323788583278656, 0.06128198653459549, -0.8996071219444275, 2.458529355828147, 0.0, 0.0, 0.0, 1.0, 4.2647, 0.0, 0.5, 0.0, 4.2647, 0.5, 0.0, 0.0, 1.0]], ["6_4_mirror.png", [0.9015980958938599, -0.014980043284595013, 0.43231528997421265, -1.1040903738229315, 0.013016985729336739, -0.9980080723762512, -0.06172877177596092, 0.1631497868916076, 0.4323788583278656, 0.06128198653459549, -0.8996071219444275, 2.458529355828147, 0.0, 0.0, 0.0, 1.0, 4.2647, 0.0, 0.5, 0.0, 4.2647, 0.5, 0.0, 0.0, 1.0]], ["6_5.png", [0.9384295344352722, 0.018461385741829872, -0.34497693181037903, 0.8786844312034183, -0.007491536438465118, -0.9972488284111023, -0.07374659925699234, 0.20161649917312424, -0.3453892767429352, 0.07179040461778641, -0.935709536075592, 2.545047044284624, 0.0, 0.0, 0.0, 1.0, 4.2647, 0.0, 0.5, 0.0, 4.2647, 0.5, 0.0, 0.0, 1.0]], ["6_5_mirror.png", [0.9384295344352722, -0.018461385741829872, 0.34497693181037903, -0.8786844312034183, 0.007491536438465118, -0.9972488284111023, -0.07374659925699234, 0.20161649917312424, 0.3453892767429352, 0.07179040461778641, -0.935709536075592, 2.545047044284624, 0.0, 0.0, 0.0, 1.0, 4.2647, 0.0, 0.5, 0.0, 4.2647, 0.5, 0.0, 0.0, 1.0]], ["6_6.png", [0.9372550249099731, 0.11136703938245773, -0.3303791880607605, 0.8385416156260044, 0.062100961804389954, -0.9857836365699768, -0.15612176060676575, 0.4214273214523154, -0.3430692255496979, 0.12580902874469757, -0.9308467507362366, 2.5316490616980976, 0.0, 0.0, 0.0, 1.0, 4.2647, 0.0, 0.5, 0.0, 4.2647, 0.5, 0.0, 0.0, 1.0]], ["6_6_mirror.png", [0.9372550249099731, -0.11136703938245773, 0.3303791880607605, -0.8385416156260044, -0.062100961804389954, -0.9857836365699768, -0.15612176060676575, 0.4214273214523154, 0.3430692255496979, 0.12580902874469757, -0.9308467507362366, 2.5316490616980976, 0.0, 0.0, 0.0, 1.0, 4.2647, 0.0, 0.5, 0.0, 4.2647, 0.5, 0.0, 0.0, 1.0]], ["6_7.png", [0.9129689335823059, 0.0030406927689909935, -0.4080178141593933, 1.0409703096679774, -0.04560443013906479, -0.9929463863372803, -0.10944294929504395, 0.28595688247939416, -0.40547260642051697, 0.1185254231095314, -0.9063904881477356, 2.4747948350827835, 0.0, 0.0, 0.0, 1.0, 4.2647, 0.0, 0.5, 0.0, 4.2647, 0.5, 0.0, 0.0, 1.0]], ["6_7_mirror.png", [0.9129689335823059, -0.0030406927689909935, 0.4080178141593933, -1.0409703096679774, 0.04560443013906479, -0.9929463863372803, -0.10944294929504395, 0.28595688247939416, 0.40547260642051697, 0.1185254231095314, -0.9063904881477356, 2.4747948350827835, 0.0, 0.0, 0.0, 1.0, 4.2647, 0.0, 0.5, 0.0, 4.2647, 0.5, 0.0, 0.0, 1.0]], ["6_8.png", [0.8972139954566956, 0.014076140709221363, -0.4413716793060303, 1.1349023482459293, -0.009977482259273529, -0.9985904693603516, -0.05212893337011337, 0.1399323909283691, -0.44148334860801697, 0.0511745885014534, -0.8958088755607605, 2.445897705529597, 0.0, 0.0, 0.0, 1.0, 4.2647, 0.0, 0.5, 0.0, 4.2647, 0.5, 0.0, 0.0, 1.0]], ["6_8_mirror.png", [0.8972139954566956, -0.014076140709221363, 0.4413716793060303, -1.1349023482459293, 0.009977482259273529, -0.9985904693603516, -0.05212893337011337, 0.1399323909283691, 0.44148334860801697, 0.0511745885014534, -0.8958088755607605, 2.445897705529597, 0.0, 0.0, 0.0, 1.0, 4.2647, 0.0, 0.5, 0.0, 4.2647, 0.5, 0.0, 0.0, 1.0]], ["6_9.png", [0.9179567098617554, 0.08814975619316101, -0.38676220178604126, 0.9822655032171642, 0.04377932474017143, -0.9915537238121033, -0.12208455801010132, 0.3156630579621246, -0.39425721764564514, 0.09513615816831589, -0.9140625596046448, 2.4950974560180073, 0.0, 0.0, 0.0, 1.0, 4.2647, 0.0, 0.5, 0.0, 4.2647, 0.5, 0.0, 0.0, 1.0]], ["6_9_mirror.png", [0.9179567098617554, -0.08814975619316101, 0.38676220178604126, -0.9822655032171642, -0.04377932474017143, -0.9915537238121033, -0.12208455801010132, 0.3156630579621246, 0.39425721764564514, 0.09513615816831589, -0.9140625596046448, 2.4950974560180073, 0.0, 0.0, 0.0, 1.0, 4.2647, 0.0, 0.5, 0.0, 4.2647, 0.5, 0.0, 0.0, 1.0]]]}