{"labels": [["4_0.png", [0.9964073300361633, -0.023396005854010582, 0.08139379322528839, -0.20962571457263923, -0.017287185415625572, -0.9970363974571228, -0.07496383041143417, 0.19996143700412275, 0.08290643244981766, 0.07328744232654572, -0.9938588738441467, 2.684412875006592, 0.0, 0.0, 0.0, 1.0, 4.2647, 0.0, 0.5, 0.0, 4.2647, 0.5, 0.0, 0.0, 1.0]], ["4_0_mirror.png", [0.9964073300361633, 0.023396005854010582, -0.08139379322528839, 0.20962571457263923, 0.017287185415625572, -0.9970363974571228, -0.07496383041143417, 0.19996143700412275, -0.08290643244981766, 0.07328744232654572, -0.9938588738441467, 2.684412875006592, 0.0, 0.0, 0.0, 1.0, 4.2647, 0.0, 0.5, 0.0, 4.2647, 0.5, 0.0, 0.0, 1.0]], ["4_1.png", [0.9632205963134766, 0.11193296313285828, 0.24428901076316833, -0.6237094019013906, 0.11352389305830002, -0.993506133556366, 0.007603865582495928, -0.01221952203347138, 0.2435537576675415, 0.02040843851864338, -0.969672679901123, 2.626944473197156, 0.0, 0.0, 0.0, 1.0, 4.2647, 0.0, 0.5, 0.0, 4.2647, 0.5, 0.0, 0.0, 1.0]], ["4_1_mirror.png", [0.9632205963134766, -0.11193296313285828, -0.24428901076316833, 0.6237094019013906, -0.11352389305830002, -0.993506133556366, 0.007603865582495928, -0.01221952203347138, -0.2435537576675415, 0.02040843851864338, -0.969672679901123, 2.626944473197156, 0.0, 0.0, 0.0, 1.0, 4.2647, 0.0, 0.5, 0.0, 4.2647, 0.5, 0.0, 0.0, 1.0]], ["4_10.png", [0.9803093075752258, -0.16803212463855743, 0.10372482985258102, -0.26068156495510486, -0.17187078297138214, -0.9846869707107544, 0.029187532141804695, -0.07461300200620846, 0.09723205119371414, -0.04644007980823517, -0.9941776394844055, 2.6863503162514344, 0.0, 0.0, 0.0, 1.0, 4.2647, 0.0, 0.5, 0.0, 4.2647, 0.5, 0.0, 0.0, 1.0]], ["4_10_mirror.png", [0.9803093075752258, 0.16803212463855743, -0.10372482985258102, 0.26068156495510486, 0.17187078297138214, -0.9846869707107544, 0.029187532141804695, -0.07461300200620846, -0.09723205119371414, -0.04644007980823517, -0.9941776394844055, 2.6863503162514344, 0.0, 0.0, 0.0, 1.0, 4.2647, 0.0, 0.5, 0.0, 4.2647, 0.5, 0.0, 0.0, 1.0]], ["4_11.png", [0.9657354950904846, -0.06311891973018646, 0.2517358362674713, -0.6407461514583491, -0.039063289761543274, -0.9942764043807983, -0.09944093972444534, 0.257679960995844, 0.25657159090042114, 0.08620001375675201, -0.9626736640930176, 2.610181106186407, 0.0, 0.0, 0.0, 1.0, 4.2647, 0.0, 0.5, 0.0, 4.2647, 0.5, 0.0, 0.0, 1.0]], ["4_11_mirror.png", [0.9657354950904846, 0.06311891973018646, -0.2517358362674713, 0.6407461514583491, 0.039063289761543274, -0.9942764043807983, -0.09944093972444534, 0.257679960995844, -0.25657159090042114, 0.08620001375675201, -0.9626736640930176, 2.610181106186407, 0.0, 0.0, 0.0, 1.0, 4.2647, 0.0, 0.5, 0.0, 4.2647, 0.5, 0.0, 0.0, 1.0]], ["4_12.png", [0.9904391765594482, -0.052286531776189804, 0.1276569366455078, -0.3187134114438451, -0.04586802050471306, -0.997555673122406, -0.05271347239613533, 0.14466741192046015, 0.13010109961032867, 0.04635411873459816, -0.9904165267944336, 2.6772174176360917, 0.0, 0.0, 0.0, 1.0, 4.2647, 0.0, 0.5, 0.0, 4.2647, 0.5, 0.0, 0.0, 1.0]], ["4_12_mirror.png", [0.9904391765594482, 0.052286531776189804, -0.1276569366455078, 0.3187134114438451, 0.04586802050471306, -0.997555673122406, -0.05271347239613533, 0.14466741192046015, -0.13010109961032867, 0.04635411873459816, -0.9904165267944336, 2.6772174176360917, 0.0, 0.0, 0.0, 1.0, 4.2647, 0.0, 0.5, 0.0, 4.2647, 0.5, 0.0, 0.0, 1.0]], ["4_13.png", [0.9983830451965332, 0.009851590730249882, 0.055983688682317734, -0.14014913663048653, 0.013262960128486156, -0.9980561137199402, -0.060894060879945755, 0.15955570967719288, 0.05527495592832565, 0.06153810769319534, -0.9965729713439941, 2.691635226959838, 0.0, 0.0, 0.0, 1.0, 4.2647, 0.0, 0.5, 0.0, 4.2647, 0.5, 0.0, 0.0, 1.0]], ["4_13_mirror.png", [0.9983830451965332, -0.009851590730249882, -0.055983688682317734, 0.14014913663048653, -0.013262960128486156, -0.9980561137199402, -0.060894060879945755, 0.15955570967719288, -0.05527495592832565, 0.06153810769319534, -0.9965729713439941, 2.691635226959838, 0.0, 0.0, 0.0, 1.0, 4.2647, 0.0, 0.5, 0.0, 4.2647, 0.5, 0.0, 0.0, 1.0]], ["4_14.png", [0.9864799976348877, -0.01955568976700306, 0.16271066665649414, -0.41435426068232606, -0.012882726266980171, -0.9990359544754028, -0.041965823620557785, 0.11325707422874164, 0.16337448358535767, 0.0393022857606411, -0.9857809543609619, 2.665611258565575, 0.0, 0.0, 0.0, 1.0, 4.2647, 0.0, 0.5, 0.0, 4.2647, 0.5, 0.0, 0.0, 1.0]], ["4_14_mirror.png", [0.9864799976348877, 0.01955568976700306, -0.16271066665649414, 0.41435426068232606, 0.012882726266980171, -0.9990359544754028, -0.041965823620557785, 0.11325707422874164, -0.16337448358535767, 0.0393022857606411, -0.9857809543609619, 2.665611258565575, 0.0, 0.0, 0.0, 1.0, 4.2647, 0.0, 0.5, 0.0, 4.2647, 0.5, 0.0, 0.0, 1.0]], ["4_15.png", [0.998638391494751, -0.05111728236079216, 0.010409007780253887, -0.027558651656710426, -0.04981735721230507, -0.9936952590942383, -0.10043901950120926, 0.264320471548365, 0.015477551147341728, 0.09978371113538742, -0.9948887825012207, 2.6868895044343213, 0.0, 0.0, 0.0, 1.0, 4.2647, 0.0, 0.5, 0.0, 4.2647, 0.5, 0.0, 0.0, 1.0]], ["4_15_mirror.png", [0.998638391494751, 0.05111728236079216, -0.010409007780253887, 0.027558651656710426, 0.04981735721230507, -0.9936952590942383, -0.10043901950120926, 0.264320471548365, -0.015477551147341728, 0.09978371113538742, -0.9948887825012207, 2.6868895044343213, 0.0, 0.0, 0.0, 1.0, 4.2647, 0.0, 0.5, 0.0, 4.2647, 0.5, 0.0, 0.0, 1.0]], ["4_16.png", [0.9823943972587585, -0.08874692767858505, 0.16439373791217804, -0.41959585959981516, -0.07930634170770645, -0.9948487281799316, -0.06313902884721756, 0.17103987463454107, 0.16915027797222137, 0.04898995906114578, -0.9843719601631165, 2.6617070980653925, 0.0, 0.0, 0.0, 1.0, 4.2647, 0.0, 0.5, 0.0, 4.2647, 0.5, 0.0, 0.0, 1.0]], ["4_16_mirror.png", [0.9823943972587585, 0.08874692767858505, -0.16439373791217804, 0.41959585959981516, 0.07930634170770645, -0.9948487281799316, -0.06313902884721756, 0.17103987463454107, -0.16915027797222137, 0.04898995906114578, -0.9843719601631165, 2.6617070980653925, 0.0, 0.0, 0.0, 1.0, 4.2647, 0.0, 0.5, 0.0, 4.2647, 0.5, 0.0, 0.0, 1.0]], ["4_17.png", [0.9997892379760742, 0.019284704700112343, -0.007039100397378206, 0.01904306556844388, 0.018459301441907883, -0.9945284724235535, -0.1028224527835846, 0.2700864586746685, -0.008983486331999302, 0.10267084091901779, -0.994674801826477, 2.6863898947275566, 0.0, 0.0, 0.0, 1.0, 4.2647, 0.0, 0.5, 0.0, 4.2647, 0.5, 0.0, 0.0, 1.0]], ["4_17_mirror.png", [0.9997892379760742, -0.019284704700112343, 0.007039100397378206, -0.01904306556844388, -0.018459301441907883, -0.9945284724235535, -0.1028224527835846, 0.2700864586746685, 0.008983486331999302, 0.10267084091901779, -0.994674801826477, 2.6863898947275566, 0.0, 0.0, 0.0, 1.0, 4.2647, 0.0, 0.5, 0.0, 4.2647, 0.5, 0.0, 0.0, 1.0]], ["4_18.png", [0.9956837296485901, 0.07023569941520691, 0.06067033112049103, -0.15361404704267112, 0.071942038834095, -0.9970591068267822, -0.026411166414618492, 0.07817378722202771, 0.058636896312236786, 0.030661914497613907, -0.9978083968162537, 2.694492824919476, 0.0, 0.0, 0.0, 1.0, 4.2647, 0.0, 0.5, 0.0, 4.2647, 0.5, 0.0, 0.0, 1.0]], ["4_18_mirror.png", [0.9956837296485901, -0.07023569941520691, -0.06067033112049103, 0.15361404704267112, -0.071942038834095, -0.9970591068267822, -0.026411166414618492, 0.07817378722202771, -0.058636896312236786, 0.030661914497613907, -0.9978083968162537, 2.694492824919476, 0.0, 0.0, 0.0, 1.0, 4.2647, 0.0, 0.5, 0.0, 4.2647, 0.5, 0.0, 0.0, 1.0]], ["4_19.png", [0.9987691044807434, -0.01969228871166706, 0.04552452638745308, -0.11608827551996063, -0.01794876717031002, -0.9991014003753662, -0.03839508816599846, 0.10864338511520352, 0.0462397038936615, 0.037530720233917236, -0.9982250928878784, 2.695314476486466, 0.0, 0.0, 0.0, 1.0, 4.2647, 0.0, 0.5, 0.0, 4.2647, 0.5, 0.0, 0.0, 1.0]], ["4_19_mirror.png", [0.9987691044807434, 0.01969228871166706, -0.04552452638745308, 0.11608827551996063, 0.01794876717031002, -0.9991014003753662, -0.03839508816599846, 0.10864338511520352, -0.0462397038936615, 0.037530720233917236, -0.9982250928878784, 2.695314476486466, 0.0, 0.0, 0.0, 1.0, 4.2647, 0.0, 0.5, 0.0, 4.2647, 0.5, 0.0, 0.0, 1.0]], ["4_2.png", [0.98165363073349, -0.10241299867630005, 0.1608343869447708, -0.4122610054191202, -0.10572817921638489, -0.9943206310272217, 0.01216837763786316, -0.021335700690678226, 0.15867474675178528, -0.028949858620762825, -0.9869064092636108, 2.6682551698229418, 0.0, 0.0, 0.0, 1.0, 4.2647, 0.0, 0.5, 0.0, 4.2647, 0.5, 0.0, 0.0, 1.0]], ["4_2_mirror.png", [0.98165363073349, 0.10241299867630005, -0.1608343869447708, 0.4122610054191202, 0.10572817921638489, -0.9943206310272217, 0.01216837763786316, -0.021335700690678226, -0.15867474675178528, -0.028949858620762825, -0.9869064092636108, 2.6682551698229418, 0.0, 0.0, 0.0, 1.0, 4.2647, 0.0, 0.5, 0.0, 4.2647, 0.5, 0.0, 0.0, 1.0]], ["4_3.png", [0.9900968074798584, 0.03966289758682251, 0.1346662938594818, -0.3410488435133393, 0.05483384430408478, -0.9923192858695984, -0.1108856275677681, 0.2839818362431164, 0.12923391163349152, 0.11717178672552109, -0.9846671223640442, 2.663276178510633, 0.0, 0.0, 0.0, 1.0, 4.2647, 0.0, 0.5, 0.0, 4.2647, 0.5, 0.0, 0.0, 1.0]], ["4_3_mirror.png", [0.9900968074798584, -0.03966289758682251, -0.1346662938594818, 0.3410488435133393, -0.05483384430408478, -0.9923192858695984, -0.1108856275677681, 0.2839818362431164, -0.12923391163349152, 0.11717178672552109, -0.9846671223640442, 2.663276178510633, 0.0, 0.0, 0.0, 1.0, 4.2647, 0.0, 0.5, 0.0, 4.2647, 0.5, 0.0, 0.0, 1.0]], ["4_4.png", [0.9981052279472351, 0.042065348476171494, 0.044904645532369614, -0.11548249601573311, 0.04433825984597206, -0.9977200031280518, -0.050881266593933105, 0.13565318547825034, 0.04266192391514778, 0.05277585610747337, -0.9976946711540222, 2.694116182792342, 0.0, 0.0, 0.0, 1.0, 4.2647, 0.0, 0.5, 0.0, 4.2647, 0.5, 0.0, 0.0, 1.0]], ["4_4_mirror.png", [0.9981052279472351, -0.042065348476171494, -0.044904645532369614, 0.11548249601573311, -0.04433825984597206, -0.9977200031280518, -0.050881266593933105, 0.13565318547825034, -0.04266192391514778, 0.05277585610747337, -0.9976946711540222, 2.694116182792342, 0.0, 0.0, 0.0, 1.0, 4.2647, 0.0, 0.5, 0.0, 4.2647, 0.5, 0.0, 0.0, 1.0]], ["4_5.png", [0.9795957207679749, -0.01571989804506302, 0.20036233961582184, -0.511660858930375, -0.005428751930594444, -0.9986422061920166, -0.051809001713991165, 0.13918463909571938, 0.2009047269821167, 0.04966415837407112, -0.9783509969711304, 2.6474196497114746, 0.0, 0.0, 0.0, 1.0, 4.2647, 0.0, 0.5, 0.0, 4.2647, 0.5, 0.0, 0.0, 1.0]], ["4_5_mirror.png", [0.9795957207679749, 0.01571989804506302, -0.20036233961582184, 0.511660858930375, 0.005428751930594444, -0.9986422061920166, -0.051809001713991165, 0.13918463909571938, -0.2009047269821167, 0.04966415837407112, -0.9783509969711304, 2.6474196497114746, 0.0, 0.0, 0.0, 1.0, 4.2647, 0.0, 0.5, 0.0, 4.2647, 0.5, 0.0, 0.0, 1.0]], ["4_6.png", [0.9986312985420227, 0.006244463846087456, 0.0519280806183815, -0.13441944695813057, 0.009967202320694923, -0.9973733425140381, -0.0717434361577034, 0.1938839457584357, 0.051343679428100586, 0.07216281443834305, -0.9960704445838928, 2.6896729220960327, 0.0, 0.0, 0.0, 1.0, 4.2647, 0.0, 0.5, 0.0, 4.2647, 0.5, 0.0, 0.0, 1.0]], ["4_6_mirror.png", [0.9986312985420227, -0.006244463846087456, -0.0519280806183815, 0.13441944695813057, -0.009967202320694923, -0.9973733425140381, -0.0717434361577034, 0.1938839457584357, -0.051343679428100586, 0.07216281443834305, -0.9960704445838928, 2.6896729220960327, 0.0, 0.0, 0.0, 1.0, 4.2647, 0.0, 0.5, 0.0, 4.2647, 0.5, 0.0, 0.0, 1.0]], ["4_7.png", [0.958443820476532, -0.247025728225708, 0.14270158112049103, -0.36136323135518866, -0.25612184405326843, -0.9653990268707275, 0.04905325919389725, -0.11734124919542686, 0.12564654648303986, -0.08356378227472305, -0.9885494709014893, 2.673134423530136, 0.0, 0.0, 0.0, 1.0, 4.2647, 0.0, 0.5, 0.0, 4.2647, 0.5, 0.0, 0.0, 1.0]], ["4_7_mirror.png", [0.958443820476532, 0.247025728225708, -0.14270158112049103, 0.36136323135518866, 0.25612184405326843, -0.9653990268707275, 0.04905325919389725, -0.11734124919542686, -0.12564654648303986, -0.08356378227472305, -0.9885494709014893, 2.673134423530136, 0.0, 0.0, 0.0, 1.0, 4.2647, 0.0, 0.5, 0.0, 4.2647, 0.5, 0.0, 0.0, 1.0]], ["4_8.png", [0.9965988993644714, -0.028130652382969856, 0.07745447009801865, -0.19774126480734064, -0.02906118705868721, -0.9995180368423462, 0.010912878438830376, -0.021905672283453213, 0.077110156416893, -0.013126681558787823, -0.9969361424446106, 2.6926601222052153, 0.0, 0.0, 0.0, 1.0, 4.2647, 0.0, 0.5, 0.0, 4.2647, 0.5, 0.0, 0.0, 1.0]], ["4_8_mirror.png", [0.9965988993644714, 0.028130652382969856, -0.07745447009801865, 0.19774126480734064, 0.02906118705868721, -0.9995180368423462, 0.010912878438830376, -0.021905672283453213, -0.077110156416893, -0.013126681558787823, -0.9969361424446106, 2.6926601222052153, 0.0, 0.0, 0.0, 1.0, 4.2647, 0.0, 0.5, 0.0, 4.2647, 0.5, 0.0, 0.0, 1.0]], ["4_9.png", [0.9913184642791748, -0.12839555740356445, 0.02832583710551262, -0.0703908625503981, -0.12701627612113953, -0.9908307194709778, -0.04605972021818161, 0.12419704363786792, 0.03397997096180916, 0.04206200689077377, -0.998537003993988, 2.696223325472322, 0.0, 0.0, 0.0, 1.0, 4.2647, 0.0, 0.5, 0.0, 4.2647, 0.5, 0.0, 0.0, 1.0]], ["4_9_mirror.png", [0.9913184642791748, 0.12839555740356445, -0.02832583710551262, 0.0703908625503981, 0.12701627612113953, -0.9908307194709778, -0.04605972021818161, 0.12419704363786792, -0.03397997096180916, 0.04206200689077377, -0.998537003993988, 2.696223325472322, 0.0, 0.0, 0.0, 1.0, 4.2647, 0.0, 0.5, 0.0, 4.2647, 0.5, 0.0, 0.0, 1.0]]]}