{"labels": [["6_12.png", [0.9700080752372742, -0.006849952973425388, -0.2429763823747635, 0.6180200607978988, -0.059396401047706604, -0.9759800434112549, -0.2096070498228073, 0.5329997961817872, -0.23570430278778076, 0.21775245666503906, -0.9471153020858765, 2.573705970331797, 0.0, 0.0, 0.0, 1.0, 4.2647, 0.0, 0.5, 0.0, 4.2647, 0.5, 0.0, 0.0, 1.0]], ["2_13.png", [0.8413655161857605, 0.13888293504714966, -0.5223175883293152, 1.3387390667006553, 0.06698062270879745, -0.9857639670372009, -0.1542176604270935, 0.4005855179457634, -0.536300003528595, 0.09476824104785919, -0.8386902213096619, 2.3102616635570925, 0.0, 0.0, 0.0, 1.0, 4.2647, 0.0, 0.5, 0.0, 4.2647, 0.5, 0.0, 0.0, 1.0]], ["5_13.png", [0.988499641418457, -0.10162529349327087, -0.11198510974645615, 0.28296231784284853, -0.1113080084323883, -0.9902387261390686, -0.08389176428318024, 0.2109225027494828, -0.10236646234989166, 0.09539182484149933, -0.9901623725891113, 2.67683470250124, 0.0, 0.0, 0.0, 1.0, 4.2647, 0.0, 0.5, 0.0, 4.2647, 0.5, 0.0, 0.0, 1.0]]]}