{"labels": [["3_5.png", [0.9410853981971741, -0.21245108544826508, -0.26310235261917114, 0.6671877275450119, -0.20359916985034943, -0.9771649241447449, 0.0607958622276783, -0.15487587391340601, -0.27001050114631653, -0.0036466792225837708, -0.9628504514694214, 2.6116803020072887, 0.0, 0.0, 0.0, 1.0, 4.2647, 0.0, 0.5, 0.0, 4.2647, 0.5, 0.0, 0.0, 1.0]], ["7_13.png", [0.9619908928871155, -0.14943991601467133, -0.22856368124485016, 0.5785459072838763, -0.20413486659526825, -0.9494738578796387, -0.238386869430542, 0.6126341748542197, -0.18139074742794037, 0.2759838104248047, -0.9438910484313965, 2.565144050724202, 0.0, 0.0, 0.0, 1.0, 4.2647, 0.0, 0.5, 0.0, 4.2647, 0.5, 0.0, 0.0, 1.0]], ["4_2.png", [0.9495726823806763, -0.23379522562026978, -0.2089293748140335, 0.5409804225001659, -0.2641451954841614, -0.955503523349762, -0.13130219280719757, 0.33955737834731536, -0.1689349263906479, 0.1798686534166336, -0.9690759778022766, 2.6233644369933513, 0.0, 0.0, 0.0, 1.0, 4.2647, 0.0, 0.5, 0.0, 4.2647, 0.5, 0.0, 0.0, 1.0]]]}