{"labels": [["16_0.png", [0.944267213344574, 0.1992565542459488, -0.2620234191417694, 0.6658980711318128, 0.1945299655199051, -0.9799032211303711, -0.044132981449365616, 0.12371216658402273, -0.2655513882637024, -0.009298078715801239, -0.9640519022941589, 2.613670801516905, 0.0, 0.0, 0.0, 1.0, 4.2647, 0.0, 0.5, 0.0, 4.2647, 0.5, 0.0, 0.0, 1.0]], ["16_0_mirror.png", [0.944267213344574, -0.1992565542459488, 0.2620234191417694, -0.6658980711318128, -0.1945299655199051, -0.9799032211303711, -0.044132981449365616, 0.12371216658402273, 0.2655513882637024, -0.009298078715801239, -0.9640519022941589, 2.613670801516905, 0.0, 0.0, 0.0, 1.0, 4.2647, 0.0, 0.5, 0.0, 4.2647, 0.5, 0.0, 0.0, 1.0]], ["16_1.png", [0.8293986320495605, -0.2080574929714203, 0.5184687972068787, -1.325623336258858, -0.20100320875644684, -0.9770478010177612, -0.07053524255752563, 0.17691158427740855, 0.5212442278862, -0.04571206122636795, -0.8521823883056641, 2.3455116844122506, 0.0, 0.0, 0.0, 1.0, 4.2647, 0.0, 0.5, 0.0, 4.2647, 0.5, 0.0, 0.0, 1.0]], ["16_1_mirror.png", [0.8293986320495605, 0.2080574929714203, -0.5184687972068787, 1.325623336258858, 0.20100320875644684, -0.9770478010177612, -0.07053524255752563, 0.17691158427740855, -0.5212442278862, -0.04571206122636795, -0.8521823883056641, 2.3455116844122506, 0.0, 0.0, 0.0, 1.0, 4.2647, 0.0, 0.5, 0.0, 4.2647, 0.5, 0.0, 0.0, 1.0]], ["16_10.png", [0.9555226564407349, 0.011039742268621922, -0.29471108317375183, 0.7508749182074088, 0.015564994886517525, -0.9997941255569458, 0.013013544492423534, -0.023363702260145024, -0.2945067584514618, -0.017021913081407547, -0.9554978013038635, 2.593384081586011, 0.0, 0.0, 0.0, 1.0, 4.2647, 0.0, 0.5, 0.0, 4.2647, 0.5, 0.0, 0.0, 1.0]], ["16_10_mirror.png", [0.9555226564407349, -0.011039742268621922, 0.29471108317375183, -0.7508749182074088, -0.015564994886517525, -0.9997941255569458, 0.013013544492423534, -0.023363702260145024, 0.2945067584514618, -0.017021913081407547, -0.9554978013038635, 2.593384081586011, 0.0, 0.0, 0.0, 1.0, 4.2647, 0.0, 0.5, 0.0, 4.2647, 0.5, 0.0, 0.0, 1.0]], ["16_11.png", [0.838471531867981, -0.05073488876223564, -0.5425785183906555, 1.3911979644434151, -0.060291700065135956, -0.9981808066368103, 0.00016535415488760918, 0.012845144406619803, -0.5415998101234436, 0.03257433697581291, -0.840005099773407, 2.313958345777571, 0.0, 0.0, 0.0, 1.0, 4.2647, 0.0, 0.5, 0.0, 4.2647, 0.5, 0.0, 0.0, 1.0]], ["16_11_mirror.png", [0.838471531867981, 0.05073488876223564, 0.5425785183906555, -1.3911979644434151, 0.060291700065135956, -0.9981808066368103, 0.00016535415488760918, 0.012845144406619803, 0.5415998101234436, 0.03257433697581291, -0.840005099773407, 2.313958345777571, 0.0, 0.0, 0.0, 1.0, 4.2647, 0.0, 0.5, 0.0, 4.2647, 0.5, 0.0, 0.0, 1.0]], ["16_12.png", [0.7247881889343262, 0.2560403347015381, 0.6396291255950928, -1.6472024120791005, 0.28072574734687805, -0.9575703144073486, 0.0652095302939415, -0.16191722920458462, 0.6291861534118652, 0.13229726254940033, -0.7659127712249756, 2.1331917458417804, 0.0, 0.0, 0.0, 1.0, 4.2647, 0.0, 0.5, 0.0, 4.2647, 0.5, 0.0, 0.0, 1.0]], ["16_12_mirror.png", [0.7247881889343262, -0.2560403347015381, -0.6396291255950928, 1.6472024120791005, -0.28072574734687805, -0.9575703144073486, 0.0652095302939415, -0.16191722920458462, -0.6291861534118652, 0.13229726254940033, -0.7659127712249756, 2.1331917458417804, 0.0, 0.0, 0.0, 1.0, 4.2647, 0.0, 0.5, 0.0, 4.2647, 0.5, 0.0, 0.0, 1.0]], ["16_13.png", [0.7644906044006348, -0.05321618914604187, 0.6424345970153809, -1.651920752736471, -0.09903575479984283, -0.9944512844085693, 0.03547597676515579, -0.0844439884399658, 0.6369819641113281, -0.09074503928422928, -0.7655189633369446, 2.1340166446152478, 0.0, 0.0, 0.0, 1.0, 4.2647, 0.0, 0.5, 0.0, 4.2647, 0.5, 0.0, 0.0, 1.0]], ["16_13_mirror.png", [0.7644906044006348, 0.05321618914604187, -0.6424345970153809, 1.651920752736471, 0.09903575479984283, -0.9944512844085693, 0.03547597676515579, -0.0844439884399658, -0.6369819641113281, -0.09074503928422928, -0.7655189633369446, 2.1340166446152478, 0.0, 0.0, 0.0, 1.0, 4.2647, 0.0, 0.5, 0.0, 4.2647, 0.5, 0.0, 0.0, 1.0]], ["16_14.png", [0.8460650444030762, 0.06641744077205658, -0.5289259552955627, 1.357641173199081, 0.08123213797807693, -0.9966837167739868, 0.004784201737493277, -0.007860836277215344, -0.5268540978431702, -0.0470135323703289, -0.8486544489860535, 2.3338270398827, 0.0, 0.0, 0.0, 1.0, 4.2647, 0.0, 0.5, 0.0, 4.2647, 0.5, 0.0, 0.0, 1.0]], ["16_14_mirror.png", [0.8460650444030762, -0.06641744077205658, 0.5289259552955627, -1.357641173199081, -0.08123213797807693, -0.9966837167739868, 0.004784201737493277, -0.007860836277215344, 0.5268540978431702, -0.0470135323703289, -0.8486544489860535, 2.3338270398827, 0.0, 0.0, 0.0, 1.0, 4.2647, 0.0, 0.5, 0.0, 4.2647, 0.5, 0.0, 0.0, 1.0]], ["16_15.png", [0.9879513382911682, 0.02261085994541645, -0.1531045287847519, 0.3874565879196892, 0.022787299007177353, -0.9997401833534241, -0.0006024744361639023, 0.0039211223729395395, -0.1530783623456955, -0.0028936234302818775, -0.9882098436355591, 2.6720520236846004, 0.0, 0.0, 0.0, 1.0, 4.2647, 0.0, 0.5, 0.0, 4.2647, 0.5, 0.0, 0.0, 1.0]], ["16_15_mirror.png", [0.9879513382911682, -0.02261085994541645, 0.1531045287847519, -0.3874565879196892, -0.022787299007177353, -0.9997401833534241, -0.0006024744361639023, 0.0039211223729395395, 0.1530783623456955, -0.0028936234302818775, -0.9882098436355591, 2.6720520236846004, 0.0, 0.0, 0.0, 1.0, 4.2647, 0.0, 0.5, 0.0, 4.2647, 0.5, 0.0, 0.0, 1.0]], ["16_16.png", [0.8433309197425842, 0.09895703196525574, 0.5282049775123596, -1.3551938494591256, 0.008189156651496887, -0.9851519465446472, 0.17148935794830322, -0.4310281641048249, 0.5373322367668152, -0.14029671251773834, -0.8316195011138916, 2.2951392881776442, 0.0, 0.0, 0.0, 1.0, 4.2647, 0.0, 0.5, 0.0, 4.2647, 0.5, 0.0, 0.0, 1.0]], ["16_16_mirror.png", [0.8433309197425842, -0.09895703196525574, -0.5282049775123596, 1.3551938494591256, -0.008189156651496887, -0.9851519465446472, 0.17148935794830322, -0.4310281641048249, -0.5373322367668152, -0.14029671251773834, -0.8316195011138916, 2.2951392881776442, 0.0, 0.0, 0.0, 1.0, 4.2647, 0.0, 0.5, 0.0, 4.2647, 0.5, 0.0, 0.0, 1.0]], ["16_17.png", [0.9984697103500366, -0.05484909564256668, 0.007058870047330856, -0.027240820972011793, -0.0548429898917675, -0.9984944462776184, -0.0010559088550508022, 0.014352928061426348, 0.007106157951056957, 0.0006671634037047625, -0.9999745488166809, 2.699824425981963, 0.0, 0.0, 0.0, 1.0, 4.2647, 0.0, 0.5, 0.0, 4.2647, 0.5, 0.0, 0.0, 1.0]], ["16_17_mirror.png", [0.9984697103500366, 0.05484909564256668, -0.007058870047330856, 0.027240820972011793, 0.0548429898917675, -0.9984944462776184, -0.0010559088550508022, 0.014352928061426348, -0.007106157951056957, 0.0006671634037047625, -0.9999745488166809, 2.699824425981963, 0.0, 0.0, 0.0, 1.0, 4.2647, 0.0, 0.5, 0.0, 4.2647, 0.5, 0.0, 0.0, 1.0]], ["16_18.png", [0.6681479811668396, -0.17951494455337524, -0.7220475673675537, 1.8711912032622333, -0.051383376121520996, -0.9792730808258057, 0.19591845571994781, -0.5126459769524793, -0.7422520518302917, -0.09380124509334564, -0.6635234355926514, 1.8777213805962998, 0.0, 0.0, 0.0, 1.0, 4.2647, 0.0, 0.5, 0.0, 4.2647, 0.5, 0.0, 0.0, 1.0]], ["16_18_mirror.png", [0.6681479811668396, 0.17951494455337524, 0.7220475673675537, -1.8711912032622333, 0.051383376121520996, -0.9792730808258057, 0.19591845571994781, -0.5126459769524793, 0.7422520518302917, -0.09380124509334564, -0.6635234355926514, 1.8777213805962998, 0.0, 0.0, 0.0, 1.0, 4.2647, 0.0, 0.5, 0.0, 4.2647, 0.5, 0.0, 0.0, 1.0]], ["16_19.png", [0.7584829330444336, -0.5121800303459167, -0.4029582142829895, 1.0341671012364446, -0.45908719301223755, -0.8587872385978699, 0.22742779552936554, -0.5793358430641502, -0.46253934502601624, 0.01249288022518158, -0.8865107297897339, 2.425874767514053, 0.0, 0.0, 0.0, 1.0, 4.2647, 0.0, 0.5, 0.0, 4.2647, 0.5, 0.0, 0.0, 1.0]], ["16_19_mirror.png", [0.7584829330444336, 0.5121800303459167, 0.4029582142829895, -1.0341671012364446, 0.45908719301223755, -0.8587872385978699, 0.22742779552936554, -0.5793358430641502, 0.46253934502601624, 0.01249288022518158, -0.8865107297897339, 2.425874767514053, 0.0, 0.0, 0.0, 1.0, 4.2647, 0.0, 0.5, 0.0, 4.2647, 0.5, 0.0, 0.0, 1.0]], ["16_2.png", [0.9069193601608276, 0.4061340391635895, -0.1120377629995346, 0.282527770993239, 0.4087675213813782, -0.9126383662223816, 0.0005858006188645959, 0.00467061006585792, -0.10201205313205719, -0.046328671276569366, -0.9937037825584412, 2.685173410418628, 0.0, 0.0, 0.0, 1.0, 4.2647, 0.0, 0.5, 0.0, 4.2647, 0.5, 0.0, 0.0, 1.0]], ["16_2_mirror.png", [0.9069193601608276, -0.4061340391635895, 0.1120377629995346, -0.282527770993239, -0.4087675213813782, -0.9126383662223816, 0.0005858006188645959, 0.00467061006585792, 0.10201205313205719, -0.046328671276569366, -0.9937037825584412, 2.685173410418628, 0.0, 0.0, 0.0, 1.0, 4.2647, 0.0, 0.5, 0.0, 4.2647, 0.5, 0.0, 0.0, 1.0]], ["16_3.png", [0.8713899254798889, -0.010291113518178463, -0.49048301577568054, 1.2506006722916125, -0.029168445616960526, -0.9990981221199036, -0.030857866629958153, 0.09281737953349382, -0.4897230863571167, 0.04119586572051048, -0.8709042072296143, 2.3911049522177614, 0.0, 0.0, 0.0, 1.0, 4.2647, 0.0, 0.5, 0.0, 4.2647, 0.5, 0.0, 0.0, 1.0]], ["16_3_mirror.png", [0.8713899254798889, 0.010291113518178463, 0.49048301577568054, -1.2506006722916125, 0.029168445616960526, -0.9990981221199036, -0.030857866629958153, 0.09281737953349382, 0.4897230863571167, 0.04119586572051048, -0.8709042072296143, 2.3911049522177614, 0.0, 0.0, 0.0, 1.0, 4.2647, 0.0, 0.5, 0.0, 4.2647, 0.5, 0.0, 0.0, 1.0]], ["16_4.png", [0.9911575317382812, 0.07415009289979935, -0.1100388765335083, 0.280831908712101, 0.07965642958879471, -0.9957366585731506, 0.046511806547641754, -0.1095852908072406, -0.10612089186906815, -0.05486582592129707, -0.992838442325592, 2.683118428822666, 0.0, 0.0, 0.0, 1.0, 4.2647, 0.0, 0.5, 0.0, 4.2647, 0.5, 0.0, 0.0, 1.0]], ["16_4_mirror.png", [0.9911575317382812, -0.07415009289979935, 0.1100388765335083, -0.280831908712101, -0.07965642958879471, -0.9957366585731506, 0.046511806547641754, -0.1095852908072406, 0.10612089186906815, -0.05486582592129707, -0.992838442325592, 2.683118428822666, 0.0, 0.0, 0.0, 1.0, 4.2647, 0.0, 0.5, 0.0, 4.2647, 0.5, 0.0, 0.0, 1.0]], ["16_5.png", [0.9711281061172485, -0.07983289659023285, -0.22480408847332, 0.5711412881166655, -0.0756550282239914, -0.9967642426490784, 0.027151893824338913, -0.06072308213546951, -0.22624430060386658, -0.009360406547784805, -0.9740256071090698, 2.6382021030058342, 0.0, 0.0, 0.0, 1.0, 4.2647, 0.0, 0.5, 0.0, 4.2647, 0.5, 0.0, 0.0, 1.0]], ["16_5_mirror.png", [0.9711281061172485, 0.07983289659023285, 0.22480408847332, -0.5711412881166655, 0.0756550282239914, -0.9967642426490784, 0.027151893824338913, -0.06072308213546951, 0.22624430060386658, -0.009360406547784805, -0.9740256071090698, 2.6382021030058342, 0.0, 0.0, 0.0, 1.0, 4.2647, 0.0, 0.5, 0.0, 4.2647, 0.5, 0.0, 0.0, 1.0]], ["16_6.png", [0.8644301891326904, -0.22715410590171814, 0.4485103189945221, -1.1490466438187092, -0.19537998735904694, -0.9737697243690491, -0.11661586910486221, 0.3081393062201033, 0.4632355272769928, 0.013176344335079193, -0.8861372470855713, 2.423786702309251, 0.0, 0.0, 0.0, 1.0, 4.2647, 0.0, 0.5, 0.0, 4.2647, 0.5, 0.0, 0.0, 1.0]], ["16_6_mirror.png", [0.8644301891326904, 0.22715410590171814, -0.4485103189945221, 1.1490466438187092, 0.19537998735904694, -0.9737697243690491, -0.11661586910486221, 0.3081393062201033, -0.4632355272769928, 0.013176344335079193, -0.8861372470855713, 2.423786702309251, 0.0, 0.0, 0.0, 1.0, 4.2647, 0.0, 0.5, 0.0, 4.2647, 0.5, 0.0, 0.0, 1.0]], ["16_7.png", [0.9308650493621826, -0.07000469416379929, -0.3585939109325409, 0.9073869426951133, -0.11724495887756348, -0.9868000149726868, -0.11171021312475204, 0.29794524867084876, -0.3460402488708496, 0.146030455827713, -0.926785409450531, 2.525446013087764, 0.0, 0.0, 0.0, 1.0, 4.2647, 0.0, 0.5, 0.0, 4.2647, 0.5, 0.0, 0.0, 1.0]], ["16_7_mirror.png", [0.9308650493621826, 0.07000469416379929, 0.3585939109325409, -0.9073869426951133, 0.11724495887756348, -0.9868000149726868, -0.11171021312475204, 0.29794524867084876, 0.3460402488708496, 0.146030455827713, -0.926785409450531, 2.525446013087764, 0.0, 0.0, 0.0, 1.0, 4.2647, 0.0, 0.5, 0.0, 4.2647, 0.5, 0.0, 0.0, 1.0]], ["16_8.png", [0.9173441529273987, 0.11893592029809952, 0.3799130320549011, -0.9667063061095607, 0.05560947209596634, -0.9832550287246704, 0.17354317009449005, -0.4354921698725865, 0.3941919207572937, -0.13807204365730286, -0.9085971713066101, 2.483108029810156, 0.0, 0.0, 0.0, 1.0, 4.2647, 0.0, 0.5, 0.0, 4.2647, 0.5, 0.0, 0.0, 1.0]], ["16_8_mirror.png", [0.9173441529273987, -0.11893592029809952, -0.3799130320549011, 0.9667063061095607, -0.05560947209596634, -0.9832550287246704, 0.17354317009449005, -0.4354921698725865, -0.3941919207572937, -0.13807204365730286, -0.9085971713066101, 2.483108029810156, 0.0, 0.0, 0.0, 1.0, 4.2647, 0.0, 0.5, 0.0, 4.2647, 0.5, 0.0, 0.0, 1.0]], ["16_9.png", [0.9931454062461853, 0.054582949727773666, 0.10335774719715118, -0.268484072451108, 0.02379189431667328, -0.9601575136184692, 0.27844470739364624, -0.7002956418415148, 0.11443804949522018, -0.27407702803611755, -0.9548746943473816, 2.5937429164930457, 0.0, 0.0, 0.0, 1.0, 4.2647, 0.0, 0.5, 0.0, 4.2647, 0.5, 0.0, 0.0, 1.0]], ["16_9_mirror.png", [0.9931454062461853, -0.054582949727773666, -0.10335774719715118, 0.268484072451108, -0.02379189431667328, -0.9601575136184692, 0.27844470739364624, -0.7002956418415148, -0.11443804949522018, -0.27407702803611755, -0.9548746943473816, 2.5937429164930457, 0.0, 0.0, 0.0, 1.0, 4.2647, 0.0, 0.5, 0.0, 4.2647, 0.5, 0.0, 0.0, 1.0]]]}