{"labels": [["1_18.png", [0.9989036917686462, -0.04649984464049339, -0.005393181927502155, 0.008267857588737782, -0.04574541747570038, -0.9941018223762512, 0.09833058714866638, -0.24681263773530565, -0.009933728724718094, -0.09797607362270355, -0.9951391816139221, 2.688682793559894, 0.0, 0.0, 0.0, 1.0, 4.2647, 0.0, 0.5, 0.0, 4.2647, 0.5, 0.0, 0.0, 1.0]], ["1_1.png", [0.9956923127174377, -0.09135430306196213, -0.01585034653544426, 0.03851784204422916, -0.09226445108652115, -0.9931339025497437, -0.07191915065050125, 0.18848296549258822, -0.009171392768621445, 0.07307177037000656, -0.997284471988678, 2.693137677053176, 0.0, 0.0, 0.0, 1.0, 4.2647, 0.0, 0.5, 0.0, 4.2647, 0.5, 0.0, 0.0, 1.0]], ["1_16.png", [0.996135413646698, -0.07504935562610626, -0.04562562704086304, 0.11131419495389434, -0.07753273099660873, -0.9954525828361511, -0.05534226819872856, 0.14928917561161614, -0.041264746338129044, 0.05866587534546852, -0.9974244236946106, 2.6935704728198537, 0.0, 0.0, 0.0, 1.0, 4.2647, 0.0, 0.5, 0.0, 4.2647, 0.5, 0.0, 0.0, 1.0]]]}