{"labels": [["0.png", [0.8360032439231873, -0.19930414855480194, 0.5112497806549072, -1.309422057027093, -0.1743977963924408, -0.9799032211303711, -0.0968247652053833, 0.25420707993879305, 0.5202729105949402, -0.00821501761674881, -0.8539605140686035, 2.347507750163975, 0.0, 0.0, 0.0, 1.0, 4.2647, 0.0, 0.5, 0.0, 4.2647, 0.5, 0.0, 0.0, 1.0]], ["0_mirror.png", [0.8360032439231873, 0.19930414855480194, -0.5112497806549072, 1.309422057027093, 0.1743977963924408, -0.9799032211303711, -0.0968247652053833, 0.25420707993879305, -0.5202729105949402, -0.00821501761674881, -0.8539605140686035, 2.347507750163975, 0.0, 0.0, 0.0, 1.0, 4.2647, 0.0, 0.5, 0.0, 4.2647, 0.5, 0.0, 0.0, 1.0]], ["1.png", [0.9202882051467896, -0.08042855560779572, 0.38288483023643494, -0.9792749108330668, -0.007415503263473511, -0.9820517897605896, -0.18846556544303894, 0.48645719741011884, 0.3911707401275635, 0.17060336470603943, -0.9043671488761902, 2.468679818060816, 0.0, 0.0, 0.0, 1.0, 4.2647, 0.0, 0.5, 0.0, 4.2647, 0.5, 0.0, 0.0, 1.0]], ["1_mirror.png", [0.9202882051467896, 0.08042855560779572, -0.38288483023643494, 0.9792749108330668, 0.007415503263473511, -0.9820517897605896, -0.18846556544303894, 0.48645719741011884, -0.3911707401275635, 0.17060336470603943, -0.9043671488761902, 2.468679818060816, 0.0, 0.0, 0.0, 1.0, 4.2647, 0.0, 0.5, 0.0, 4.2647, 0.5, 0.0, 0.0, 1.0]], ["10.png", [0.9927406311035156, -0.0752514898777008, 0.09382541477680206, -0.23506875947150688, -0.06776540726423264, -0.9944424033164978, -0.08057308197021484, 0.2033439860534416, 0.09936721622943878, 0.07363005727529526, -0.9923229217529297, 2.682050316764476, 0.0, 0.0, 0.0, 1.0, 4.2647, 0.0, 0.5, 0.0, 4.2647, 0.5, 0.0, 0.0, 1.0]], ["10_mirror.png", [0.9927406311035156, 0.0752514898777008, -0.09382541477680206, 0.23506875947150688, 0.06776540726423264, -0.9944424033164978, -0.08057308197021484, 0.2033439860534416, -0.09936721622943878, 0.07363005727529526, -0.9923229217529297, 2.682050316764476, 0.0, 0.0, 0.0, 1.0, 4.2647, 0.0, 0.5, 0.0, 4.2647, 0.5, 0.0, 0.0, 1.0]], ["11.png", [0.8496047258377075, -0.014711223542690277, 0.5272147059440613, -1.3524904993890494, -0.017648808658123016, -0.9998440742492676, 0.0005416800850071013, 0.02132283575965621, 0.5271245241165161, -0.009764925576746464, -0.8497319221496582, 2.3367316460683982, 0.0, 0.0, 0.0, 1.0, 4.2647, 0.0, 0.5, 0.0, 4.2647, 0.5, 0.0, 0.0, 1.0]], ["11_mirror.png", [0.8496047258377075, 0.014711223542690277, -0.5272147059440613, 1.3524904993890494, 0.017648808658123016, -0.9998440742492676, 0.0005416800850071013, 0.02132283575965621, -0.5271245241165161, -0.009764925576746464, -0.8497319221496582, 2.3367316460683982, 0.0, 0.0, 0.0, 1.0, 4.2647, 0.0, 0.5, 0.0, 4.2647, 0.5, 0.0, 0.0, 1.0]], ["12.png", [0.92698734998703, -0.04811875522136688, 0.37199336290359497, -0.947953174398284, -0.05204513296484947, -0.9986445903778076, 0.0005151821533218026, -0.0007283445066732925, 0.37146440148353577, -0.019838010892271996, -0.9282352924346924, 2.5281187172802024, 0.0, 0.0, 0.0, 1.0, 4.2647, 0.0, 0.5, 0.0, 4.2647, 0.5, 0.0, 0.0, 1.0]], ["12_mirror.png", [0.92698734998703, 0.04811875522136688, -0.37199336290359497, 0.947953174398284, 0.05204513296484947, -0.9986445903778076, 0.0005151821533218026, -0.0007283445066732925, -0.37146440148353577, -0.019838010892271996, -0.9282352924346924, 2.5281187172802024, 0.0, 0.0, 0.0, 1.0, 4.2647, 0.0, 0.5, 0.0, 4.2647, 0.5, 0.0, 0.0, 1.0]], ["13.png", [0.8964686989784241, -0.17353390157222748, 0.4077129364013672, -1.047408183474127, -0.13734012842178345, -0.9836277961730957, -0.11667925864458084, 0.3029635647410951, 0.42128556966781616, 0.04860395938158035, -0.9056246280670166, 2.470050439896076, 0.0, 0.0, 0.0, 1.0, 4.2647, 0.0, 0.5, 0.0, 4.2647, 0.5, 0.0, 0.0, 1.0]], ["13_mirror.png", [0.8964686989784241, 0.17353390157222748, -0.4077129364013672, 1.047408183474127, 0.13734012842178345, -0.9836277961730957, -0.11667925864458084, 0.3029635647410951, -0.42128556966781616, 0.04860395938158035, -0.9056246280670166, 2.470050439896076, 0.0, 0.0, 0.0, 1.0, 4.2647, 0.0, 0.5, 0.0, 4.2647, 0.5, 0.0, 0.0, 1.0]], ["14.png", [0.9235572218894958, -0.07389025390148163, 0.37627413868904114, -0.9532864125152724, -0.03880220651626587, -0.9942303895950317, -0.10000123083591461, 0.2583143043373914, 0.3814923167228699, 0.07775659114122391, -0.9210957884788513, 2.512870616623238, 0.0, 0.0, 0.0, 1.0, 4.2647, 0.0, 0.5, 0.0, 4.2647, 0.5, 0.0, 0.0, 1.0]], ["14_mirror.png", [0.9235572218894958, 0.07389025390148163, -0.37627413868904114, 0.9532864125152724, 0.03880220651626587, -0.9942303895950317, -0.10000123083591461, 0.2583143043373914, -0.3814923167228699, 0.07775659114122391, -0.9210957884788513, 2.512870616623238, 0.0, 0.0, 0.0, 1.0, 4.2647, 0.0, 0.5, 0.0, 4.2647, 0.5, 0.0, 0.0, 1.0]], ["15.png", [0.8509604930877686, -0.10838759690523148, 0.5139245390892029, -1.3172872718130104, -0.08541816473007202, -0.9940081834793091, -0.06820198148488998, 0.18795724899668773, 0.5182374119758606, 0.01413869857788086, -0.8551198840141296, 2.3493459336736753, 0.0, 0.0, 0.0, 1.0, 4.2647, 0.0, 0.5, 0.0, 4.2647, 0.5, 0.0, 0.0, 1.0]], ["15_mirror.png", [0.8509604930877686, 0.10838759690523148, -0.5139245390892029, 1.3172872718130104, 0.08541816473007202, -0.9940081834793091, -0.06820198148488998, 0.18795724899668773, -0.5182374119758606, 0.01413869857788086, -0.8551198840141296, 2.3493459336736753, 0.0, 0.0, 0.0, 1.0, 4.2647, 0.0, 0.5, 0.0, 4.2647, 0.5, 0.0, 0.0, 1.0]], ["16.png", [0.7975803017616272, -0.2255992889404297, 0.5594376921653748, -1.4419483022496236, -0.19580313563346863, -0.9740367531776428, -0.11363783478736877, 0.308841434967363, 0.5705495476722717, -0.01890432834625244, -0.8210455775260925, 2.2617254611660385, 0.0, 0.0, 0.0, 1.0, 4.2647, 0.0, 0.5, 0.0, 4.2647, 0.5, 0.0, 0.0, 1.0]], ["16_mirror.png", [0.7975803017616272, 0.2255992889404297, -0.5594376921653748, 1.4419483022496236, 0.19580313563346863, -0.9740367531776428, -0.11363783478736877, 0.308841434967363, -0.5705495476722717, -0.01890432834625244, -0.8210455775260925, 2.2617254611660385, 0.0, 0.0, 0.0, 1.0, 4.2647, 0.0, 0.5, 0.0, 4.2647, 0.5, 0.0, 0.0, 1.0]], ["17.png", [0.9912281632423401, -0.02246016263961792, -0.1302395612001419, 0.33217719307874827, -0.03591848164796829, -0.9941433072090149, -0.10192593932151794, 0.2562710247349883, -0.12718752026557922, 0.10570987313985825, -0.9862295389175415, 2.6672051803863166, 0.0, 0.0, 0.0, 1.0, 4.2647, 0.0, 0.5, 0.0, 4.2647, 0.5, 0.0, 0.0, 1.0]], ["17_mirror.png", [0.9912281632423401, 0.02246016263961792, 0.1302395612001419, -0.33217719307874827, 0.03591848164796829, -0.9941433072090149, -0.10192593932151794, 0.2562710247349883, 0.12718752026557922, 0.10570987313985825, -0.9862295389175415, 2.6672051803863166, 0.0, 0.0, 0.0, 1.0, 4.2647, 0.0, 0.5, 0.0, 4.2647, 0.5, 0.0, 0.0, 1.0]], ["18.png", [0.9687153697013855, -0.0390518419444561, 0.2450825423002243, -0.6288923106952404, -0.028475511819124222, -0.9985100030899048, -0.04655160754919052, 0.12505321045908924, 0.2465352863073349, 0.03811640664935112, -0.9683839678764343, 2.62275735745842, 0.0, 0.0, 0.0, 1.0, 4.2647, 0.0, 0.5, 0.0, 4.2647, 0.5, 0.0, 0.0, 1.0]], ["18_mirror.png", [0.9687153697013855, 0.0390518419444561, -0.2450825423002243, 0.6288923106952404, 0.028475511819124222, -0.9985100030899048, -0.04655160754919052, 0.12505321045908924, -0.2465352863073349, 0.03811640664935112, -0.9683839678764343, 2.62275735745842, 0.0, 0.0, 0.0, 1.0, 4.2647, 0.0, 0.5, 0.0, 4.2647, 0.5, 0.0, 0.0, 1.0]], ["19.png", [0.7888765335083008, -0.18755847215652466, 0.5852312445640564, -1.5118976742130283, -0.09000751376152039, -0.9772827625274658, -0.19187772274017334, 0.5077820517809722, 0.60792475938797, 0.0986926257610321, -0.7878370881080627, 2.17860570333375, 0.0, 0.0, 0.0, 1.0, 4.2647, 0.0, 0.5, 0.0, 4.2647, 0.5, 0.0, 0.0, 1.0]], ["19_mirror.png", [0.7888765335083008, 0.18755847215652466, -0.5852312445640564, 1.5118976742130283, 0.09000751376152039, -0.9772827625274658, -0.19187772274017334, 0.5077820517809722, -0.60792475938797, 0.0986926257610321, -0.7878370881080627, 2.17860570333375, 0.0, 0.0, 0.0, 1.0, 4.2647, 0.0, 0.5, 0.0, 4.2647, 0.5, 0.0, 0.0, 1.0]], ["2.png", [0.9933955073356628, -0.008989130146801472, -0.11438785493373871, 0.29048412270561286, -0.004036907572299242, -0.9990473985671997, 0.04345147684216499, -0.11849538939279589, -0.11466947197914124, -0.042702727019786835, -0.9924854040145874, 2.681711732671616, 0.0, 0.0, 0.0, 1.0, 4.2647, 0.0, 0.5, 0.0, 4.2647, 0.5, 0.0, 0.0, 1.0]], ["2_mirror.png", [0.9933955073356628, 0.008989130146801472, 0.11438785493373871, -0.29048412270561286, 0.004036907572299242, -0.9990473985671997, 0.04345147684216499, -0.11849538939279589, 0.11466947197914124, -0.042702727019786835, -0.9924854040145874, 2.681711732671616, 0.0, 0.0, 0.0, 1.0, 4.2647, 0.0, 0.5, 0.0, 4.2647, 0.5, 0.0, 0.0, 1.0]], ["3.png", [0.8528743982315063, -0.035783801227808, 0.5208884477615356, -1.3333657961339378, -0.08103376626968384, -0.9946317672729492, 0.06435143202543259, -0.15820460843173376, 0.5157894492149353, -0.09709323942661285, -0.8511956930160522, 2.3424574607815343, 0.0, 0.0, 0.0, 1.0, 4.2647, 0.0, 0.5, 0.0, 4.2647, 0.5, 0.0, 0.0, 1.0]], ["3_mirror.png", [0.8528743982315063, 0.035783801227808, -0.5208884477615356, 1.3333657961339378, 0.08103376626968384, -0.9946317672729492, 0.06435143202543259, -0.15820460843173376, -0.5157894492149353, -0.09709323942661285, -0.8511956930160522, 2.3424574607815343, 0.0, 0.0, 0.0, 1.0, 4.2647, 0.0, 0.5, 0.0, 4.2647, 0.5, 0.0, 0.0, 1.0]], ["4.png", [0.7948704361915588, -0.20332910120487213, 0.5716977715492249, -1.4733255825508365, -0.17964312434196472, -0.9788032174110413, -0.09834947437047958, 0.2673170927770929, 0.5795769095420837, -0.02452649176120758, -0.8145483732223511, 2.2467428201087998, 0.0, 0.0, 0.0, 1.0, 4.2647, 0.0, 0.5, 0.0, 4.2647, 0.5, 0.0, 0.0, 1.0]], ["4_mirror.png", [0.7948704361915588, 0.20332910120487213, -0.5716977715492249, 1.4733255825508365, 0.17964312434196472, -0.9788032174110413, -0.09834947437047958, 0.2673170927770929, -0.5795769095420837, -0.02452649176120758, -0.8145483732223511, 2.2467428201087998, 0.0, 0.0, 0.0, 1.0, 4.2647, 0.0, 0.5, 0.0, 4.2647, 0.5, 0.0, 0.0, 1.0]], ["5.png", [0.9329408407211304, -0.11308843642473221, 0.34180748462677, -0.8699356600058663, -0.12715621292591095, -0.991701602935791, 0.018955830484628677, -0.04637053196063344, 0.3368273377418518, -0.06114761531352997, -0.9395788311958313, 2.5555942012017177, 0.0, 0.0, 0.0, 1.0, 4.2647, 0.0, 0.5, 0.0, 4.2647, 0.5, 0.0, 0.0, 1.0]], ["5_mirror.png", [0.9329408407211304, 0.11308843642473221, -0.34180748462677, 0.8699356600058663, 0.12715621292591095, -0.991701602935791, 0.018955830484628677, -0.04637053196063344, -0.3368273377418518, -0.06114761531352997, -0.9395788311958313, 2.5555942012017177, 0.0, 0.0, 0.0, 1.0, 4.2647, 0.0, 0.5, 0.0, 4.2647, 0.5, 0.0, 0.0, 1.0]], ["6.png", [0.8481429219245911, -0.10328097641468048, 0.519602358341217, -1.3294369442332887, -0.08312395215034485, -0.99460768699646, -0.0620148703455925, 0.16929453574526715, 0.5232054591178894, 0.00940607488155365, -0.8521546721458435, 2.3439148387845603, 0.0, 0.0, 0.0, 1.0, 4.2647, 0.0, 0.5, 0.0, 4.2647, 0.5, 0.0, 0.0, 1.0]], ["6_mirror.png", [0.8481429219245911, 0.10328097641468048, -0.519602358341217, 1.3294369442332887, 0.08312395215034485, -0.99460768699646, -0.0620148703455925, 0.16929453574526715, -0.5232054591178894, 0.00940607488155365, -0.8521546721458435, 2.3439148387845603, 0.0, 0.0, 0.0, 1.0, 4.2647, 0.0, 0.5, 0.0, 4.2647, 0.5, 0.0, 0.0, 1.0]], ["7.png", [0.9205582737922668, -0.07478651404380798, 0.3833790719509125, -0.9724901673109813, -0.045855604112148285, -0.9954043626785278, -0.0840684175491333, 0.21330214810976839, 0.38790440559387207, 0.05980979651212692, -0.919757068157196, 2.509734063221683, 0.0, 0.0, 0.0, 1.0, 4.2647, 0.0, 0.5, 0.0, 4.2647, 0.5, 0.0, 0.0, 1.0]], ["7_mirror.png", [0.9205582737922668, 0.07478651404380798, -0.3833790719509125, 0.9724901673109813, 0.045855604112148285, -0.9954043626785278, -0.0840684175491333, 0.21330214810976839, -0.38790440559387207, 0.05980979651212692, -0.919757068157196, 2.509734063221683, 0.0, 0.0, 0.0, 1.0, 4.2647, 0.0, 0.5, 0.0, 4.2647, 0.5, 0.0, 0.0, 1.0]], ["8.png", [0.93635493516922, -0.2799164354801178, 0.2118636965751648, -0.5404980902300358, -0.29470309615135193, -0.9547042846679688, 0.041107915341854095, -0.09892857773095753, 0.19076040387153625, -0.10092848539352417, -0.9764342904090881, 2.6434967280036146, 0.0, 0.0, 0.0, 1.0, 4.2647, 0.0, 0.5, 0.0, 4.2647, 0.5, 0.0, 0.0, 1.0]], ["8_mirror.png", [0.93635493516922, 0.2799164354801178, -0.2118636965751648, 0.5404980902300358, 0.29470309615135193, -0.9547042846679688, 0.041107915341854095, -0.09892857773095753, -0.19076040387153625, -0.10092848539352417, -0.9764342904090881, 2.6434967280036146, 0.0, 0.0, 0.0, 1.0, 4.2647, 0.0, 0.5, 0.0, 4.2647, 0.5, 0.0, 0.0, 1.0]], ["9.png", [0.8036513924598694, -0.1456441730260849, 0.577002763748169, -1.4845479822669745, -0.16619238257408142, -0.9859399199485779, -0.01739274337887764, 0.04663456504743269, 0.5714232325553894, -0.08191576600074768, -0.8165569305419922, 2.254759966313464, 0.0, 0.0, 0.0, 1.0, 4.2647, 0.0, 0.5, 0.0, 4.2647, 0.5, 0.0, 0.0, 1.0]], ["9_mirror.png", [0.8036513924598694, 0.1456441730260849, -0.577002763748169, 1.4845479822669745, 0.16619238257408142, -0.9859399199485779, -0.01739274337887764, 0.04663456504743269, -0.5714232325553894, -0.08191576600074768, -0.8165569305419922, 2.254759966313464, 0.0, 0.0, 0.0, 1.0, 4.2647, 0.0, 0.5, 0.0, 4.2647, 0.5, 0.0, 0.0, 1.0]]]}