{"labels": [["0.png", [0.8409376740455627, 0.13648204505443573, -0.5236377716064453, 1.3446303546412774, 0.06332854181528091, -0.9858433604240417, -0.15524962544441223, 0.40226251405838315, -0.5374136567115784, 0.09739403426647186, -0.8376759886741638, 2.306545919586407, 0.0, 0.0, 0.0, 1.0, 4.2647, 0.0, 0.5, 0.0, 4.2647, 0.5, 0.0, 0.0, 1.0]], ["0_mirror.png", [0.8409376740455627, -0.13648204505443573, 0.5236377716064453, -1.3446303546412774, -0.06332854181528091, -0.9858433604240417, -0.15524962544441223, 0.40226251405838315, 0.5374136567115784, 0.09739403426647186, -0.8376759886741638, 2.306545919586407, 0.0, 0.0, 0.0, 1.0, 4.2647, 0.0, 0.5, 0.0, 4.2647, 0.5, 0.0, 0.0, 1.0]], ["1.png", [0.847338080406189, 0.20392721891403198, -0.49033862352371216, 1.2615211824112986, 0.06565441191196442, -0.956474781036377, -0.28433361649513245, 0.7299157069727218, -0.5269798636436462, 0.20873381197452545, -0.823846161365509, 2.272836854471106, 0.0, 0.0, 0.0, 1.0, 4.2647, 0.0, 0.5, 0.0, 4.2647, 0.5, 0.0, 0.0, 1.0]], ["1_mirror.png", [0.847338080406189, -0.20392721891403198, 0.49033862352371216, -1.2615211824112986, -0.06565441191196442, -0.956474781036377, -0.28433361649513245, 0.7299157069727218, 0.5269798636436462, 0.20873381197452545, -0.823846161365509, 2.272836854471106, 0.0, 0.0, 0.0, 1.0, 4.2647, 0.0, 0.5, 0.0, 4.2647, 0.5, 0.0, 0.0, 1.0]], ["10.png", [0.8402276635169983, 0.13657499849796295, -0.5247520208358765, 1.3470167039997099, 0.0630209892988205, -0.985798180103302, -0.1556609719991684, 0.4040617917906852, -0.5385589599609375, 0.09772027283906937, -0.8369019627571106, 2.3048384037846685, 0.0, 0.0, 0.0, 1.0, 4.2647, 0.0, 0.5, 0.0, 4.2647, 0.5, 0.0, 0.0, 1.0]], ["10_mirror.png", [0.8402276635169983, -0.13657499849796295, 0.5247520208358765, -1.3470167039997099, -0.0630209892988205, -0.985798180103302, -0.1556609719991684, 0.4040617917906852, 0.5385589599609375, 0.09772027283906937, -0.8369019627571106, 2.3048384037846685, 0.0, 0.0, 0.0, 1.0, 4.2647, 0.0, 0.5, 0.0, 4.2647, 0.5, 0.0, 0.0, 1.0]], ["11.png", [0.8488234877586365, 0.20399783551692963, -0.4877330958843231, 1.2543102197869245, 0.06725208461284637, -0.9567250609397888, -0.2831152677536011, 0.7266655324270269, -0.5243813991546631, 0.20751383900642395, -0.8258100152015686, 2.277863708943233, 0.0, 0.0, 0.0, 1.0, 4.2647, 0.0, 0.5, 0.0, 4.2647, 0.5, 0.0, 0.0, 1.0]], ["11_mirror.png", [0.8488234877586365, -0.20399783551692963, 0.4877330958843231, -1.2543102197869245, -0.06725208461284637, -0.9567250609397888, -0.2831152677536011, 0.7266655324270269, 0.5243813991546631, 0.20751383900642395, -0.8258100152015686, 2.277863708943233, 0.0, 0.0, 0.0, 1.0, 4.2647, 0.0, 0.5, 0.0, 4.2647, 0.5, 0.0, 0.0, 1.0]], ["12.png", [0.8480062484741211, 0.07822662591934204, -0.5241812467575073, 1.3496418240794186, -0.07860107719898224, -0.9595460891723633, -0.2703573703765869, 0.6951009348760342, -0.5241252183914185, 0.2704659402370453, -0.8075523972511292, 2.232778904645519, 0.0, 0.0, 0.0, 1.0, 4.2647, 0.0, 0.5, 0.0, 4.2647, 0.5, 0.0, 0.0, 1.0]], ["12_mirror.png", [0.8480062484741211, -0.07822662591934204, 0.5241812467575073, -1.3496418240794186, 0.07860107719898224, -0.9595460891723633, -0.2703573703765869, 0.6951009348760342, 0.5241252183914185, 0.2704659402370453, -0.8075523972511292, 2.232778904645519, 0.0, 0.0, 0.0, 1.0, 4.2647, 0.0, 0.5, 0.0, 4.2647, 0.5, 0.0, 0.0, 1.0]], ["13.png", [0.8413655161857605, 0.13888293504714966, -0.5223175883293152, 1.3387390667006553, 0.06698062270879745, -0.9857639670372009, -0.1542176604270935, 0.4005855179457634, -0.536300003528595, 0.09476824104785919, -0.8386902213096619, 2.3102616635570925, 0.0, 0.0, 0.0, 1.0, 4.2647, 0.0, 0.5, 0.0, 4.2647, 0.5, 0.0, 0.0, 1.0]], ["13_mirror.png", [0.8413655161857605, -0.13888293504714966, 0.5223175883293152, -1.3387390667006553, -0.06698062270879745, -0.9857639670372009, -0.1542176604270935, 0.4005855179457634, 0.536300003528595, 0.09476824104785919, -0.8386902213096619, 2.3102616635570925, 0.0, 0.0, 0.0, 1.0, 4.2647, 0.0, 0.5, 0.0, 4.2647, 0.5, 0.0, 0.0, 1.0]], ["14.png", [0.8937585353851318, 0.052154287695884705, -0.4455060064792633, 1.1407522879638676, -0.0660916119813919, -0.9670640826225281, -0.24580250680446625, 0.6271864227170312, -0.44365251064300537, 0.24913230538368225, -0.8608748316764832, 2.365443173839654, 0.0, 0.0, 0.0, 1.0, 4.2647, 0.0, 0.5, 0.0, 4.2647, 0.5, 0.0, 0.0, 1.0]], ["14_mirror.png", [0.8937585353851318, -0.052154287695884705, 0.4455060064792633, -1.1407522879638676, 0.0660916119813919, -0.9670640826225281, -0.24580250680446625, 0.6271864227170312, 0.44365251064300537, 0.24913230538368225, -0.8608748316764832, 2.365443173839654, 0.0, 0.0, 0.0, 1.0, 4.2647, 0.0, 0.5, 0.0, 4.2647, 0.5, 0.0, 0.0, 1.0]], ["15.png", [0.8496580719947815, 0.20539332926273346, -0.4856899678707123, 1.242413023026036, 0.07263745367527008, -0.9578343629837036, -0.27798762917518616, 0.7159163290747109, -0.5223073363304138, 0.2009151577949524, -0.8287509679794312, 2.287766091622895, 0.0, 0.0, 0.0, 1.0, 4.2647, 0.0, 0.5, 0.0, 4.2647, 0.5, 0.0, 0.0, 1.0]], ["15_mirror.png", [0.8496580719947815, -0.20539332926273346, 0.4856899678707123, -1.242413023026036, -0.07263745367527008, -0.9578343629837036, -0.27798762917518616, 0.7159163290747109, 0.5223073363304138, 0.2009151577949524, -0.8287509679794312, 2.287766091622895, 0.0, 0.0, 0.0, 1.0, 4.2647, 0.0, 0.5, 0.0, 4.2647, 0.5, 0.0, 0.0, 1.0]], ["16.png", [0.8154624104499817, 0.15951943397521973, -0.5563942790031433, 1.4381508907542302, -0.005995526909828186, -0.9588931798934937, -0.28370392322540283, 0.7270861349849443, -0.5787789821624756, 0.2346857637166977, -0.7809849977493286, 2.1663489487465935, 0.0, 0.0, 0.0, 1.0, 4.2647, 0.0, 0.5, 0.0, 4.2647, 0.5, 0.0, 0.0, 1.0]], ["16_mirror.png", [0.8154624104499817, -0.15951943397521973, 0.5563942790031433, -1.4381508907542302, 0.005995526909828186, -0.9588931798934937, -0.28370392322540283, 0.7270861349849443, 0.5787789821624756, 0.2346857637166977, -0.7809849977493286, 2.1663489487465935, 0.0, 0.0, 0.0, 1.0, 4.2647, 0.0, 0.5, 0.0, 4.2647, 0.5, 0.0, 0.0, 1.0]], ["17.png", [0.906385064125061, 0.06679598987102509, -0.41713836789131165, 1.0680690212697195, -0.0874844640493393, -0.9363377094268799, -0.34002676606178284, 0.8790725603174377, -0.41329479217529297, 0.3446882963180542, -0.8428388833999634, 2.3187194740849724, 0.0, 0.0, 0.0, 1.0, 4.2647, 0.0, 0.5, 0.0, 4.2647, 0.5, 0.0, 0.0, 1.0]], ["17_mirror.png", [0.906385064125061, -0.06679598987102509, 0.41713836789131165, -1.0680690212697195, 0.0874844640493393, -0.9363377094268799, -0.34002676606178284, 0.8790725603174377, 0.41329479217529297, 0.3446882963180542, -0.8428388833999634, 2.3187194740849724, 0.0, 0.0, 0.0, 1.0, 4.2647, 0.0, 0.5, 0.0, 4.2647, 0.5, 0.0, 0.0, 1.0]], ["18.png", [0.9012789130210876, 0.05587282031774521, -0.4296214282512665, 1.1066428034825504, -0.10747954994440079, -0.93181312084198, -0.3466588854789734, 0.9014460806787867, -0.4196957051753998, 0.3586118519306183, -0.8338183760643005, 2.2918849598374558, 0.0, 0.0, 0.0, 1.0, 4.2647, 0.0, 0.5, 0.0, 4.2647, 0.5, 0.0, 0.0, 1.0]], ["18_mirror.png", [0.9012789130210876, -0.05587282031774521, 0.4296214282512665, -1.1066428034825504, 0.10747954994440079, -0.93181312084198, -0.3466588854789734, 0.9014460806787867, 0.4196957051753998, 0.3586118519306183, -0.8338183760643005, 2.2918849598374558, 0.0, 0.0, 0.0, 1.0, 4.2647, 0.0, 0.5, 0.0, 4.2647, 0.5, 0.0, 0.0, 1.0]], ["19.png", [0.8482412099838257, 0.21113158762454987, -0.48570606112480164, 1.2448038371104506, 0.07155036926269531, -0.9543778896331787, -0.28990238904953003, 0.7467675881743547, -0.5247547030448914, 0.21115469932556152, -0.8246491551399231, 2.27657672314538, 0.0, 0.0, 0.0, 1.0, 4.2647, 0.0, 0.5, 0.0, 4.2647, 0.5, 0.0, 0.0, 1.0]], ["19_mirror.png", [0.8482412099838257, -0.21113158762454987, 0.48570606112480164, -1.2448038371104506, -0.07155036926269531, -0.9543778896331787, -0.28990238904953003, 0.7467675881743547, 0.5247547030448914, 0.21115469932556152, -0.8246491551399231, 2.27657672314538, 0.0, 0.0, 0.0, 1.0, 4.2647, 0.0, 0.5, 0.0, 4.2647, 0.5, 0.0, 0.0, 1.0]], ["2.png", [0.8472850918769836, 0.20386889576911926, -0.4904542863368988, 1.2628676626288957, 0.06660188734531403, -0.9568940997123718, -0.2826974093914032, 0.7237592235848818, -0.5269460678100586, 0.20686012506484985, -0.8243402242660522, 2.2740575746805622, 0.0, 0.0, 0.0, 1.0, 4.2647, 0.0, 0.5, 0.0, 4.2647, 0.5, 0.0, 0.0, 1.0]], ["2_mirror.png", [0.8472850918769836, -0.20386889576911926, 0.4904542863368988, -1.2628676626288957, -0.06660188734531403, -0.9568940997123718, -0.2826974093914032, 0.7237592235848818, 0.5269460678100586, 0.20686012506484985, -0.8243402242660522, 2.2740575746805622, 0.0, 0.0, 0.0, 1.0, 4.2647, 0.0, 0.5, 0.0, 4.2647, 0.5, 0.0, 0.0, 1.0]], ["3.png", [0.8086528778076172, 0.13139282166957855, -0.5734252333641052, 1.476594466434482, -0.013227671384811401, -0.9704312086105347, -0.24101535975933075, 0.6193965007573339, -0.5881373882293701, 0.20248281955718994, -0.7830039262771606, 2.1739403755725775, 0.0, 0.0, 0.0, 1.0, 4.2647, 0.0, 0.5, 0.0, 4.2647, 0.5, 0.0, 0.0, 1.0]], ["3_mirror.png", [0.8086528778076172, -0.13139282166957855, 0.5734252333641052, -1.476594466434482, 0.013227671384811401, -0.9704312086105347, -0.24101535975933075, 0.6193965007573339, 0.5881373882293701, 0.20248281955718994, -0.7830039262771606, 2.1739403755725775, 0.0, 0.0, 0.0, 1.0, 4.2647, 0.0, 0.5, 0.0, 4.2647, 0.5, 0.0, 0.0, 1.0]], ["4.png", [0.8488823771476746, 0.20626309514045715, -0.48667675256729126, 1.2533681685632445, 0.0642230361700058, -0.9541476368904114, -0.29236578941345215, 0.750222221730174, -0.5246657133102417, 0.21692831814289093, -0.8232059478759766, 2.2707344301028822, 0.0, 0.0, 0.0, 1.0, 4.2647, 0.0, 0.5, 0.0, 4.2647, 0.5, 0.0, 0.0, 1.0]], ["4_mirror.png", [0.8488823771476746, -0.20626309514045715, 0.48667675256729126, -1.2533681685632445, -0.0642230361700058, -0.9541476368904114, -0.29236578941345215, 0.750222221730174, 0.5246657133102417, 0.21692831814289093, -0.8232059478759766, 2.2707344301028822, 0.0, 0.0, 0.0, 1.0, 4.2647, 0.0, 0.5, 0.0, 4.2647, 0.5, 0.0, 0.0, 1.0]], ["5.png", [0.9143392443656921, -0.0381653718650341, -0.40314650535583496, 1.0311555639110468, -0.13151295483112335, -0.9695712924003601, -0.20648424327373505, 0.54052925937081, -0.3829987645149231, 0.24181564152240753, -0.8915364146232605, 2.436092429030421, 0.0, 0.0, 0.0, 1.0, 4.2647, 0.0, 0.5, 0.0, 4.2647, 0.5, 0.0, 0.0, 1.0]], ["5_mirror.png", [0.9143392443656921, 0.0381653718650341, 0.40314650535583496, -1.0311555639110468, 0.13151295483112335, -0.9695712924003601, -0.20648424327373505, 0.54052925937081, 0.3829987645149231, 0.24181564152240753, -0.8915364146232605, 2.436092429030421, 0.0, 0.0, 0.0, 1.0, 4.2647, 0.0, 0.5, 0.0, 4.2647, 0.5, 0.0, 0.0, 1.0]], ["6.png", [0.8388137817382812, 0.13690154254436493, -0.5269244909286499, 1.3510788239108265, 0.061838530004024506, -0.985561728477478, -0.1576201319694519, 0.4088822383729236, -0.5408950448036194, 0.09962969273328781, -0.8351685404777527, 2.301608421674479, 0.0, 0.0, 0.0, 1.0, 4.2647, 0.0, 0.5, 0.0, 4.2647, 0.5, 0.0, 0.0, 1.0]], ["6_mirror.png", [0.8388137817382812, -0.13690154254436493, 0.5269244909286499, -1.3510788239108265, -0.061838530004024506, -0.985561728477478, -0.1576201319694519, 0.4088822383729236, 0.5408950448036194, 0.09962969273328781, -0.8351685404777527, 2.301608421674479, 0.0, 0.0, 0.0, 1.0, 4.2647, 0.0, 0.5, 0.0, 4.2647, 0.5, 0.0, 0.0, 1.0]], ["7.png", [0.8424196243286133, 0.1375766545534134, -0.5209623575210571, 1.3375004956054193, 0.06299734115600586, -0.9853714108467102, -0.15834906697273254, 0.40783080182114595, -0.5351265668869019, 0.10057712346315384, -0.8387632369995117, 2.3097113372326814, 0.0, 0.0, 0.0, 1.0, 4.2647, 0.0, 0.5, 0.0, 4.2647, 0.5, 0.0, 0.0, 1.0]], ["7_mirror.png", [0.8424196243286133, -0.1375766545534134, 0.5209623575210571, -1.3375004956054193, -0.06299734115600586, -0.9853714108467102, -0.15834906697273254, 0.40783080182114595, 0.5351265668869019, 0.10057712346315384, -0.8387632369995117, 2.3097113372326814, 0.0, 0.0, 0.0, 1.0, 4.2647, 0.0, 0.5, 0.0, 4.2647, 0.5, 0.0, 0.0, 1.0]], ["8.png", [0.8438626527786255, 0.138994500041008, -0.5182435512542725, 1.3303194539684615, 0.06693226099014282, -0.9855892062187195, -0.15535135567188263, 0.4013331764433366, -0.5323682427406311, 0.09640798717737198, -0.8410050868988037, 2.314990676412965, 0.0, 0.0, 0.0, 1.0, 4.2647, 0.0, 0.5, 0.0, 4.2647, 0.5, 0.0, 0.0, 1.0]], ["8_mirror.png", [0.8438626527786255, -0.138994500041008, 0.5182435512542725, -1.3303194539684615, -0.06693226099014282, -0.9855892062187195, -0.15535135567188263, 0.4013331764433366, 0.5323682427406311, 0.09640798717737198, -0.8410050868988037, 2.314990676412965, 0.0, 0.0, 0.0, 1.0, 4.2647, 0.0, 0.5, 0.0, 4.2647, 0.5, 0.0, 0.0, 1.0]], ["9.png", [0.9022997617721558, 0.0651857927441597, -0.4261525571346283, 1.0908165959948724, -0.0832081288099289, -0.9435829520225525, -0.32051166892051697, 0.8226076026255673, -0.42300307750701904, 0.32465696334838867, -0.845970630645752, 2.328827148159515, 0.0, 0.0, 0.0, 1.0, 4.2647, 0.0, 0.5, 0.0, 4.2647, 0.5, 0.0, 0.0, 1.0]], ["9_mirror.png", [0.9022997617721558, -0.0651857927441597, 0.4261525571346283, -1.0908165959948724, 0.0832081288099289, -0.9435829520225525, -0.32051166892051697, 0.8226076026255673, 0.42300307750701904, 0.32465696334838867, -0.845970630645752, 2.328827148159515, 0.0, 0.0, 0.0, 1.0, 4.2647, 0.0, 0.5, 0.0, 4.2647, 0.5, 0.0, 0.0, 1.0]]]}