{"labels": [["9_0.png", [0.9846799969673157, -0.00411786325275898, 0.17432233691215515, -0.44625643280831134, 0.019460612908005714, -0.9908802509307861, -0.1333322376012802, 0.34539155151084155, 0.17328159511089325, 0.13468199968338013, -0.975619912147522, 2.6403711618486776, 0.0, 0.0, 0.0, 1.0, 4.2647, 0.0, 0.5, 0.0, 4.2647, 0.5, 0.0, 0.0, 1.0]], ["9_0_mirror.png", [0.9846799969673157, 0.00411786325275898, -0.17432233691215515, 0.44625643280831134, -0.019460612908005714, -0.9908802509307861, -0.1333322376012802, 0.34539155151084155, -0.17328159511089325, 0.13468199968338013, -0.975619912147522, 2.6403711618486776, 0.0, 0.0, 0.0, 1.0, 4.2647, 0.0, 0.5, 0.0, 4.2647, 0.5, 0.0, 0.0, 1.0]], ["9_1.png", [0.9989884495735168, 0.036751437932252884, -0.025911299511790276, 0.06261533886870303, 0.03294944018125534, -0.9903823733329773, -0.13437627255916595, 0.34342123576388855, -0.030600616708397865, 0.13338658213615417, -0.9905915260314941, 2.677338449685575, 0.0, 0.0, 0.0, 1.0, 4.2647, 0.0, 0.5, 0.0, 4.2647, 0.5, 0.0, 0.0, 1.0]], ["9_1_mirror.png", [0.9989884495735168, -0.036751437932252884, 0.025911299511790276, -0.06261533886870303, -0.03294944018125534, -0.9903823733329773, -0.13437627255916595, 0.34342123576388855, 0.030600616708397865, 0.13338658213615417, -0.9905915260314941, 2.677338449685575, 0.0, 0.0, 0.0, 1.0, 4.2647, 0.0, 0.5, 0.0, 4.2647, 0.5, 0.0, 0.0, 1.0]], ["9_10.png", [0.9647172093391418, -0.24134719371795654, 0.10522494465112686, -0.2680916217384462, -0.23249201476573944, -0.9684489965438843, -0.08974488079547882, 0.23096992514261994, 0.12356466054916382, 0.062114473432302475, -0.9903905987739563, 2.676710626129254, 0.0, 0.0, 0.0, 1.0, 4.2647, 0.0, 0.5, 0.0, 4.2647, 0.5, 0.0, 0.0, 1.0]], ["9_10_mirror.png", [0.9647172093391418, 0.24134719371795654, -0.10522494465112686, 0.2680916217384462, 0.23249201476573944, -0.9684489965438843, -0.08974488079547882, 0.23096992514261994, -0.12356466054916382, 0.062114473432302475, -0.9903905987739563, 2.676710626129254, 0.0, 0.0, 0.0, 1.0, 4.2647, 0.0, 0.5, 0.0, 4.2647, 0.5, 0.0, 0.0, 1.0]], ["9_11.png", [0.9520174264907837, 0.08219941705465317, -0.29479843378067017, 0.7527869201888592, -0.00257854163646698, -0.9610669016838074, -0.27630388736724854, 0.702431748260664, -0.30603304505348206, 0.2638062536716461, -0.9147405028343201, 2.4959770615588677, 0.0, 0.0, 0.0, 1.0, 4.2647, 0.0, 0.5, 0.0, 4.2647, 0.5, 0.0, 0.0, 1.0]], ["9_11_mirror.png", [0.9520174264907837, -0.08219941705465317, 0.29479843378067017, -0.7527869201888592, 0.00257854163646698, -0.9610669016838074, -0.27630388736724854, 0.702431748260664, 0.30603304505348206, 0.2638062536716461, -0.9147405028343201, 2.4959770615588677, 0.0, 0.0, 0.0, 1.0, 4.2647, 0.0, 0.5, 0.0, 4.2647, 0.5, 0.0, 0.0, 1.0]], ["9_12.png", [0.986762523651123, 0.002722651930525899, 0.16214889287948608, -0.41552452239248694, 0.027299826964735985, -0.9883790612220764, -0.1495380848646164, 0.3857623145720852, 0.15985742211341858, 0.15198521316051483, -0.9753696918487549, 2.639796736104218, 0.0, 0.0, 0.0, 1.0, 4.2647, 0.0, 0.5, 0.0, 4.2647, 0.5, 0.0, 0.0, 1.0]], ["9_12_mirror.png", [0.986762523651123, -0.002722651930525899, -0.16214889287948608, 0.41552452239248694, -0.027299826964735985, -0.9883790612220764, -0.1495380848646164, 0.3857623145720852, -0.15985742211341858, 0.15198521316051483, -0.9753696918487549, 2.639796736104218, 0.0, 0.0, 0.0, 1.0, 4.2647, 0.0, 0.5, 0.0, 4.2647, 0.5, 0.0, 0.0, 1.0]], ["9_13.png", [0.9816131591796875, -0.0634751245379448, 0.1800178736448288, -0.4580349839182712, -0.043974295258522034, -0.9929224848747253, -0.11032310873270035, 0.2731235710962424, 0.18574656546115875, 0.10037846118211746, -0.9774570465087891, 2.6468108108473913, 0.0, 0.0, 0.0, 1.0, 4.2647, 0.0, 0.5, 0.0, 4.2647, 0.5, 0.0, 0.0, 1.0]], ["9_13_mirror.png", [0.9816131591796875, 0.0634751245379448, -0.1800178736448288, 0.4580349839182712, 0.043974295258522034, -0.9929224848747253, -0.11032310873270035, 0.2731235710962424, -0.18574656546115875, 0.10037846118211746, -0.9774570465087891, 2.6468108108473913, 0.0, 0.0, 0.0, 1.0, 4.2647, 0.0, 0.5, 0.0, 4.2647, 0.5, 0.0, 0.0, 1.0]], ["9_14.png", [0.9400481581687927, 0.07343795895576477, -0.33304110169410706, 0.8484229783527624, -0.008167155086994171, -0.9714128375053406, -0.2372562736272812, 0.6043595953952011, -0.34094399213790894, 0.2257523238658905, -0.9125750064849854, 2.490969275052741, 0.0, 0.0, 0.0, 1.0, 4.2647, 0.0, 0.5, 0.0, 4.2647, 0.5, 0.0, 0.0, 1.0]], ["9_14_mirror.png", [0.9400481581687927, -0.07343795895576477, 0.33304110169410706, -0.8484229783527624, 0.008167155086994171, -0.9714128375053406, -0.2372562736272812, 0.6043595953952011, 0.34094399213790894, 0.2257523238658905, -0.9125750064849854, 2.490969275052741, 0.0, 0.0, 0.0, 1.0, 4.2647, 0.0, 0.5, 0.0, 4.2647, 0.5, 0.0, 0.0, 1.0]], ["9_15.png", [0.937549889087677, 0.05041824281215668, -0.3441775143146515, 0.8756983003084229, 0.03673049807548523, -0.9982576370239258, -0.04617884382605553, 0.119148805217616, -0.3459060788154602, 0.03065316006541252, -0.937768280506134, 2.5512655779146463, 0.0, 0.0, 0.0, 1.0, 4.2647, 0.0, 0.5, 0.0, 4.2647, 0.5, 0.0, 0.0, 1.0]], ["9_15_mirror.png", [0.937549889087677, -0.05041824281215668, 0.3441775143146515, -0.8756983003084229, -0.03673049807548523, -0.9982576370239258, -0.04617884382605553, 0.119148805217616, 0.3459060788154602, 0.03065316006541252, -0.937768280506134, 2.5512655779146463, 0.0, 0.0, 0.0, 1.0, 4.2647, 0.0, 0.5, 0.0, 4.2647, 0.5, 0.0, 0.0, 1.0]], ["9_16.png", [0.9841464161872864, -0.010436673648655415, 0.17705072462558746, -0.4503929035403152, 0.00993326399475336, -0.9934567213058472, -0.11377625912427902, 0.2903290975410459, 0.1770796775817871, 0.11373119056224823, -0.9776031970977783, 2.646290847121972, 0.0, 0.0, 0.0, 1.0, 4.2647, 0.0, 0.5, 0.0, 4.2647, 0.5, 0.0, 0.0, 1.0]], ["9_16_mirror.png", [0.9841464161872864, 0.010436673648655415, -0.17705072462558746, 0.4503929035403152, -0.00993326399475336, -0.9934567213058472, -0.11377625912427902, 0.2903290975410459, -0.1770796775817871, 0.11373119056224823, -0.9776031970977783, 2.646290847121972, 0.0, 0.0, 0.0, 1.0, 4.2647, 0.0, 0.5, 0.0, 4.2647, 0.5, 0.0, 0.0, 1.0]], ["9_17.png", [0.9707121253013611, 0.048134803771972656, -0.23537401854991913, 0.5947261120605594, 0.03191543370485306, -0.9968763589859009, -0.07224141061306, 0.18439242830086008, -0.23811613023281097, 0.06261354684829712, -0.9692162871360779, 2.6272229224065935, 0.0, 0.0, 0.0, 1.0, 4.2647, 0.0, 0.5, 0.0, 4.2647, 0.5, 0.0, 0.0, 1.0]], ["9_17_mirror.png", [0.9707121253013611, -0.048134803771972656, 0.23537401854991913, -0.5947261120605594, -0.03191543370485306, -0.9968763589859009, -0.07224141061306, 0.18439242830086008, 0.23811613023281097, 0.06261354684829712, -0.9692162871360779, 2.6272229224065935, 0.0, 0.0, 0.0, 1.0, 4.2647, 0.0, 0.5, 0.0, 4.2647, 0.5, 0.0, 0.0, 1.0]], ["9_18.png", [0.9840075373649597, -0.007984491996467113, 0.17794807255268097, -0.4520430115590985, 0.014467633329331875, -0.9921118021011353, -0.12451817095279694, 0.3183952647620884, 0.17753860354423523, 0.12510129809379578, -0.976129949092865, 2.642779137778574, 0.0, 0.0, 0.0, 1.0, 4.2647, 0.0, 0.5, 0.0, 4.2647, 0.5, 0.0, 0.0, 1.0]], ["9_18_mirror.png", [0.9840075373649597, 0.007984491996467113, -0.17794807255268097, 0.4520430115590985, -0.014467633329331875, -0.9921118021011353, -0.12451817095279694, 0.3183952647620884, -0.17753860354423523, 0.12510129809379578, -0.976129949092865, 2.642779137778574, 0.0, 0.0, 0.0, 1.0, 4.2647, 0.0, 0.5, 0.0, 4.2647, 0.5, 0.0, 0.0, 1.0]], ["9_19.png", [0.9209146499633789, 0.05016234517097473, -0.3865227997303009, 0.9866833645975301, 0.03520502150058746, -0.9983353614807129, -0.04568431153893471, 0.11416553145235372, -0.3881710171699524, 0.02846381440758705, -0.9211477041244507, 2.5106616995235935, 0.0, 0.0, 0.0, 1.0, 4.2647, 0.0, 0.5, 0.0, 4.2647, 0.5, 0.0, 0.0, 1.0]], ["9_19_mirror.png", [0.9209146499633789, -0.05016234517097473, 0.3865227997303009, -0.9866833645975301, -0.03520502150058746, -0.9983353614807129, -0.04568431153893471, 0.11416553145235372, 0.3881710171699524, 0.02846381440758705, -0.9211477041244507, 2.5106616995235935, 0.0, 0.0, 0.0, 1.0, 4.2647, 0.0, 0.5, 0.0, 4.2647, 0.5, 0.0, 0.0, 1.0]], ["9_2.png", [0.9845682978630066, -0.008159805089235306, 0.17481066286563873, -0.44627342284858834, 0.012630973942577839, -0.9929935932159424, -0.11749106645584106, 0.3012153108298205, 0.1745445728302002, 0.1178859993815422, -0.9775669574737549, 2.6457719797028427, 0.0, 0.0, 0.0, 1.0, 4.2647, 0.0, 0.5, 0.0, 4.2647, 0.5, 0.0, 0.0, 1.0]], ["9_2_mirror.png", [0.9845682978630066, 0.008159805089235306, -0.17481066286563873, 0.44627342284858834, -0.012630973942577839, -0.9929935932159424, -0.11749106645584106, 0.3012153108298205, -0.1745445728302002, 0.1178859993815422, -0.9775669574737549, 2.6457719797028427, 0.0, 0.0, 0.0, 1.0, 4.2647, 0.0, 0.5, 0.0, 4.2647, 0.5, 0.0, 0.0, 1.0]], ["9_3.png", [0.9844747185707092, -0.01397600769996643, 0.17496919631958008, -0.4439205754204134, 0.005358568392693996, -0.9939673542976379, -0.10954539477825165, 0.2815799419267153, 0.17544467747211456, 0.10878226161003113, -0.9784608483314514, 2.6483291447671222, 0.0, 0.0, 0.0, 1.0, 4.2647, 0.0, 0.5, 0.0, 4.2647, 0.5, 0.0, 0.0, 1.0]], ["9_3_mirror.png", [0.9844747185707092, 0.01397600769996643, -0.17496919631958008, 0.4439205754204134, -0.005358568392693996, -0.9939673542976379, -0.10954539477825165, 0.2815799419267153, -0.17544467747211456, 0.10878226161003113, -0.9784608483314514, 2.6483291447671222, 0.0, 0.0, 0.0, 1.0, 4.2647, 0.0, 0.5, 0.0, 4.2647, 0.5, 0.0, 0.0, 1.0]], ["9_4.png", [0.9956137537956238, -0.04093614220619202, -0.08412698656320572, 0.2118972950401775, -0.05842236056923866, -0.9743579626083374, -0.21728643774986267, 0.5555988710520392, -0.07307492196559906, 0.22124828398227692, -0.9724758267402649, 2.6337064055889674, 0.0, 0.0, 0.0, 1.0, 4.2647, 0.0, 0.5, 0.0, 4.2647, 0.5, 0.0, 0.0, 1.0]], ["9_4_mirror.png", [0.9956137537956238, 0.04093614220619202, 0.08412698656320572, -0.2118972950401775, 0.05842236056923866, -0.9743579626083374, -0.21728643774986267, 0.5555988710520392, 0.07307492196559906, 0.22124828398227692, -0.9724758267402649, 2.6337064055889674, 0.0, 0.0, 0.0, 1.0, 4.2647, 0.0, 0.5, 0.0, 4.2647, 0.5, 0.0, 0.0, 1.0]], ["9_5.png", [0.9838352799415588, -0.0065334211103618145, 0.17895670235157013, -0.45584650466818016, 0.016047056764364243, -0.9920973181724548, -0.12444043904542923, 0.32170739580705665, 0.17835548520088196, 0.12530061602592468, -0.9759554862976074, 2.6417244965485795, 0.0, 0.0, 0.0, 1.0, 4.2647, 0.0, 0.5, 0.0, 4.2647, 0.5, 0.0, 0.0, 1.0]], ["9_5_mirror.png", [0.9838352799415588, 0.0065334211103618145, -0.17895670235157013, 0.45584650466818016, -0.016047056764364243, -0.9920973181724548, -0.12444043904542923, 0.32170739580705665, -0.17835548520088196, 0.12530061602592468, -0.9759554862976074, 2.6417244965485795, 0.0, 0.0, 0.0, 1.0, 4.2647, 0.0, 0.5, 0.0, 4.2647, 0.5, 0.0, 0.0, 1.0]], ["9_6.png", [0.983941912651062, 0.1208241805434227, 0.13137665390968323, -0.3324009586306653, 0.13308244943618774, -0.987110435962677, -0.08889392763376236, 0.22042493966950505, 0.1189427375793457, 0.10495038330554962, -0.9873389005661011, 2.6703787088488236, 0.0, 0.0, 0.0, 1.0, 4.2647, 0.0, 0.5, 0.0, 4.2647, 0.5, 0.0, 0.0, 1.0]], ["9_6_mirror.png", [0.983941912651062, -0.1208241805434227, -0.13137665390968323, 0.3324009586306653, -0.13308244943618774, -0.987110435962677, -0.08889392763376236, 0.22042493966950505, -0.1189427375793457, 0.10495038330554962, -0.9873389005661011, 2.6703787088488236, 0.0, 0.0, 0.0, 1.0, 4.2647, 0.0, 0.5, 0.0, 4.2647, 0.5, 0.0, 0.0, 1.0]], ["9_7.png", [0.988054096698761, 0.008578868582844734, 0.15386894345283508, -0.3926274700548183, 0.03321152925491333, -0.9868414402008057, -0.158243790268898, 0.40936571727999016, 0.15048669278621674, 0.1614636331796646, -0.975337564945221, 2.6397468399970085, 0.0, 0.0, 0.0, 1.0, 4.2647, 0.0, 0.5, 0.0, 4.2647, 0.5, 0.0, 0.0, 1.0]], ["9_7_mirror.png", [0.988054096698761, -0.008578868582844734, -0.15386894345283508, 0.3926274700548183, -0.03321152925491333, -0.9868414402008057, -0.158243790268898, 0.40936571727999016, -0.15048669278621674, 0.1614636331796646, -0.975337564945221, 2.6397468399970085, 0.0, 0.0, 0.0, 1.0, 4.2647, 0.0, 0.5, 0.0, 4.2647, 0.5, 0.0, 0.0, 1.0]], ["9_8.png", [0.9853097796440125, 0.12727493047714233, 0.11386708170175552, -0.2886061215262443, 0.13819658756256104, -0.985954225063324, -0.09378644078969955, 0.23475295616314776, 0.10033106803894043, 0.10814473778009415, -0.989059329032898, 2.6742471008099167, 0.0, 0.0, 0.0, 1.0, 4.2647, 0.0, 0.5, 0.0, 4.2647, 0.5, 0.0, 0.0, 1.0]], ["9_8_mirror.png", [0.9853097796440125, -0.12727493047714233, -0.11386708170175552, 0.2886061215262443, -0.13819658756256104, -0.985954225063324, -0.09378644078969955, 0.23475295616314776, -0.10033106803894043, 0.10814473778009415, -0.989059329032898, 2.6742471008099167, 0.0, 0.0, 0.0, 1.0, 4.2647, 0.0, 0.5, 0.0, 4.2647, 0.5, 0.0, 0.0, 1.0]], ["9_9.png", [0.9844955205917358, -0.004972703754901886, 0.1753392517566681, -0.4491938117383883, 0.018252190202474594, -0.991267740726471, -0.13059529662132263, 0.336172550920382, 0.17445756494998932, 0.1317708045244217, -0.9758079051971436, 2.6410628420209203, 0.0, 0.0, 0.0, 1.0, 4.2647, 0.0, 0.5, 0.0, 4.2647, 0.5, 0.0, 0.0, 1.0]], ["9_9_mirror.png", [0.9844955205917358, 0.004972703754901886, -0.1753392517566681, 0.4491938117383883, -0.018252190202474594, -0.991267740726471, -0.13059529662132263, 0.336172550920382, -0.17445756494998932, 0.1317708045244217, -0.9758079051971436, 2.6410628420209203, 0.0, 0.0, 0.0, 1.0, 4.2647, 0.0, 0.5, 0.0, 4.2647, 0.5, 0.0, 0.0, 1.0]]]}