{"labels": [["3_0.png", [0.9835472106933594, -0.03350043296813965, -0.17751775681972504, 0.44812726350982585, -0.06004487723112106, -0.9874100089073181, -0.14634205400943756, 0.3715703300841469, -0.17038027942180634, 0.1545933485031128, -0.9731760025024414, 2.636497192393793, 0.0, 0.0, 0.0, 1.0, 4.2647, 0.0, 0.5, 0.0, 4.2647, 0.5, 0.0, 0.0, 1.0]], ["3_0_mirror.png", [0.9835472106933594, 0.03350043296813965, 0.17751775681972504, -0.44812726350982585, 0.06004487723112106, -0.9874100089073181, -0.14634205400943756, 0.3715703300841469, 0.17038027942180634, 0.1545933485031128, -0.9731760025024414, 2.636497192393793, 0.0, 0.0, 0.0, 1.0, 4.2647, 0.0, 0.5, 0.0, 4.2647, 0.5, 0.0, 0.0, 1.0]], ["3_1.png", [0.9455613493919373, -0.20632098615169525, -0.2516849637031555, 0.6397368779801793, -0.1984470784664154, -0.978477954864502, 0.056565359234809875, -0.14828776839062197, -0.25793880224227905, -0.003539871424436569, -0.9661547541618347, 2.6189210497259943, 0.0, 0.0, 0.0, 1.0, 4.2647, 0.0, 0.5, 0.0, 4.2647, 0.5, 0.0, 0.0, 1.0]], ["3_1_mirror.png", [0.9455613493919373, 0.20632098615169525, 0.2516849637031555, -0.6397368779801793, 0.1984470784664154, -0.978477954864502, 0.056565359234809875, -0.14828776839062197, 0.25793880224227905, -0.003539871424436569, -0.9661547541618347, 2.6189210497259943, 0.0, 0.0, 0.0, 1.0, 4.2647, 0.0, 0.5, 0.0, 4.2647, 0.5, 0.0, 0.0, 1.0]], ["3_10.png", [0.982998788356781, -0.024031054228544235, -0.18203289806842804, 0.4609859345844094, -0.05451733618974686, -0.9848894476890564, -0.16437986493110657, 0.4121645297676073, -0.17533203959465027, 0.17150914669036865, -0.9694551825523376, 2.6282336974699922, 0.0, 0.0, 0.0, 1.0, 4.2647, 0.0, 0.5, 0.0, 4.2647, 0.5, 0.0, 0.0, 1.0]], ["3_10_mirror.png", [0.982998788356781, 0.024031054228544235, 0.18203289806842804, -0.4609859345844094, 0.05451733618974686, -0.9848894476890564, -0.16437986493110657, 0.4121645297676073, 0.17533203959465027, 0.17150914669036865, -0.9694551825523376, 2.6282336974699922, 0.0, 0.0, 0.0, 1.0, 4.2647, 0.0, 0.5, 0.0, 4.2647, 0.5, 0.0, 0.0, 1.0]], ["3_11.png", [0.9775322675704956, -0.08842034637928009, -0.19134357571601868, 0.49315833599621434, 0.0170685276389122, -0.8715788125991821, 0.48995813727378845, -1.24795150675418, -0.21009327471256256, -0.48221591114997864, -0.8504872918128967, 2.342949400313079, 0.0, 0.0, 0.0, 1.0, 4.2647, 0.0, 0.5, 0.0, 4.2647, 0.5, 0.0, 0.0, 1.0]], ["3_11_mirror.png", [0.9775322675704956, 0.08842034637928009, 0.19134357571601868, -0.49315833599621434, -0.0170685276389122, -0.8715788125991821, 0.48995813727378845, -1.24795150675418, 0.21009327471256256, -0.48221591114997864, -0.8504872918128967, 2.342949400313079, 0.0, 0.0, 0.0, 1.0, 4.2647, 0.0, 0.5, 0.0, 4.2647, 0.5, 0.0, 0.0, 1.0]], ["3_12.png", [0.8020386099815369, -0.15923981368541718, -0.5756533145904541, 1.4740802293439437, -0.14896222949028015, -0.9866781234741211, 0.06539522856473923, -0.17447560509680812, -0.5783980488777161, 0.03330110013484955, -0.815074622631073, 2.2553593373747365, 0.0, 0.0, 0.0, 1.0, 4.2647, 0.0, 0.5, 0.0, 4.2647, 0.5, 0.0, 0.0, 1.0]], ["3_12_mirror.png", [0.8020386099815369, 0.15923981368541718, 0.5756533145904541, -1.4740802293439437, 0.14896222949028015, -0.9866781234741211, 0.06539522856473923, -0.17447560509680812, 0.5783980488777161, 0.03330110013484955, -0.815074622631073, 2.2553593373747365, 0.0, 0.0, 0.0, 1.0, 4.2647, 0.0, 0.5, 0.0, 4.2647, 0.5, 0.0, 0.0, 1.0]], ["3_13.png", [0.8791477084159851, 0.14271022379398346, -0.45467913150787354, 1.1602474840610901, 0.07902196049690247, -0.9845547676086426, -0.1562289595603943, 0.3997627947926274, -0.46995195746421814, 0.10141868889331818, -0.8768463134765625, 2.4049980215437805, 0.0, 0.0, 0.0, 1.0, 4.2647, 0.0, 0.5, 0.0, 4.2647, 0.5, 0.0, 0.0, 1.0]], ["3_13_mirror.png", [0.8791477084159851, -0.14271022379398346, 0.45467913150787354, -1.1602474840610901, -0.07902196049690247, -0.9845547676086426, -0.1562289595603943, 0.3997627947926274, 0.46995195746421814, 0.10141868889331818, -0.8768463134765625, 2.4049980215437805, 0.0, 0.0, 0.0, 1.0, 4.2647, 0.0, 0.5, 0.0, 4.2647, 0.5, 0.0, 0.0, 1.0]], ["3_14.png", [0.9873701333999634, -0.04686500504612923, -0.15134023129940033, 0.38111142584289687, -0.0675574243068695, -0.9885912537574768, -0.13462279736995697, 0.3440672780504193, -0.14330454170703888, 0.14314667880535126, -0.979271650314331, 2.6507304256123385, 0.0, 0.0, 0.0, 1.0, 4.2647, 0.0, 0.5, 0.0, 4.2647, 0.5, 0.0, 0.0, 1.0]], ["3_14_mirror.png", [0.9873701333999634, 0.04686500504612923, 0.15134023129940033, -0.38111142584289687, 0.0675574243068695, -0.9885912537574768, -0.13462279736995697, 0.3440672780504193, 0.14330454170703888, 0.14314667880535126, -0.979271650314331, 2.6507304256123385, 0.0, 0.0, 0.0, 1.0, 4.2647, 0.0, 0.5, 0.0, 4.2647, 0.5, 0.0, 0.0, 1.0]], ["3_15.png", [0.8338746428489685, -0.050695326179265976, -0.5496208071708679, 1.3979822903987749, -0.04207563400268555, -0.998714029788971, 0.02828192338347435, -0.06939329047234967, -0.5503477454185486, -0.00045793503522872925, -0.8349353671073914, 2.308859044413239, 0.0, 0.0, 0.0, 1.0, 4.2647, 0.0, 0.5, 0.0, 4.2647, 0.5, 0.0, 0.0, 1.0]], ["3_15_mirror.png", [0.8338746428489685, 0.050695326179265976, 0.5496208071708679, -1.3979822903987749, 0.04207563400268555, -0.998714029788971, 0.02828192338347435, -0.06939329047234967, 0.5503477454185486, -0.00045793503522872925, -0.8349353671073914, 2.308859044413239, 0.0, 0.0, 0.0, 1.0, 4.2647, 0.0, 0.5, 0.0, 4.2647, 0.5, 0.0, 0.0, 1.0]], ["3_16.png", [0.9420661926269531, -0.21185682713985443, -0.26005396246910095, 0.6649308374617352, -0.1978418081998825, -0.9770250916481018, 0.07925031334161758, -0.2061232958212105, -0.2708689868450165, -0.02320949360728264, -0.9623363614082336, 2.6087123582933094, 0.0, 0.0, 0.0, 1.0, 4.2647, 0.0, 0.5, 0.0, 4.2647, 0.5, 0.0, 0.0, 1.0]], ["3_16_mirror.png", [0.9420661926269531, 0.21185682713985443, 0.26005396246910095, -0.6649308374617352, 0.1978418081998825, -0.9770250916481018, 0.07925031334161758, -0.2061232958212105, 0.2708689868450165, -0.02320949360728264, -0.9623363614082336, 2.6087123582933094, 0.0, 0.0, 0.0, 1.0, 4.2647, 0.0, 0.5, 0.0, 4.2647, 0.5, 0.0, 0.0, 1.0]], ["3_17.png", [0.8316848874092102, 0.22933566570281982, -0.5056731700897217, 1.2931722514421924, 0.16529826819896698, -0.9716877341270447, -0.1688176840543747, 0.4262069129284522, -0.5300723314285278, 0.0568162202835083, -0.8460468649864197, 2.331534515179205, 0.0, 0.0, 0.0, 1.0, 4.2647, 0.0, 0.5, 0.0, 4.2647, 0.5, 0.0, 0.0, 1.0]], ["3_17_mirror.png", [0.8316848874092102, -0.22933566570281982, 0.5056731700897217, -1.2931722514421924, -0.16529826819896698, -0.9716877341270447, -0.1688176840543747, 0.4262069129284522, 0.5300723314285278, 0.0568162202835083, -0.8460468649864197, 2.331534515179205, 0.0, 0.0, 0.0, 1.0, 4.2647, 0.0, 0.5, 0.0, 4.2647, 0.5, 0.0, 0.0, 1.0]], ["3_18.png", [0.9540945291519165, 0.008350935764610767, -0.2993890345096588, 0.7571890740628767, -0.005554734729230404, -0.9989458322525024, -0.045565713196992874, 0.11711723390942014, -0.2994539439678192, 0.04513702914118767, -0.9530424475669861, 2.5890052645062758, 0.0, 0.0, 0.0, 1.0, 4.2647, 0.0, 0.5, 0.0, 4.2647, 0.5, 0.0, 0.0, 1.0]], ["3_18_mirror.png", [0.9540945291519165, -0.008350935764610767, 0.2993890345096588, -0.7571890740628767, 0.005554734729230404, -0.9989458322525024, -0.045565713196992874, 0.11711723390942014, 0.2994539439678192, 0.04513702914118767, -0.9530424475669861, 2.5890052645062758, 0.0, 0.0, 0.0, 1.0, 4.2647, 0.0, 0.5, 0.0, 4.2647, 0.5, 0.0, 0.0, 1.0]], ["3_19.png", [0.9722574949264526, 0.09686096757650375, -0.2129162698984146, 0.5376933018678823, 0.0792224258184433, -0.992796003818512, -0.08988784998655319, 0.22512663074721276, -0.22008904814720154, 0.07052639126777649, -0.972926914691925, 2.636323939362313, 0.0, 0.0, 0.0, 1.0, 4.2647, 0.0, 0.5, 0.0, 4.2647, 0.5, 0.0, 0.0, 1.0]], ["3_19_mirror.png", [0.9722574949264526, -0.09686096757650375, 0.2129162698984146, -0.5376933018678823, -0.0792224258184433, -0.992796003818512, -0.08988784998655319, 0.22512663074721276, 0.22008904814720154, 0.07052639126777649, -0.972926914691925, 2.636323939362313, 0.0, 0.0, 0.0, 1.0, 4.2647, 0.0, 0.5, 0.0, 4.2647, 0.5, 0.0, 0.0, 1.0]], ["3_2.png", [0.8705772757530212, -0.09590581804513931, -0.48259437084198, 1.2220494606644965, -0.11002634465694427, -0.9939281940460205, -0.0009592738933861256, 0.002298395509574117, -0.4795721471309662, 0.053933221846818924, -0.8758434653282166, 2.4076108142861665, 0.0, 0.0, 0.0, 1.0, 4.2647, 0.0, 0.5, 0.0, 4.2647, 0.5, 0.0, 0.0, 1.0]], ["3_2_mirror.png", [0.8705772757530212, 0.09590581804513931, 0.48259437084198, -1.2220494606644965, 0.11002634465694427, -0.9939281940460205, -0.0009592738933861256, 0.002298395509574117, 0.4795721471309662, 0.053933221846818924, -0.8758434653282166, 2.4076108142861665, 0.0, 0.0, 0.0, 1.0, 4.2647, 0.0, 0.5, 0.0, 4.2647, 0.5, 0.0, 0.0, 1.0]], ["3_3.png", [0.822486400604248, 0.23415899276733398, -0.5183489918708801, 1.3219184486814883, 0.17116737365722656, -0.9709799289703369, -0.16703194379806519, 0.4212134036634397, -0.5424184799194336, 0.04865705966949463, -0.838698148727417, 2.31627090030717, 0.0, 0.0, 0.0, 1.0, 4.2647, 0.0, 0.5, 0.0, 4.2647, 0.5, 0.0, 0.0, 1.0]], ["3_3_mirror.png", [0.822486400604248, -0.23415899276733398, 0.5183489918708801, -1.3219184486814883, -0.17116737365722656, -0.9709799289703369, -0.16703194379806519, 0.4212134036634397, 0.5424184799194336, 0.04865705966949463, -0.838698148727417, 2.31627090030717, 0.0, 0.0, 0.0, 1.0, 4.2647, 0.0, 0.5, 0.0, 4.2647, 0.5, 0.0, 0.0, 1.0]], ["3_4.png", [0.9356650114059448, -0.23902617394924164, -0.2596104145050049, 0.6634530957161078, -0.29682159423828125, -0.9309583902359009, -0.21263451874256134, 0.5519567472629482, -0.1908612698316574, 0.2760126292705536, -0.9420132637023926, 2.558353716540311, 0.0, 0.0, 0.0, 1.0, 4.2647, 0.0, 0.5, 0.0, 4.2647, 0.5, 0.0, 0.0, 1.0]], ["3_4_mirror.png", [0.9356650114059448, 0.23902617394924164, 0.2596104145050049, -0.6634530957161078, 0.29682159423828125, -0.9309583902359009, -0.21263451874256134, 0.5519567472629482, 0.1908612698316574, 0.2760126292705536, -0.9420132637023926, 2.558353716540311, 0.0, 0.0, 0.0, 1.0, 4.2647, 0.0, 0.5, 0.0, 4.2647, 0.5, 0.0, 0.0, 1.0]], ["3_5.png", [0.9410853981971741, -0.21245108544826508, -0.26310235261917114, 0.6671877275450119, -0.20359916985034943, -0.9771649241447449, 0.0607958622276783, -0.15487587391340601, -0.27001050114631653, -0.0036466792225837708, -0.9628504514694214, 2.6116803020072887, 0.0, 0.0, 0.0, 1.0, 4.2647, 0.0, 0.5, 0.0, 4.2647, 0.5, 0.0, 0.0, 1.0]], ["3_5_mirror.png", [0.9410853981971741, 0.21245108544826508, 0.26310235261917114, -0.6671877275450119, 0.20359916985034943, -0.9771649241447449, 0.0607958622276783, -0.15487587391340601, 0.27001050114631653, -0.0036466792225837708, -0.9628504514694214, 2.6116803020072887, 0.0, 0.0, 0.0, 1.0, 4.2647, 0.0, 0.5, 0.0, 4.2647, 0.5, 0.0, 0.0, 1.0]], ["3_6.png", [0.9482475519180298, -0.034975722432136536, -0.3155999481678009, 0.7991256490597185, -0.0577368326485157, -0.9963383078575134, -0.06305816769599915, 0.15710108615724905, -0.3122388422489166, 0.0780164897441864, -0.9467947483062744, 2.5742411397814107, 0.0, 0.0, 0.0, 1.0, 4.2647, 0.0, 0.5, 0.0, 4.2647, 0.5, 0.0, 0.0, 1.0]], ["3_6_mirror.png", [0.9482475519180298, 0.034975722432136536, 0.3155999481678009, -0.7991256490597185, 0.0577368326485157, -0.9963383078575134, -0.06305816769599915, 0.15710108615724905, 0.3122388422489166, 0.0780164897441864, -0.9467947483062744, 2.5742411397814107, 0.0, 0.0, 0.0, 1.0, 4.2647, 0.0, 0.5, 0.0, 4.2647, 0.5, 0.0, 0.0, 1.0]], ["3_7.png", [0.9295098781585693, -0.22122912108898163, -0.2950746417045593, 0.7498940207171738, -0.21383385360240936, -0.9751743674278259, 0.05753219872713089, -0.146632371394195, -0.3004770278930664, 0.009620200842618942, -0.9537404775619507, 2.5896250511129884, 0.0, 0.0, 0.0, 1.0, 4.2647, 0.0, 0.5, 0.0, 4.2647, 0.5, 0.0, 0.0, 1.0]], ["3_7_mirror.png", [0.9295098781585693, 0.22122912108898163, 0.2950746417045593, -0.7498940207171738, 0.21383385360240936, -0.9751743674278259, 0.05753219872713089, -0.146632371394195, 0.3004770278930664, 0.009620200842618942, -0.9537404775619507, 2.5896250511129884, 0.0, 0.0, 0.0, 1.0, 4.2647, 0.0, 0.5, 0.0, 4.2647, 0.5, 0.0, 0.0, 1.0]], ["3_8.png", [0.9326759576797485, -0.24234671890735626, -0.2671772539615631, 0.6836785911961782, -0.2860329747200012, -0.9481644630432129, -0.1384531557559967, 0.36785716671915064, -0.2197743058204651, 0.20555342733860016, -0.9536493420600891, 2.58597461101871, 0.0, 0.0, 0.0, 1.0, 4.2647, 0.0, 0.5, 0.0, 4.2647, 0.5, 0.0, 0.0, 1.0]], ["3_8_mirror.png", [0.9326759576797485, 0.24234671890735626, 0.2671772539615631, -0.6836785911961782, 0.2860329747200012, -0.9481644630432129, -0.1384531557559967, 0.36785716671915064, 0.2197743058204651, 0.20555342733860016, -0.9536493420600891, 2.58597461101871, 0.0, 0.0, 0.0, 1.0, 4.2647, 0.0, 0.5, 0.0, 4.2647, 0.5, 0.0, 0.0, 1.0]], ["3_9.png", [0.9467259049415588, -0.19784609973430634, -0.25410032272338867, 0.6455114238222676, -0.19776713848114014, -0.9799007773399353, 0.02612469531595707, -0.06592889382134257, -0.2541617751121521, 0.02551976777613163, -0.9668249487876892, 2.6208716837484514, 0.0, 0.0, 0.0, 1.0, 4.2647, 0.0, 0.5, 0.0, 4.2647, 0.5, 0.0, 0.0, 1.0]], ["3_9_mirror.png", [0.9467259049415588, 0.19784609973430634, 0.25410032272338867, -0.6455114238222676, 0.19776713848114014, -0.9799007773399353, 0.02612469531595707, -0.06592889382134257, 0.2541617751121521, 0.02551976777613163, -0.9668249487876892, 2.6208716837484514, 0.0, 0.0, 0.0, 1.0, 4.2647, 0.0, 0.5, 0.0, 4.2647, 0.5, 0.0, 0.0, 1.0]]]}