{"labels": [["5_1.png", [0.9751394987106323, 0.012342575006186962, -0.22124771773815155, 0.5611691746056733, -0.012701294384896755, -0.9936928153038025, -0.11141476035118103, 0.28384945615977203, -0.22122740745544434, 0.11145506799221039, -0.9688323736190796, 2.6257415416811667, 0.0, 0.0, 0.0, 1.0, 4.2647, 0.0, 0.5, 0.0, 4.2647, 0.5, 0.0, 0.0, 1.0]], ["5_6.png", [0.9680784344673157, 0.02887018769979477, -0.24897918105125427, 0.6389046785935228, -0.013591887429356575, -0.9858360886573792, -0.16715972125530243, 0.43764796543034623, -0.2502785921096802, 0.16520781815052032, -0.9539743065834045, 2.586554671764351, 0.0, 0.0, 0.0, 1.0, 4.2647, 0.0, 0.5, 0.0, 4.2647, 0.5, 0.0, 0.0, 1.0]], ["5_18.png", [0.9606338739395142, 0.2090647667646408, -0.18296025693416595, 0.46195568028242734, 0.15792708098888397, -0.952746570110321, -0.25948604941368103, 0.6714833547683429, -0.22856414318084717, 0.22037670016288757, -0.9482576251029968, 2.574044881839447, 0.0, 0.0, 0.0, 1.0, 4.2647, 0.0, 0.5, 0.0, 4.2647, 0.5, 0.0, 0.0, 1.0]]]}