{"labels": [["7_0.png", [0.8216069340705872, -0.05976315587759018, 0.5669130682945251, -1.4600367261177918, -0.06537561118602753, -0.9978060722351074, -0.010440738871693611, 0.041070878540868584, 0.5662932395935059, -0.028484102338552475, -0.8237114548683167, 2.27081613992043, 0.0, 0.0, 0.0, 1.0, 4.2647, 0.0, 0.5, 0.0, 4.2647, 0.5, 0.0, 0.0, 1.0]], ["7_0_mirror.png", [0.8216069340705872, 0.05976315587759018, -0.5669130682945251, 1.4600367261177918, 0.06537561118602753, -0.9978060722351074, -0.010440738871693611, 0.041070878540868584, -0.5662932395935059, -0.028484102338552475, -0.8237114548683167, 2.27081613992043, 0.0, 0.0, 0.0, 1.0, 4.2647, 0.0, 0.5, 0.0, 4.2647, 0.5, 0.0, 0.0, 1.0]], ["7_1.png", [0.9655222296714783, 0.03838401660323143, 0.2574751675128937, -0.6589346768969603, 0.0559539869427681, -0.9965521693229675, -0.061260830610990524, 0.15305319964439495, 0.25423601269721985, 0.07355545461177826, -0.9643410444259644, 2.613882133850207, 0.0, 0.0, 0.0, 1.0, 4.2647, 0.0, 0.5, 0.0, 4.2647, 0.5, 0.0, 0.0, 1.0]], ["7_1_mirror.png", [0.9655222296714783, -0.03838401660323143, -0.2574751675128937, 0.6589346768969603, -0.0559539869427681, -0.9965521693229675, -0.061260830610990524, 0.15305319964439495, -0.25423601269721985, 0.07355545461177826, -0.9643410444259644, 2.613882133850207, 0.0, 0.0, 0.0, 1.0, 4.2647, 0.0, 0.5, 0.0, 4.2647, 0.5, 0.0, 0.0, 1.0]], ["7_10.png", [0.9862699508666992, -0.06109694764018059, -0.153423473238945, 0.3863346112864282, -0.08052662014961243, -0.9890342354774475, -0.12380125373601913, 0.31242879960824305, -0.14417718350887299, 0.13445612788200378, -0.9803746938705444, 2.6538903167421064, 0.0, 0.0, 0.0, 1.0, 4.2647, 0.0, 0.5, 0.0, 4.2647, 0.5, 0.0, 0.0, 1.0]], ["7_10_mirror.png", [0.9862699508666992, 0.06109694764018059, 0.153423473238945, -0.3863346112864282, 0.08052662014961243, -0.9890342354774475, -0.12380125373601913, 0.31242879960824305, 0.14417718350887299, 0.13445612788200378, -0.9803746938705444, 2.6538903167421064, 0.0, 0.0, 0.0, 1.0, 4.2647, 0.0, 0.5, 0.0, 4.2647, 0.5, 0.0, 0.0, 1.0]], ["7_11.png", [0.9818195104598999, 0.00664338655769825, 0.189700648188591, -0.4845005438828883, 0.021943606436252594, -0.9966592788696289, -0.078668512403965, 0.1962775309905589, 0.18854428827762604, 0.08140099793672562, -0.9786852598190308, 2.648911918846196, 0.0, 0.0, 0.0, 1.0, 4.2647, 0.0, 0.5, 0.0, 4.2647, 0.5, 0.0, 0.0, 1.0]], ["7_11_mirror.png", [0.9818195104598999, -0.00664338655769825, -0.189700648188591, 0.4845005438828883, -0.021943606436252594, -0.9966592788696289, -0.078668512403965, 0.1962775309905589, -0.18854428827762604, 0.08140099793672562, -0.9786852598190308, 2.648911918846196, 0.0, 0.0, 0.0, 1.0, 4.2647, 0.0, 0.5, 0.0, 4.2647, 0.5, 0.0, 0.0, 1.0]], ["7_12.png", [0.9829242825508118, 0.14091451466083527, 0.11833399534225464, -0.3008626728460915, 0.15215787291526794, -0.9840615391731262, -0.09203706681728363, 0.23539551417565666, 0.1034785732626915, 0.10847090929746628, -0.9886992573738098, 2.6728394272746514, 0.0, 0.0, 0.0, 1.0, 4.2647, 0.0, 0.5, 0.0, 4.2647, 0.5, 0.0, 0.0, 1.0]], ["7_12_mirror.png", [0.9829242825508118, -0.14091451466083527, -0.11833399534225464, 0.3008626728460915, -0.15215787291526794, -0.9840615391731262, -0.09203706681728363, 0.23539551417565666, -0.1034785732626915, 0.10847090929746628, -0.9886992573738098, 2.6728394272746514, 0.0, 0.0, 0.0, 1.0, 4.2647, 0.0, 0.5, 0.0, 4.2647, 0.5, 0.0, 0.0, 1.0]], ["7_13.png", [0.8946767449378967, -0.04709358140826225, 0.4442248046398163, -1.1332458485697796, -0.08203108608722687, -0.9948373436927795, 0.05974644050002098, -0.1471384699979508, 0.4391177296638489, -0.08989399671554565, -0.8939208984375, 2.4462428573929498, 0.0, 0.0, 0.0, 1.0, 4.2647, 0.0, 0.5, 0.0, 4.2647, 0.5, 0.0, 0.0, 1.0]], ["7_13_mirror.png", [0.8946767449378967, 0.04709358140826225, -0.4442248046398163, 1.1332458485697796, 0.08203108608722687, -0.9948373436927795, 0.05974644050002098, -0.1471384699979508, -0.4391177296638489, -0.08989399671554565, -0.8939208984375, 2.4462428573929498, 0.0, 0.0, 0.0, 1.0, 4.2647, 0.0, 0.5, 0.0, 4.2647, 0.5, 0.0, 0.0, 1.0]], ["7_14.png", [0.9557950496673584, 0.031181007623672485, -0.29237568378448486, 0.7409088365231958, 0.0197158120572567, -0.9989197254180908, -0.04207959026098251, 0.10126472333650434, -0.29337191581726074, 0.034455038607120514, -0.9553772807121277, 2.594378451916649, 0.0, 0.0, 0.0, 1.0, 4.2647, 0.0, 0.5, 0.0, 4.2647, 0.5, 0.0, 0.0, 1.0]], ["7_14_mirror.png", [0.9557950496673584, -0.031181007623672485, 0.29237568378448486, -0.7409088365231958, -0.0197158120572567, -0.9989197254180908, -0.04207959026098251, 0.10126472333650434, 0.29337191581726074, 0.034455038607120514, -0.9553772807121277, 2.594378451916649, 0.0, 0.0, 0.0, 1.0, 4.2647, 0.0, 0.5, 0.0, 4.2647, 0.5, 0.0, 0.0, 1.0]], ["7_15.png", [0.9722782969474792, -0.011549749411642551, -0.2335413098335266, 0.5928086623993402, -0.04044171795248985, -0.9920334815979004, -0.11930593848228455, 0.2979862049904804, -0.2303028553724289, 0.12544338405132294, -0.964999794960022, 2.6172088398558637, 0.0, 0.0, 0.0, 1.0, 4.2647, 0.0, 0.5, 0.0, 4.2647, 0.5, 0.0, 0.0, 1.0]], ["7_15_mirror.png", [0.9722782969474792, 0.011549749411642551, 0.2335413098335266, -0.5928086623993402, 0.04044171795248985, -0.9920334815979004, -0.11930593848228455, 0.2979862049904804, 0.2303028553724289, 0.12544338405132294, -0.964999794960022, 2.6172088398558637, 0.0, 0.0, 0.0, 1.0, 4.2647, 0.0, 0.5, 0.0, 4.2647, 0.5, 0.0, 0.0, 1.0]], ["7_16.png", [0.9930697083473206, 0.07709643989801407, 0.0887053981423378, -0.22748915024795907, 0.08515813946723938, -0.992202639579773, -0.09100551158189774, 0.2250106244192868, 0.0809975266456604, 0.09792879968881607, -0.9918918609619141, 2.680973499573971, 0.0, 0.0, 0.0, 1.0, 4.2647, 0.0, 0.5, 0.0, 4.2647, 0.5, 0.0, 0.0, 1.0]], ["7_16_mirror.png", [0.9930697083473206, -0.07709643989801407, -0.0887053981423378, 0.22748915024795907, -0.08515813946723938, -0.992202639579773, -0.09100551158189774, 0.2250106244192868, -0.0809975266456604, 0.09792879968881607, -0.9918918609619141, 2.680973499573971, 0.0, 0.0, 0.0, 1.0, 4.2647, 0.0, 0.5, 0.0, 4.2647, 0.5, 0.0, 0.0, 1.0]], ["7_17.png", [0.9612225890159607, 0.006820404902100563, -0.27568942308425903, 0.7004259071002592, -0.025774464011192322, -0.9930964112281799, -0.11443427205085754, 0.28415296392670275, -0.274566650390625, 0.11710254848003387, -0.9544109106063843, 2.5920379321596454, 0.0, 0.0, 0.0, 1.0, 4.2647, 0.0, 0.5, 0.0, 4.2647, 0.5, 0.0, 0.0, 1.0]], ["7_17_mirror.png", [0.9612225890159607, -0.006820404902100563, 0.27568942308425903, -0.7004259071002592, 0.025774464011192322, -0.9930964112281799, -0.11443427205085754, 0.28415296392670275, 0.274566650390625, 0.11710254848003387, -0.9544109106063843, 2.5920379321596454, 0.0, 0.0, 0.0, 1.0, 4.2647, 0.0, 0.5, 0.0, 4.2647, 0.5, 0.0, 0.0, 1.0]], ["7_18.png", [0.9514015316963196, 0.019392188638448715, 0.307341992855072, -0.7820990650813393, 0.06033727526664734, -0.9904100298881531, -0.12428745627403259, 0.31238719865286546, 0.30198436975479126, 0.13679145276546478, -0.9434476494789124, 2.565294386716018, 0.0, 0.0, 0.0, 1.0, 4.2647, 0.0, 0.5, 0.0, 4.2647, 0.5, 0.0, 0.0, 1.0]], ["7_18_mirror.png", [0.9514015316963196, -0.019392188638448715, -0.307341992855072, 0.7820990650813393, -0.06033727526664734, -0.9904100298881531, -0.12428745627403259, 0.31238719865286546, -0.30198436975479126, 0.13679145276546478, -0.9434476494789124, 2.565294386716018, 0.0, 0.0, 0.0, 1.0, 4.2647, 0.0, 0.5, 0.0, 4.2647, 0.5, 0.0, 0.0, 1.0]], ["7_19.png", [0.999634325504303, -0.019595570862293243, -0.018632492050528526, 0.04375113728200612, -0.020655984058976173, -0.9980716109275818, -0.05853468179702759, 0.1458075415965666, -0.01744953915476799, 0.05889815464615822, -0.9981114268302917, 2.6957051023433736, 0.0, 0.0, 0.0, 1.0, 4.2647, 0.0, 0.5, 0.0, 4.2647, 0.5, 0.0, 0.0, 1.0]], ["7_19_mirror.png", [0.999634325504303, 0.019595570862293243, 0.018632492050528526, -0.04375113728200612, 0.020655984058976173, -0.9980716109275818, -0.05853468179702759, 0.1458075415965666, 0.01744953915476799, 0.05889815464615822, -0.9981114268302917, 2.6957051023433736, 0.0, 0.0, 0.0, 1.0, 4.2647, 0.0, 0.5, 0.0, 4.2647, 0.5, 0.0, 0.0, 1.0]], ["7_2.png", [0.9844962954521179, -0.08012807369232178, 0.15603391826152802, -0.40107605079936237, -0.05555363744497299, -0.9862046837806702, -0.15592974424362183, 0.394058206470138, 0.16637572646141052, 0.14484399557113647, -0.9753662943840027, 2.6408059624646274, 0.0, 0.0, 0.0, 1.0, 4.2647, 0.0, 0.5, 0.0, 4.2647, 0.5, 0.0, 0.0, 1.0]], ["7_2_mirror.png", [0.9844962954521179, 0.08012807369232178, -0.15603391826152802, 0.40107605079936237, 0.05555363744497299, -0.9862046837806702, -0.15592974424362183, 0.394058206470138, -0.16637572646141052, 0.14484399557113647, -0.9753662943840027, 2.6408059624646274, 0.0, 0.0, 0.0, 1.0, 4.2647, 0.0, 0.5, 0.0, 4.2647, 0.5, 0.0, 0.0, 1.0]], ["7_3.png", [0.9805195927619934, 0.048564132302999496, 0.19032271206378937, -0.4878749542150014, 0.052947282791137695, -0.998434841632843, -0.01801007054746151, 0.04470124404151512, 0.18915019929409027, 0.027736296877264977, -0.9815564155578613, 2.6551798108284217, 0.0, 0.0, 0.0, 1.0, 4.2647, 0.0, 0.5, 0.0, 4.2647, 0.5, 0.0, 0.0, 1.0]], ["7_3_mirror.png", [0.9805195927619934, -0.048564132302999496, -0.19032271206378937, 0.4878749542150014, -0.052947282791137695, -0.998434841632843, -0.01801007054746151, 0.04470124404151512, -0.18915019929409027, 0.027736296877264977, -0.9815564155578613, 2.6551798108284217, 0.0, 0.0, 0.0, 1.0, 4.2647, 0.0, 0.5, 0.0, 4.2647, 0.5, 0.0, 0.0, 1.0]], ["7_4.png", [0.9969249367713928, 0.062202900648117065, -0.047659602016210556, 0.12059835172511682, 0.051677506417036057, -0.9790685772895813, -0.19686084985733032, 0.4963280928002084, -0.05890733003616333, 0.19379256665706635, -0.9792723655700684, 2.651247717935556, 0.0, 0.0, 0.0, 1.0, 4.2647, 0.0, 0.5, 0.0, 4.2647, 0.5, 0.0, 0.0, 1.0]], ["7_4_mirror.png", [0.9969249367713928, -0.062202900648117065, 0.047659602016210556, -0.12059835172511682, -0.051677506417036057, -0.9790685772895813, -0.19686084985733032, 0.4963280928002084, 0.05890733003616333, 0.19379256665706635, -0.9792723655700684, 2.651247717935556, 0.0, 0.0, 0.0, 1.0, 4.2647, 0.0, 0.5, 0.0, 4.2647, 0.5, 0.0, 0.0, 1.0]], ["7_5.png", [0.9749965667724609, -0.12251773476600647, 0.18539434671401978, -0.4723400684020403, -0.08667812496423721, -0.9778755307197571, -0.19038455188274384, 0.4898569152328471, 0.20461806654930115, 0.16955465078353882, -0.964044988155365, 2.6128404203817186, 0.0, 0.0, 0.0, 1.0, 4.2647, 0.0, 0.5, 0.0, 4.2647, 0.5, 0.0, 0.0, 1.0]], ["7_5_mirror.png", [0.9749965667724609, 0.12251773476600647, -0.18539434671401978, 0.4723400684020403, 0.08667812496423721, -0.9778755307197571, -0.19038455188274384, 0.4898569152328471, -0.20461806654930115, 0.16955465078353882, -0.964044988155365, 2.6128404203817186, 0.0, 0.0, 0.0, 1.0, 4.2647, 0.0, 0.5, 0.0, 4.2647, 0.5, 0.0, 0.0, 1.0]], ["7_6.png", [0.8840566873550415, 0.047225650399923325, 0.46498754620552063, -1.1923553810759056, 0.0033288560807704926, -0.9954929351806641, 0.09477654099464417, -0.23989099274909123, 0.4673677384853363, -0.08223995566368103, -0.8802294731140137, 2.410547854081555, 0.0, 0.0, 0.0, 1.0, 4.2647, 0.0, 0.5, 0.0, 4.2647, 0.5, 0.0, 0.0, 1.0]], ["7_6_mirror.png", [0.8840566873550415, -0.047225650399923325, -0.46498754620552063, 1.1923553810759056, -0.0033288560807704926, -0.9954929351806641, 0.09477654099464417, -0.23989099274909123, -0.4673677384853363, -0.08223995566368103, -0.8802294731140137, 2.410547854081555, 0.0, 0.0, 0.0, 1.0, 4.2647, 0.0, 0.5, 0.0, 4.2647, 0.5, 0.0, 0.0, 1.0]], ["7_7.png", [0.891944408416748, 0.07728035748004913, 0.445491760969162, -1.14640370508017, 0.10138364136219025, -0.9943801164627075, -0.030488820746541023, 0.08128986402421477, 0.4406319856643677, 0.07235991954803467, -0.8947667479515076, 2.4431845003980732, 0.0, 0.0, 0.0, 1.0, 4.2647, 0.0, 0.5, 0.0, 4.2647, 0.5, 0.0, 0.0, 1.0]], ["7_7_mirror.png", [0.891944408416748, -0.07728035748004913, -0.445491760969162, 1.14640370508017, -0.10138364136219025, -0.9943801164627075, -0.030488820746541023, 0.08128986402421477, -0.4406319856643677, 0.07235991954803467, -0.8947667479515076, 2.4431845003980732, 0.0, 0.0, 0.0, 1.0, 4.2647, 0.0, 0.5, 0.0, 4.2647, 0.5, 0.0, 0.0, 1.0]], ["7_8.png", [0.9346812963485718, 0.0023300652392208576, 0.35547906160354614, -0.9084140333848383, 0.04208482429385185, -0.9936714768409729, -0.10414278507232666, 0.26501627032898295, 0.35298675298690796, 0.11230059713125229, -0.9288642406463623, 2.528744811247352, 0.0, 0.0, 0.0, 1.0, 4.2647, 0.0, 0.5, 0.0, 4.2647, 0.5, 0.0, 0.0, 1.0]], ["7_8_mirror.png", [0.9346812963485718, -0.0023300652392208576, -0.35547906160354614, 0.9084140333848383, -0.04208482429385185, -0.9936714768409729, -0.10414278507232666, 0.26501627032898295, -0.35298675298690796, 0.11230059713125229, -0.9288642406463623, 2.528744811247352, 0.0, 0.0, 0.0, 1.0, 4.2647, 0.0, 0.5, 0.0, 4.2647, 0.5, 0.0, 0.0, 1.0]], ["7_9.png", [0.9166714549064636, -0.04126129671931267, 0.39750587940216064, -1.0152073906616992, -0.03312596306204796, -0.9990779161453247, -0.02731437236070633, 0.07155329705705421, 0.39826637506484985, 0.01187054067850113, -0.9171929955482483, 2.500846672554343, 0.0, 0.0, 0.0, 1.0, 4.2647, 0.0, 0.5, 0.0, 4.2647, 0.5, 0.0, 0.0, 1.0]], ["7_9_mirror.png", [0.9166714549064636, 0.04126129671931267, -0.39750587940216064, 1.0152073906616992, 0.03312596306204796, -0.9990779161453247, -0.02731437236070633, 0.07155329705705421, -0.39826637506484985, 0.01187054067850113, -0.9171929955482483, 2.500846672554343, 0.0, 0.0, 0.0, 1.0, 4.2647, 0.0, 0.5, 0.0, 4.2647, 0.5, 0.0, 0.0, 1.0]], ["7_0.png", [0.8216069340705872, -0.05976315587759018, 0.5669130682945251, -1.4600367261177918, -0.06537561118602753, -0.9978060722351074, -0.010440738871693611, 0.041070878540868584, 0.5662932395935059, -0.028484102338552475, -0.8237114548683167, 2.27081613992043, 0.0, 0.0, 0.0, 1.0, 4.2647, 0.0, 0.5, 0.0, 4.2647, 0.5, 0.0, 0.0, 1.0]], ["7_0_mirror.png", [0.8216069340705872, 0.05976315587759018, -0.5669130682945251, 1.4600367261177918, 0.06537561118602753, -0.9978060722351074, -0.010440738871693611, 0.041070878540868584, -0.5662932395935059, -0.028484102338552475, -0.8237114548683167, 2.27081613992043, 0.0, 0.0, 0.0, 1.0, 4.2647, 0.0, 0.5, 0.0, 4.2647, 0.5, 0.0, 0.0, 1.0]], ["7_1.png", [0.9655222296714783, 0.03838401660323143, 0.2574751675128937, -0.6589346768969603, 0.0559539869427681, -0.9965521693229675, -0.061260830610990524, 0.15305319964439495, 0.25423601269721985, 0.07355545461177826, -0.9643410444259644, 2.613882133850207, 0.0, 0.0, 0.0, 1.0, 4.2647, 0.0, 0.5, 0.0, 4.2647, 0.5, 0.0, 0.0, 1.0]], ["7_1_mirror.png", [0.9655222296714783, -0.03838401660323143, -0.2574751675128937, 0.6589346768969603, -0.0559539869427681, -0.9965521693229675, -0.061260830610990524, 0.15305319964439495, -0.25423601269721985, 0.07355545461177826, -0.9643410444259644, 2.613882133850207, 0.0, 0.0, 0.0, 1.0, 4.2647, 0.0, 0.5, 0.0, 4.2647, 0.5, 0.0, 0.0, 1.0]], ["7_10.png", [0.9862699508666992, -0.06109694764018059, -0.153423473238945, 0.3863346112864282, -0.08052662014961243, -0.9890342354774475, -0.12380125373601913, 0.31242879960824305, -0.14417718350887299, 0.13445612788200378, -0.9803746938705444, 2.6538903167421064, 0.0, 0.0, 0.0, 1.0, 4.2647, 0.0, 0.5, 0.0, 4.2647, 0.5, 0.0, 0.0, 1.0]], ["7_10_mirror.png", [0.9862699508666992, 0.06109694764018059, 0.153423473238945, -0.3863346112864282, 0.08052662014961243, -0.9890342354774475, -0.12380125373601913, 0.31242879960824305, 0.14417718350887299, 0.13445612788200378, -0.9803746938705444, 2.6538903167421064, 0.0, 0.0, 0.0, 1.0, 4.2647, 0.0, 0.5, 0.0, 4.2647, 0.5, 0.0, 0.0, 1.0]], ["7_11.png", [0.9818195104598999, 0.00664338655769825, 0.189700648188591, -0.4845005438828883, 0.021943606436252594, -0.9966592788696289, -0.078668512403965, 0.1962775309905589, 0.18854428827762604, 0.08140099793672562, -0.9786852598190308, 2.648911918846196, 0.0, 0.0, 0.0, 1.0, 4.2647, 0.0, 0.5, 0.0, 4.2647, 0.5, 0.0, 0.0, 1.0]], ["7_11_mirror.png", [0.9818195104598999, -0.00664338655769825, -0.189700648188591, 0.4845005438828883, -0.021943606436252594, -0.9966592788696289, -0.078668512403965, 0.1962775309905589, -0.18854428827762604, 0.08140099793672562, -0.9786852598190308, 2.648911918846196, 0.0, 0.0, 0.0, 1.0, 4.2647, 0.0, 0.5, 0.0, 4.2647, 0.5, 0.0, 0.0, 1.0]], ["7_12.png", [0.9829242825508118, 0.14091451466083527, 0.11833399534225464, -0.3008626728460915, 0.15215787291526794, -0.9840615391731262, -0.09203706681728363, 0.23539551417565666, 0.1034785732626915, 0.10847090929746628, -0.9886992573738098, 2.6728394272746514, 0.0, 0.0, 0.0, 1.0, 4.2647, 0.0, 0.5, 0.0, 4.2647, 0.5, 0.0, 0.0, 1.0]], ["7_12_mirror.png", [0.9829242825508118, -0.14091451466083527, -0.11833399534225464, 0.3008626728460915, -0.15215787291526794, -0.9840615391731262, -0.09203706681728363, 0.23539551417565666, -0.1034785732626915, 0.10847090929746628, -0.9886992573738098, 2.6728394272746514, 0.0, 0.0, 0.0, 1.0, 4.2647, 0.0, 0.5, 0.0, 4.2647, 0.5, 0.0, 0.0, 1.0]], ["7_13.png", [0.8946767449378967, -0.04709358140826225, 0.4442248046398163, -1.1332458485697796, -0.08203108608722687, -0.9948373436927795, 0.05974644050002098, -0.1471384699979508, 0.4391177296638489, -0.08989399671554565, -0.8939208984375, 2.4462428573929498, 0.0, 0.0, 0.0, 1.0, 4.2647, 0.0, 0.5, 0.0, 4.2647, 0.5, 0.0, 0.0, 1.0]], ["7_13_mirror.png", [0.8946767449378967, 0.04709358140826225, -0.4442248046398163, 1.1332458485697796, 0.08203108608722687, -0.9948373436927795, 0.05974644050002098, -0.1471384699979508, -0.4391177296638489, -0.08989399671554565, -0.8939208984375, 2.4462428573929498, 0.0, 0.0, 0.0, 1.0, 4.2647, 0.0, 0.5, 0.0, 4.2647, 0.5, 0.0, 0.0, 1.0]], ["7_14.png", [0.9557950496673584, 0.031181007623672485, -0.29237568378448486, 0.7409088365231958, 0.0197158120572567, -0.9989197254180908, -0.04207959026098251, 0.10126472333650434, -0.29337191581726074, 0.034455038607120514, -0.9553772807121277, 2.594378451916649, 0.0, 0.0, 0.0, 1.0, 4.2647, 0.0, 0.5, 0.0, 4.2647, 0.5, 0.0, 0.0, 1.0]], ["7_14_mirror.png", [0.9557950496673584, -0.031181007623672485, 0.29237568378448486, -0.7409088365231958, -0.0197158120572567, -0.9989197254180908, -0.04207959026098251, 0.10126472333650434, 0.29337191581726074, 0.034455038607120514, -0.9553772807121277, 2.594378451916649, 0.0, 0.0, 0.0, 1.0, 4.2647, 0.0, 0.5, 0.0, 4.2647, 0.5, 0.0, 0.0, 1.0]], ["7_15.png", [0.9722782969474792, -0.011549749411642551, -0.2335413098335266, 0.5928086623993402, -0.04044171795248985, -0.9920334815979004, -0.11930593848228455, 0.2979862049904804, -0.2303028553724289, 0.12544338405132294, -0.964999794960022, 2.6172088398558637, 0.0, 0.0, 0.0, 1.0, 4.2647, 0.0, 0.5, 0.0, 4.2647, 0.5, 0.0, 0.0, 1.0]], ["7_15_mirror.png", [0.9722782969474792, 0.011549749411642551, 0.2335413098335266, -0.5928086623993402, 0.04044171795248985, -0.9920334815979004, -0.11930593848228455, 0.2979862049904804, 0.2303028553724289, 0.12544338405132294, -0.964999794960022, 2.6172088398558637, 0.0, 0.0, 0.0, 1.0, 4.2647, 0.0, 0.5, 0.0, 4.2647, 0.5, 0.0, 0.0, 1.0]], ["7_16.png", [0.9930697083473206, 0.07709643989801407, 0.0887053981423378, -0.22748915024795907, 0.08515813946723938, -0.992202639579773, -0.09100551158189774, 0.2250106244192868, 0.0809975266456604, 0.09792879968881607, -0.9918918609619141, 2.680973499573971, 0.0, 0.0, 0.0, 1.0, 4.2647, 0.0, 0.5, 0.0, 4.2647, 0.5, 0.0, 0.0, 1.0]], ["7_16_mirror.png", [0.9930697083473206, -0.07709643989801407, -0.0887053981423378, 0.22748915024795907, -0.08515813946723938, -0.992202639579773, -0.09100551158189774, 0.2250106244192868, -0.0809975266456604, 0.09792879968881607, -0.9918918609619141, 2.680973499573971, 0.0, 0.0, 0.0, 1.0, 4.2647, 0.0, 0.5, 0.0, 4.2647, 0.5, 0.0, 0.0, 1.0]], ["7_17.png", [0.9612225890159607, 0.006820404902100563, -0.27568942308425903, 0.7004259071002592, -0.025774464011192322, -0.9930964112281799, -0.11443427205085754, 0.28415296392670275, -0.274566650390625, 0.11710254848003387, -0.9544109106063843, 2.5920379321596454, 0.0, 0.0, 0.0, 1.0, 4.2647, 0.0, 0.5, 0.0, 4.2647, 0.5, 0.0, 0.0, 1.0]], ["7_17_mirror.png", [0.9612225890159607, -0.006820404902100563, 0.27568942308425903, -0.7004259071002592, 0.025774464011192322, -0.9930964112281799, -0.11443427205085754, 0.28415296392670275, 0.274566650390625, 0.11710254848003387, -0.9544109106063843, 2.5920379321596454, 0.0, 0.0, 0.0, 1.0, 4.2647, 0.0, 0.5, 0.0, 4.2647, 0.5, 0.0, 0.0, 1.0]], ["7_18.png", [0.9514015316963196, 0.019392188638448715, 0.307341992855072, -0.7820990650813393, 0.06033727526664734, -0.9904100298881531, -0.12428745627403259, 0.31238719865286546, 0.30198436975479126, 0.13679145276546478, -0.9434476494789124, 2.565294386716018, 0.0, 0.0, 0.0, 1.0, 4.2647, 0.0, 0.5, 0.0, 4.2647, 0.5, 0.0, 0.0, 1.0]], ["7_18_mirror.png", [0.9514015316963196, -0.019392188638448715, -0.307341992855072, 0.7820990650813393, -0.06033727526664734, -0.9904100298881531, -0.12428745627403259, 0.31238719865286546, -0.30198436975479126, 0.13679145276546478, -0.9434476494789124, 2.565294386716018, 0.0, 0.0, 0.0, 1.0, 4.2647, 0.0, 0.5, 0.0, 4.2647, 0.5, 0.0, 0.0, 1.0]], ["7_19.png", [0.999634325504303, -0.019595570862293243, -0.018632492050528526, 0.04375113728200612, -0.020655984058976173, -0.9980716109275818, -0.05853468179702759, 0.1458075415965666, -0.01744953915476799, 0.05889815464615822, -0.9981114268302917, 2.6957051023433736, 0.0, 0.0, 0.0, 1.0, 4.2647, 0.0, 0.5, 0.0, 4.2647, 0.5, 0.0, 0.0, 1.0]], ["7_19_mirror.png", [0.999634325504303, 0.019595570862293243, 0.018632492050528526, -0.04375113728200612, 0.020655984058976173, -0.9980716109275818, -0.05853468179702759, 0.1458075415965666, 0.01744953915476799, 0.05889815464615822, -0.9981114268302917, 2.6957051023433736, 0.0, 0.0, 0.0, 1.0, 4.2647, 0.0, 0.5, 0.0, 4.2647, 0.5, 0.0, 0.0, 1.0]], ["7_2.png", [0.9844962954521179, -0.08012807369232178, 0.15603391826152802, -0.40107605079936237, -0.05555363744497299, -0.9862046837806702, -0.15592974424362183, 0.394058206470138, 0.16637572646141052, 0.14484399557113647, -0.9753662943840027, 2.6408059624646274, 0.0, 0.0, 0.0, 1.0, 4.2647, 0.0, 0.5, 0.0, 4.2647, 0.5, 0.0, 0.0, 1.0]], ["7_2_mirror.png", [0.9844962954521179, 0.08012807369232178, -0.15603391826152802, 0.40107605079936237, 0.05555363744497299, -0.9862046837806702, -0.15592974424362183, 0.394058206470138, -0.16637572646141052, 0.14484399557113647, -0.9753662943840027, 2.6408059624646274, 0.0, 0.0, 0.0, 1.0, 4.2647, 0.0, 0.5, 0.0, 4.2647, 0.5, 0.0, 0.0, 1.0]], ["7_3.png", [0.9805195927619934, 0.048564132302999496, 0.19032271206378937, -0.4878749542150014, 0.052947282791137695, -0.998434841632843, -0.01801007054746151, 0.04470124404151512, 0.18915019929409027, 0.027736296877264977, -0.9815564155578613, 2.6551798108284217, 0.0, 0.0, 0.0, 1.0, 4.2647, 0.0, 0.5, 0.0, 4.2647, 0.5, 0.0, 0.0, 1.0]], ["7_3_mirror.png", [0.9805195927619934, -0.048564132302999496, -0.19032271206378937, 0.4878749542150014, -0.052947282791137695, -0.998434841632843, -0.01801007054746151, 0.04470124404151512, -0.18915019929409027, 0.027736296877264977, -0.9815564155578613, 2.6551798108284217, 0.0, 0.0, 0.0, 1.0, 4.2647, 0.0, 0.5, 0.0, 4.2647, 0.5, 0.0, 0.0, 1.0]], ["7_4.png", [0.9969249367713928, 0.062202900648117065, -0.047659602016210556, 0.12059835172511682, 0.051677506417036057, -0.9790685772895813, -0.19686084985733032, 0.4963280928002084, -0.05890733003616333, 0.19379256665706635, -0.9792723655700684, 2.651247717935556, 0.0, 0.0, 0.0, 1.0, 4.2647, 0.0, 0.5, 0.0, 4.2647, 0.5, 0.0, 0.0, 1.0]], ["7_4_mirror.png", [0.9969249367713928, -0.062202900648117065, 0.047659602016210556, -0.12059835172511682, -0.051677506417036057, -0.9790685772895813, -0.19686084985733032, 0.4963280928002084, 0.05890733003616333, 0.19379256665706635, -0.9792723655700684, 2.651247717935556, 0.0, 0.0, 0.0, 1.0, 4.2647, 0.0, 0.5, 0.0, 4.2647, 0.5, 0.0, 0.0, 1.0]], ["7_5.png", [0.9749965667724609, -0.12251773476600647, 0.18539434671401978, -0.4723400684020403, -0.08667812496423721, -0.9778755307197571, -0.19038455188274384, 0.4898569152328471, 0.20461806654930115, 0.16955465078353882, -0.964044988155365, 2.6128404203817186, 0.0, 0.0, 0.0, 1.0, 4.2647, 0.0, 0.5, 0.0, 4.2647, 0.5, 0.0, 0.0, 1.0]], ["7_5_mirror.png", [0.9749965667724609, 0.12251773476600647, -0.18539434671401978, 0.4723400684020403, 0.08667812496423721, -0.9778755307197571, -0.19038455188274384, 0.4898569152328471, -0.20461806654930115, 0.16955465078353882, -0.964044988155365, 2.6128404203817186, 0.0, 0.0, 0.0, 1.0, 4.2647, 0.0, 0.5, 0.0, 4.2647, 0.5, 0.0, 0.0, 1.0]], ["7_6.png", [0.8840566873550415, 0.047225650399923325, 0.46498754620552063, -1.1923553810759056, 0.0033288560807704926, -0.9954929351806641, 0.09477654099464417, -0.23989099274909123, 0.4673677384853363, -0.08223995566368103, -0.8802294731140137, 2.410547854081555, 0.0, 0.0, 0.0, 1.0, 4.2647, 0.0, 0.5, 0.0, 4.2647, 0.5, 0.0, 0.0, 1.0]], ["7_6_mirror.png", [0.8840566873550415, -0.047225650399923325, -0.46498754620552063, 1.1923553810759056, -0.0033288560807704926, -0.9954929351806641, 0.09477654099464417, -0.23989099274909123, -0.4673677384853363, -0.08223995566368103, -0.8802294731140137, 2.410547854081555, 0.0, 0.0, 0.0, 1.0, 4.2647, 0.0, 0.5, 0.0, 4.2647, 0.5, 0.0, 0.0, 1.0]], ["7_7.png", [0.891944408416748, 0.07728035748004913, 0.445491760969162, -1.14640370508017, 0.10138364136219025, -0.9943801164627075, -0.030488820746541023, 0.08128986402421477, 0.4406319856643677, 0.07235991954803467, -0.8947667479515076, 2.4431845003980732, 0.0, 0.0, 0.0, 1.0, 4.2647, 0.0, 0.5, 0.0, 4.2647, 0.5, 0.0, 0.0, 1.0]], ["7_7_mirror.png", [0.891944408416748, -0.07728035748004913, -0.445491760969162, 1.14640370508017, -0.10138364136219025, -0.9943801164627075, -0.030488820746541023, 0.08128986402421477, -0.4406319856643677, 0.07235991954803467, -0.8947667479515076, 2.4431845003980732, 0.0, 0.0, 0.0, 1.0, 4.2647, 0.0, 0.5, 0.0, 4.2647, 0.5, 0.0, 0.0, 1.0]], ["7_8.png", [0.9346812963485718, 0.0023300652392208576, 0.35547906160354614, -0.9084140333848383, 0.04208482429385185, -0.9936714768409729, -0.10414278507232666, 0.26501627032898295, 0.35298675298690796, 0.11230059713125229, -0.9288642406463623, 2.528744811247352, 0.0, 0.0, 0.0, 1.0, 4.2647, 0.0, 0.5, 0.0, 4.2647, 0.5, 0.0, 0.0, 1.0]], ["7_8_mirror.png", [0.9346812963485718, -0.0023300652392208576, -0.35547906160354614, 0.9084140333848383, -0.04208482429385185, -0.9936714768409729, -0.10414278507232666, 0.26501627032898295, -0.35298675298690796, 0.11230059713125229, -0.9288642406463623, 2.528744811247352, 0.0, 0.0, 0.0, 1.0, 4.2647, 0.0, 0.5, 0.0, 4.2647, 0.5, 0.0, 0.0, 1.0]], ["7_9.png", [0.9166714549064636, -0.04126129671931267, 0.39750587940216064, -1.0152073906616992, -0.03312596306204796, -0.9990779161453247, -0.02731437236070633, 0.07155329705705421, 0.39826637506484985, 0.01187054067850113, -0.9171929955482483, 2.500846672554343, 0.0, 0.0, 0.0, 1.0, 4.2647, 0.0, 0.5, 0.0, 4.2647, 0.5, 0.0, 0.0, 1.0]], ["7_9_mirror.png", [0.9166714549064636, 0.04126129671931267, -0.39750587940216064, 1.0152073906616992, 0.03312596306204796, -0.9990779161453247, -0.02731437236070633, 0.07155329705705421, -0.39826637506484985, 0.01187054067850113, -0.9171929955482483, 2.500846672554343, 0.0, 0.0, 0.0, 1.0, 4.2647, 0.0, 0.5, 0.0, 4.2647, 0.5, 0.0, 0.0, 1.0]], ["7_0.png", [0.8216069340705872, -0.05976315587759018, 0.5669130682945251, -1.4600367261177918, -0.06537561118602753, -0.9978060722351074, -0.010440738871693611, 0.041070878540868584, 0.5662932395935059, -0.028484102338552475, -0.8237114548683167, 2.27081613992043, 0.0, 0.0, 0.0, 1.0, 4.2647, 0.0, 0.5, 0.0, 4.2647, 0.5, 0.0, 0.0, 1.0]], ["7_0_mirror.png", [0.8216069340705872, 0.05976315587759018, -0.5669130682945251, 1.4600367261177918, 0.06537561118602753, -0.9978060722351074, -0.010440738871693611, 0.041070878540868584, -0.5662932395935059, -0.028484102338552475, -0.8237114548683167, 2.27081613992043, 0.0, 0.0, 0.0, 1.0, 4.2647, 0.0, 0.5, 0.0, 4.2647, 0.5, 0.0, 0.0, 1.0]], ["7_1.png", [0.9655222296714783, 0.03838401660323143, 0.2574751675128937, -0.6589346768969603, 0.0559539869427681, -0.9965521693229675, -0.061260830610990524, 0.15305319964439495, 0.25423601269721985, 0.07355545461177826, -0.9643410444259644, 2.613882133850207, 0.0, 0.0, 0.0, 1.0, 4.2647, 0.0, 0.5, 0.0, 4.2647, 0.5, 0.0, 0.0, 1.0]], ["7_1_mirror.png", [0.9655222296714783, -0.03838401660323143, -0.2574751675128937, 0.6589346768969603, -0.0559539869427681, -0.9965521693229675, -0.061260830610990524, 0.15305319964439495, -0.25423601269721985, 0.07355545461177826, -0.9643410444259644, 2.613882133850207, 0.0, 0.0, 0.0, 1.0, 4.2647, 0.0, 0.5, 0.0, 4.2647, 0.5, 0.0, 0.0, 1.0]], ["7_10.png", [0.9862699508666992, -0.06109694764018059, -0.153423473238945, 0.3863346112864282, -0.08052662014961243, -0.9890342354774475, -0.12380125373601913, 0.31242879960824305, -0.14417718350887299, 0.13445612788200378, -0.9803746938705444, 2.6538903167421064, 0.0, 0.0, 0.0, 1.0, 4.2647, 0.0, 0.5, 0.0, 4.2647, 0.5, 0.0, 0.0, 1.0]], ["7_10_mirror.png", [0.9862699508666992, 0.06109694764018059, 0.153423473238945, -0.3863346112864282, 0.08052662014961243, -0.9890342354774475, -0.12380125373601913, 0.31242879960824305, 0.14417718350887299, 0.13445612788200378, -0.9803746938705444, 2.6538903167421064, 0.0, 0.0, 0.0, 1.0, 4.2647, 0.0, 0.5, 0.0, 4.2647, 0.5, 0.0, 0.0, 1.0]], ["7_11.png", [0.9818195104598999, 0.00664338655769825, 0.189700648188591, -0.4845005438828883, 0.021943606436252594, -0.9966592788696289, -0.078668512403965, 0.1962775309905589, 0.18854428827762604, 0.08140099793672562, -0.9786852598190308, 2.648911918846196, 0.0, 0.0, 0.0, 1.0, 4.2647, 0.0, 0.5, 0.0, 4.2647, 0.5, 0.0, 0.0, 1.0]], ["7_11_mirror.png", [0.9818195104598999, -0.00664338655769825, -0.189700648188591, 0.4845005438828883, -0.021943606436252594, -0.9966592788696289, -0.078668512403965, 0.1962775309905589, -0.18854428827762604, 0.08140099793672562, -0.9786852598190308, 2.648911918846196, 0.0, 0.0, 0.0, 1.0, 4.2647, 0.0, 0.5, 0.0, 4.2647, 0.5, 0.0, 0.0, 1.0]], ["7_12.png", [0.9829242825508118, 0.14091451466083527, 0.11833399534225464, -0.3008626728460915, 0.15215787291526794, -0.9840615391731262, -0.09203706681728363, 0.23539551417565666, 0.1034785732626915, 0.10847090929746628, -0.9886992573738098, 2.6728394272746514, 0.0, 0.0, 0.0, 1.0, 4.2647, 0.0, 0.5, 0.0, 4.2647, 0.5, 0.0, 0.0, 1.0]], ["7_12_mirror.png", [0.9829242825508118, -0.14091451466083527, -0.11833399534225464, 0.3008626728460915, -0.15215787291526794, -0.9840615391731262, -0.09203706681728363, 0.23539551417565666, -0.1034785732626915, 0.10847090929746628, -0.9886992573738098, 2.6728394272746514, 0.0, 0.0, 0.0, 1.0, 4.2647, 0.0, 0.5, 0.0, 4.2647, 0.5, 0.0, 0.0, 1.0]], ["7_13.png", [0.8946767449378967, -0.04709358140826225, 0.4442248046398163, -1.1332458485697796, -0.08203108608722687, -0.9948373436927795, 0.05974644050002098, -0.1471384699979508, 0.4391177296638489, -0.08989399671554565, -0.8939208984375, 2.4462428573929498, 0.0, 0.0, 0.0, 1.0, 4.2647, 0.0, 0.5, 0.0, 4.2647, 0.5, 0.0, 0.0, 1.0]], ["7_13_mirror.png", [0.8946767449378967, 0.04709358140826225, -0.4442248046398163, 1.1332458485697796, 0.08203108608722687, -0.9948373436927795, 0.05974644050002098, -0.1471384699979508, -0.4391177296638489, -0.08989399671554565, -0.8939208984375, 2.4462428573929498, 0.0, 0.0, 0.0, 1.0, 4.2647, 0.0, 0.5, 0.0, 4.2647, 0.5, 0.0, 0.0, 1.0]], ["7_14.png", [0.9557950496673584, 0.031181007623672485, -0.29237568378448486, 0.7409088365231958, 0.0197158120572567, -0.9989197254180908, -0.04207959026098251, 0.10126472333650434, -0.29337191581726074, 0.034455038607120514, -0.9553772807121277, 2.594378451916649, 0.0, 0.0, 0.0, 1.0, 4.2647, 0.0, 0.5, 0.0, 4.2647, 0.5, 0.0, 0.0, 1.0]], ["7_14_mirror.png", [0.9557950496673584, -0.031181007623672485, 0.29237568378448486, -0.7409088365231958, -0.0197158120572567, -0.9989197254180908, -0.04207959026098251, 0.10126472333650434, 0.29337191581726074, 0.034455038607120514, -0.9553772807121277, 2.594378451916649, 0.0, 0.0, 0.0, 1.0, 4.2647, 0.0, 0.5, 0.0, 4.2647, 0.5, 0.0, 0.0, 1.0]], ["7_15.png", [0.9722782969474792, -0.011549749411642551, -0.2335413098335266, 0.5928086623993402, -0.04044171795248985, -0.9920334815979004, -0.11930593848228455, 0.2979862049904804, -0.2303028553724289, 0.12544338405132294, -0.964999794960022, 2.6172088398558637, 0.0, 0.0, 0.0, 1.0, 4.2647, 0.0, 0.5, 0.0, 4.2647, 0.5, 0.0, 0.0, 1.0]], ["7_15_mirror.png", [0.9722782969474792, 0.011549749411642551, 0.2335413098335266, -0.5928086623993402, 0.04044171795248985, -0.9920334815979004, -0.11930593848228455, 0.2979862049904804, 0.2303028553724289, 0.12544338405132294, -0.964999794960022, 2.6172088398558637, 0.0, 0.0, 0.0, 1.0, 4.2647, 0.0, 0.5, 0.0, 4.2647, 0.5, 0.0, 0.0, 1.0]], ["7_16.png", [0.9930697083473206, 0.07709643989801407, 0.0887053981423378, -0.22748915024795907, 0.08515813946723938, -0.992202639579773, -0.09100551158189774, 0.2250106244192868, 0.0809975266456604, 0.09792879968881607, -0.9918918609619141, 2.680973499573971, 0.0, 0.0, 0.0, 1.0, 4.2647, 0.0, 0.5, 0.0, 4.2647, 0.5, 0.0, 0.0, 1.0]], ["7_16_mirror.png", [0.9930697083473206, -0.07709643989801407, -0.0887053981423378, 0.22748915024795907, -0.08515813946723938, -0.992202639579773, -0.09100551158189774, 0.2250106244192868, -0.0809975266456604, 0.09792879968881607, -0.9918918609619141, 2.680973499573971, 0.0, 0.0, 0.0, 1.0, 4.2647, 0.0, 0.5, 0.0, 4.2647, 0.5, 0.0, 0.0, 1.0]], ["7_17.png", [0.9612225890159607, 0.006820404902100563, -0.27568942308425903, 0.7004259071002592, -0.025774464011192322, -0.9930964112281799, -0.11443427205085754, 0.28415296392670275, -0.274566650390625, 0.11710254848003387, -0.9544109106063843, 2.5920379321596454, 0.0, 0.0, 0.0, 1.0, 4.2647, 0.0, 0.5, 0.0, 4.2647, 0.5, 0.0, 0.0, 1.0]], ["7_17_mirror.png", [0.9612225890159607, -0.006820404902100563, 0.27568942308425903, -0.7004259071002592, 0.025774464011192322, -0.9930964112281799, -0.11443427205085754, 0.28415296392670275, 0.274566650390625, 0.11710254848003387, -0.9544109106063843, 2.5920379321596454, 0.0, 0.0, 0.0, 1.0, 4.2647, 0.0, 0.5, 0.0, 4.2647, 0.5, 0.0, 0.0, 1.0]], ["7_18.png", [0.9514015316963196, 0.019392188638448715, 0.307341992855072, -0.7820990650813393, 0.06033727526664734, -0.9904100298881531, -0.12428745627403259, 0.31238719865286546, 0.30198436975479126, 0.13679145276546478, -0.9434476494789124, 2.565294386716018, 0.0, 0.0, 0.0, 1.0, 4.2647, 0.0, 0.5, 0.0, 4.2647, 0.5, 0.0, 0.0, 1.0]], ["7_18_mirror.png", [0.9514015316963196, -0.019392188638448715, -0.307341992855072, 0.7820990650813393, -0.06033727526664734, -0.9904100298881531, -0.12428745627403259, 0.31238719865286546, -0.30198436975479126, 0.13679145276546478, -0.9434476494789124, 2.565294386716018, 0.0, 0.0, 0.0, 1.0, 4.2647, 0.0, 0.5, 0.0, 4.2647, 0.5, 0.0, 0.0, 1.0]], ["7_19.png", [0.999634325504303, -0.019595570862293243, -0.018632492050528526, 0.04375113728200612, -0.020655984058976173, -0.9980716109275818, -0.05853468179702759, 0.1458075415965666, -0.01744953915476799, 0.05889815464615822, -0.9981114268302917, 2.6957051023433736, 0.0, 0.0, 0.0, 1.0, 4.2647, 0.0, 0.5, 0.0, 4.2647, 0.5, 0.0, 0.0, 1.0]], ["7_19_mirror.png", [0.999634325504303, 0.019595570862293243, 0.018632492050528526, -0.04375113728200612, 0.020655984058976173, -0.9980716109275818, -0.05853468179702759, 0.1458075415965666, 0.01744953915476799, 0.05889815464615822, -0.9981114268302917, 2.6957051023433736, 0.0, 0.0, 0.0, 1.0, 4.2647, 0.0, 0.5, 0.0, 4.2647, 0.5, 0.0, 0.0, 1.0]], ["7_2.png", [0.9844962954521179, -0.08012807369232178, 0.15603391826152802, -0.40107605079936237, -0.05555363744497299, -0.9862046837806702, -0.15592974424362183, 0.394058206470138, 0.16637572646141052, 0.14484399557113647, -0.9753662943840027, 2.6408059624646274, 0.0, 0.0, 0.0, 1.0, 4.2647, 0.0, 0.5, 0.0, 4.2647, 0.5, 0.0, 0.0, 1.0]], ["7_2_mirror.png", [0.9844962954521179, 0.08012807369232178, -0.15603391826152802, 0.40107605079936237, 0.05555363744497299, -0.9862046837806702, -0.15592974424362183, 0.394058206470138, -0.16637572646141052, 0.14484399557113647, -0.9753662943840027, 2.6408059624646274, 0.0, 0.0, 0.0, 1.0, 4.2647, 0.0, 0.5, 0.0, 4.2647, 0.5, 0.0, 0.0, 1.0]], ["7_3.png", [0.9805195927619934, 0.048564132302999496, 0.19032271206378937, -0.4878749542150014, 0.052947282791137695, -0.998434841632843, -0.01801007054746151, 0.04470124404151512, 0.18915019929409027, 0.027736296877264977, -0.9815564155578613, 2.6551798108284217, 0.0, 0.0, 0.0, 1.0, 4.2647, 0.0, 0.5, 0.0, 4.2647, 0.5, 0.0, 0.0, 1.0]], ["7_3_mirror.png", [0.9805195927619934, -0.048564132302999496, -0.19032271206378937, 0.4878749542150014, -0.052947282791137695, -0.998434841632843, -0.01801007054746151, 0.04470124404151512, -0.18915019929409027, 0.027736296877264977, -0.9815564155578613, 2.6551798108284217, 0.0, 0.0, 0.0, 1.0, 4.2647, 0.0, 0.5, 0.0, 4.2647, 0.5, 0.0, 0.0, 1.0]], ["7_4.png", [0.9969249367713928, 0.062202900648117065, -0.047659602016210556, 0.12059835172511682, 0.051677506417036057, -0.9790685772895813, -0.19686084985733032, 0.4963280928002084, -0.05890733003616333, 0.19379256665706635, -0.9792723655700684, 2.651247717935556, 0.0, 0.0, 0.0, 1.0, 4.2647, 0.0, 0.5, 0.0, 4.2647, 0.5, 0.0, 0.0, 1.0]], ["7_4_mirror.png", [0.9969249367713928, -0.062202900648117065, 0.047659602016210556, -0.12059835172511682, -0.051677506417036057, -0.9790685772895813, -0.19686084985733032, 0.4963280928002084, 0.05890733003616333, 0.19379256665706635, -0.9792723655700684, 2.651247717935556, 0.0, 0.0, 0.0, 1.0, 4.2647, 0.0, 0.5, 0.0, 4.2647, 0.5, 0.0, 0.0, 1.0]], ["7_5.png", [0.9749965667724609, -0.12251773476600647, 0.18539434671401978, -0.4723400684020403, -0.08667812496423721, -0.9778755307197571, -0.19038455188274384, 0.4898569152328471, 0.20461806654930115, 0.16955465078353882, -0.964044988155365, 2.6128404203817186, 0.0, 0.0, 0.0, 1.0, 4.2647, 0.0, 0.5, 0.0, 4.2647, 0.5, 0.0, 0.0, 1.0]], ["7_5_mirror.png", [0.9749965667724609, 0.12251773476600647, -0.18539434671401978, 0.4723400684020403, 0.08667812496423721, -0.9778755307197571, -0.19038455188274384, 0.4898569152328471, -0.20461806654930115, 0.16955465078353882, -0.964044988155365, 2.6128404203817186, 0.0, 0.0, 0.0, 1.0, 4.2647, 0.0, 0.5, 0.0, 4.2647, 0.5, 0.0, 0.0, 1.0]], ["7_6.png", [0.8840566873550415, 0.047225650399923325, 0.46498754620552063, -1.1923553810759056, 0.0033288560807704926, -0.9954929351806641, 0.09477654099464417, -0.23989099274909123, 0.4673677384853363, -0.08223995566368103, -0.8802294731140137, 2.410547854081555, 0.0, 0.0, 0.0, 1.0, 4.2647, 0.0, 0.5, 0.0, 4.2647, 0.5, 0.0, 0.0, 1.0]], ["7_6_mirror.png", [0.8840566873550415, -0.047225650399923325, -0.46498754620552063, 1.1923553810759056, -0.0033288560807704926, -0.9954929351806641, 0.09477654099464417, -0.23989099274909123, -0.4673677384853363, -0.08223995566368103, -0.8802294731140137, 2.410547854081555, 0.0, 0.0, 0.0, 1.0, 4.2647, 0.0, 0.5, 0.0, 4.2647, 0.5, 0.0, 0.0, 1.0]], ["7_7.png", [0.891944408416748, 0.07728035748004913, 0.445491760969162, -1.14640370508017, 0.10138364136219025, -0.9943801164627075, -0.030488820746541023, 0.08128986402421477, 0.4406319856643677, 0.07235991954803467, -0.8947667479515076, 2.4431845003980732, 0.0, 0.0, 0.0, 1.0, 4.2647, 0.0, 0.5, 0.0, 4.2647, 0.5, 0.0, 0.0, 1.0]], ["7_7_mirror.png", [0.891944408416748, -0.07728035748004913, -0.445491760969162, 1.14640370508017, -0.10138364136219025, -0.9943801164627075, -0.030488820746541023, 0.08128986402421477, -0.4406319856643677, 0.07235991954803467, -0.8947667479515076, 2.4431845003980732, 0.0, 0.0, 0.0, 1.0, 4.2647, 0.0, 0.5, 0.0, 4.2647, 0.5, 0.0, 0.0, 1.0]], ["7_8.png", [0.9346812963485718, 0.0023300652392208576, 0.35547906160354614, -0.9084140333848383, 0.04208482429385185, -0.9936714768409729, -0.10414278507232666, 0.26501627032898295, 0.35298675298690796, 0.11230059713125229, -0.9288642406463623, 2.528744811247352, 0.0, 0.0, 0.0, 1.0, 4.2647, 0.0, 0.5, 0.0, 4.2647, 0.5, 0.0, 0.0, 1.0]], ["7_8_mirror.png", [0.9346812963485718, -0.0023300652392208576