{"labels": [["3_17.png", [0.9555165767669678, 0.04835612699389458, -0.2909463047981262, 0.7365918434996993, 0.0013319477438926697, -0.9871653914451599, -0.15969544649124146, 0.40265263658992917, -0.29493436217308044, 0.15220412611961365, -0.9433172941207886, 2.566184582281036, 0.0, 0.0, 0.0, 1.0, 4.2647, 0.0, 0.5, 0.0, 4.2647, 0.5, 0.0, 0.0, 1.0]], ["3_4.png", [0.9319570064544678, -0.2419986128807068, -0.2699867784976959, 0.6825070211728388, -0.24755211174488068, -0.9687758684158325, 0.013832167722284794, -0.03748317755875312, -0.2649040222167969, 0.05394480377435684, -0.9627646803855896, 2.612045018266316, 0.0, 0.0, 0.0, 1.0, 4.2647, 0.0, 0.5, 0.0, 4.2647, 0.5, 0.0, 0.0, 1.0]], ["3_0.png", [0.9781361222267151, 0.16381162405014038, 0.12812277674674988, -0.32633186657762875, 0.18196792900562286, -0.9724164009094238, -0.14592477679252625, 0.3756960221378373, 0.1006845161318779, 0.1660485416650772, -0.9809640645980835, 2.6537445264768365, 0.0, 0.0, 0.0, 1.0, 4.2647, 0.0, 0.5, 0.0, 4.2647, 0.5, 0.0, 0.0, 1.0]]]}