{"labels": [["2_15.png", [0.8436542749404907, 0.04310838133096695, -0.5351533889770508, 1.3650701489707269, -0.015667319297790527, -0.9943700432777405, -0.10479889065027237, 0.26409882214648583, -0.5366582274436951, 0.09679845720529556, -0.8382291197776794, 2.314483808655804, 0.0, 0.0, 0.0, 1.0, 4.2647, 0.0, 0.5, 0.0, 4.2647, 0.5, 0.0, 0.0, 1.0]], ["7_13.png", [0.9619908928871155, -0.14943991601467133, -0.22856368124485016, 0.5785459072838763, -0.20413486659526825, -0.9494738578796387, -0.238386869430542, 0.6126341748542197, -0.18139074742794037, 0.2759838104248047, -0.9438910484313965, 2.565144050724202, 0.0, 0.0, 0.0, 1.0, 4.2647, 0.0, 0.5, 0.0, 4.2647, 0.5, 0.0, 0.0, 1.0]], ["8_2.png", [0.9982499480247498, 0.005790482275187969, 0.0588517002761364, -0.15119759676877748, 0.011442679911851883, -0.995299756526947, -0.0961635485291481, 0.24305244525474448, 0.05801825225353241, 0.09666868299245834, -0.993624210357666, 2.6847839383434633, 0.0, 0.0, 0.0, 1.0, 4.2647, 0.0, 0.5, 0.0, 4.2647, 0.5, 0.0, 0.0, 1.0]]]}