{"labels": [["2_15.png", [0.9970424771308899, -0.06056054309010506, -0.04731563478708267, 0.11660895866854869, -0.06013044714927673, -0.9981357455253601, 0.010462408885359764, -0.02935030123385272, -0.04786103591322899, -0.007586355321109295, -0.998825192451477, 2.6973210618270347, 0.0, 0.0, 0.0, 1.0, 4.2647, 0.0, 0.5, 0.0, 4.2647, 0.5, 0.0, 0.0, 1.0]], ["3_16.png", [0.9626962542533875, -0.08754593878984451, -0.256030410528183, 0.645740023455403, -0.13170601427555084, -0.9781672358512878, -0.16075557470321655, 0.4118067228972239, -0.23636707663536072, 0.18847954273223877, -0.953208327293396, 2.589099272929577, 0.0, 0.0, 0.0, 1.0, 4.2647, 0.0, 0.5, 0.0, 4.2647, 0.5, 0.0, 0.0, 1.0]], ["3_12.png", [0.9256836175918579, -0.02333133853971958, -0.3775785565376282, 0.961483011545077, -0.0062744878232479095, -0.9989059567451477, 0.046341672539711, -0.12378517014337258, -0.3782466948032379, -0.04052861034870148, -0.9248172044754028, 2.519965803371702, 0.0, 0.0, 0.0, 1.0, 4.2647, 0.0, 0.5, 0.0, 4.2647, 0.5, 0.0, 0.0, 1.0]]]}