{"labels": [["3_16.png", [0.9885170459747314, -0.1202041283249855, 0.0915689691901207, -0.23529554386833385, -0.1166338324546814, -0.9922257661819458, -0.04341098666191101, 0.1167918156833127, 0.09607526659965515, 0.032232463359832764, -0.9948520064353943, 2.68719103876615, 0.0, 0.0, 0.0, 1.0, 4.2647, 0.0, 0.5, 0.0, 4.2647, 0.5, 0.0, 0.0, 1.0]], ["3_11.png", [0.9964967966079712, -0.057490743696689606, 0.06073600798845291, -0.15614479531636274, -0.05424782633781433, -0.9970793128013611, -0.053757987916469574, 0.13906567936452194, 0.06364920735359192, 0.050274867564439774, -0.996705174446106, 2.6918914427811713, 0.0, 0.0, 0.0, 1.0, 4.2647, 0.0, 0.5, 0.0, 4.2647, 0.5, 0.0, 0.0, 1.0]], ["2_8.png", [0.9852165579795837, 0.06828977167606354, 0.15711446106433868, -0.4000903489457404, 0.08389423787593842, -0.9919428825378418, -0.09492720663547516, 0.25076475471514414, 0.14936600625514984, 0.10670485347509384, -0.9830076098442078, 2.658391383990162, 0.0, 0.0, 0.0, 1.0, 4.2647, 0.0, 0.5, 0.0, 4.2647, 0.5, 0.0, 0.0, 1.0]]]}