{"labels": [["0_19.png", [0.9966303110122681, 0.011080602183938026, -0.08127214014530182, 0.20536511698060925, 0.009092493914067745, -0.9996512532234192, -0.024791806936264038, 0.07714700933755506, -0.0815185084939003, 0.023969300091266632, -0.996383547782898, 2.691072928717803, 0.0, 0.0, 0.0, 1.0, 4.2647, 0.0, 0.5, 0.0, 4.2647, 0.5, 0.0, 0.0, 1.0]], ["1_10.png", [0.7867895364761353, 0.16744117438793182, -0.5940754413604736, 1.5323134646682957, 0.1660667061805725, -0.9844351410865784, -0.057527076452970505, 0.15251222737853534, -0.5944610834121704, -0.05339445173740387, -0.8023496866226196, 2.217826744021336, 0.0, 0.0, 0.0, 1.0, 4.2647, 0.0, 0.5, 0.0, 4.2647, 0.5, 0.0, 0.0, 1.0]], ["1_19.png", [0.8762990832328796, 0.061440546065568924, -0.47783368825912476, 1.222941593192974, -0.00822485238313675, -0.9897820353507996, -0.1423511505126953, 0.37525839387682547, -0.48169735074043274, 0.1286722868680954, -0.8668397068977356, 2.377728957947818, 0.0, 0.0, 0.0, 1.0, 4.2647, 0.0, 0.5, 0.0, 4.2647, 0.5, 0.0, 0.0, 1.0]]]}